Year DOY_disc DOY TA_C PAR_umol_m2_day
2021 349 1 7.39331970214846 197.71650782156
2021 350 2 9.87574157714846 129.310435757697
2021 351 3 7.53840789794924 195.814226662636
2021 352 4 6.09157333374026 197.479278922319
2021 353 5 5.19946441650393 197.188346772909
2021 354 6 5.68134078979494 197.810503944874
2021 355 7 6.16541824340823 182.314737815261
2021 356 8 8.50655899047854 105.279015619993
2021 357 9 11.8706832885742 63.0304443483353
2021 358 10 11.7225929260254 122.560695366144
2021 359 11 10.5859466552735 137.886375078678
2021 360 12 7.66948089599612 149.770042522788
2021 361 13 8.78752288818362 132.067623222828
2021 362 14 6.2476631164551 146.614493034124
2021 363 15 7.3979202270508 107.499090129733
2021 364 16 7.38711318969729 163.359052075624
2021 365 17 6.22284469604494 183.764943935156
2022 1 18 5.90920791625979 226.225916990757
2022 2 19 4.02596817016604 254.924388938427
2022 3 20 7.39944229125979 195.69732423234
2022 4 21 11.6558471679688 70.1587522566319
2022 5 22 12.2621398925781 120.239714031696
2022 6 23 12.5039764404297 122.795634390712
2022 7 24 11.9984489440918 125.004235208273
2022 8 25 9.57793579101565 169.683910965681
2022 9 26 7.87459716796877 233.800177771091
2022 10 27 8.95990142822268 221.345616837502
2022 11 28 9.22682342529299 237.429233852386
2022 12 29 8.53209075927737 246.962739274979
2022 13 30 9.92802581787112 253.802280542374
2022 14 31 9.65260467529299 237.518290106297
2022 15 32 8.50395736694338 233.987194745064
2022 16 33 10.1846252441406 235.060334373474
2022 17 34 9.65564117431643 239.05450884819
2022 18 35 9.40227661132815 251.838579886913
2022 19 36 8.86073455810549 244.228695697784
2022 20 37 8.69297180175784 264.248609921455
2022 21 38 10.7725044250489 286.846717135906
2022 22 39 13.0566345214844 299.198860328197
2022 23 40 9.04367599487307 300.418943556786
2022 24 41 8.53776321411135 298.205876015663
2022 25 42 8.55880508422854 288.391849920273
2022 26 43 8.41573104858401 301.505429552078
2022 27 44 9.06311187744143 308.950548104286
2022 28 45 9.2381530761719 308.380588684082
2022 29 46 8.81318817138674 301.639007128715
2022 30 47 8.10307464599612 323.800722923279
2022 31 48 9.06290969848635 308.206927653313
2022 32 49 9.3452087402344 320.389861291885
2022 33 50 10.8378692626953 343.918618027687
2022 34 51 8.97082672119143 340.877327778816
2022 35 52 8.29390487670901 340.627972485542
2022 36 53 9.23309478759768 304.751531090736
2022 37 54 8.47482070922854 338.049775966644
2022 38 55 9.57610473632815 351.662085337639
2022 39 56 10.2671981811524 354.44064066124
2022 40 57 11.3272033691406 357.824786374092
2022 41 58 12.5575958251953 361.3380632267
2022 42 59 13.4880805969239 364.682147662163
2022 43 60 13.9650627136231 360.015591489792
2022 44 61 14.2325950622559 366.302970172882
2022 45 62 13.5939193725586 368.035122955322
2022 46 63 11.2154937744141 379.781678782463
2022 47 64 11.8804718017578 394.516084291663
2022 48 65 13.7819190979004 399.601217407431
2022 49 66 10.3724266052246 400.122204208989
2022 50 67 11.3638282775879 399.209379264154
2022 51 68 11.6436973571778 352.864338685721
2022 52 69 9.87865219116213 353.901850065988
2022 53 70 9.8266426086426 410.385968693607
2022 54 71 6.30462799072268 410.871329267025
2022 55 72 5.9891410827637 436.688819644511
2022 56 73 6.44325408935549 440.202108310014
2022 57 74 7.56255493164065 442.900526698604
2022 58 75 11.7189765930176 403.22582491371
2022 59 76 12.2352272033692 443.960291561931
2022 60 77 13.7108894348145 430.129809130251
2022 61 78 13.4121910095215 383.873827711701
2022 62 79 13.276815032959 345.312345276475
2022 63 80 13.0677658081055 273.12755341506
2022 64 81 8.98984680175784 367.549773856163
2022 65 82 8.12878189086916 427.24438187921
2022 66 83 10.0812202453614 491.761402331233
2022 67 84 12.2744842529297 491.102370906591
2022 68 85 12.9592948913574 487.486680974841
2022 69 86 12.8415199279785 505.124330578089
2022 70 87 11.8171249389649 515.383636682987
2022 71 88 11.9539352416992 509.149685426831
2022 72 89 14.0848670959473 396.025599057853
2022 73 90 12.0609870910645 472.480653301358
2022 74 91 15.2816711425781 264.012617942631
2022 75 92 13.9385581970215 416.214716850042
2022 76 93 13.3603874206543 456.009639465094
2022 77 94 12.3271003723145 527.87382606554
2022 78 95 14.1603523254395 325.261255718946
2022 79 96 12.4390045166016 459.571914066315
2022 80 97 13.7205978393555 539.687182777405
2022 81 98 19.0295234680176 539.47344534874
2022 82 99 17.7309204101563 539.32648914814
2022 83 100 16.4402290344239 540.38628694582
2022 84 101 15.0720153808594 549.98212967968
2022 85 102 15.1323181152344 566.123613880157
2022 86 103 15.9901596069336 484.930759103775
2022 87 104 14.9188285827637 301.095763501048
2022 88 105 13.1881729125977 375.266510631084
2022 89 106 13.3100028991699 491.422968733311
2022 90 107 12.6897445678711 522.623950497627
2022 91 108 13.8784538269043 586.174707091808
2022 92 109 15.4599472045899 587.497197981358
2022 93 110 17.2274299621582 614.138453982353
2022 94 111 15.4186683654785 555.2631701231
2022 95 112 16.013631439209 579.188231800556
2022 96 113 17.1434532165528 619.392809756279
2022 97 114 19.4445777893067 619.450700126648
2022 98 115 21.3340850830078 618.631371300697
2022 99 116 18.8125778198242 626.361484179497
2022 100 117 17.2810646057129 636.549543214798
2022 101 118 13.7054229736328 380.774670655251
2022 102 119 11.1863494873047 640.846517924309
2022 103 120 11.0068489074707 613.572951079369
2022 104 121 13.2476707458496 361.79225249052
2022 105 122 14.1563011169434 345.485995596886
2022 106 123 15.2138763427735 377.065455225945
2022 107 124 12.5780349731446 611.93429947567
2022 108 125 12.9255004882813 669.447041248322
2022 109 126 15.8045822143555 408.306505323887
2022 110 127 14.4519592285156 636.47385600853
2022 111 128 15.6139617919922 545.070652554512
2022 112 129 13.4292007446289 447.794175723076
2022 113 130 14.4841361999512 629.527446026802
2022 114 131 16.5796562194824 683.4289088974
2022 115 132 17.3949981689453 655.621005537033
2022 116 133 17.4696708679199 660.122825809479
2022 117 134 15.1588302612305 662.407116983414
2022 118 135 14.6359153747559 692.494870121002
2022 119 136 15.044694519043 700.866189237595
2022 120 137 17.935319519043 679.715256103516
2022 121 138 15.9676986694336 683.874193695068
2022 122 139 17.3591781616211 678.143398832321
2022 123 140 16.9425025939942 693.514578920364
2022 124 141 19.6273208618164 710.435310508728
2022 125 142 19.4004608154297 612.473111660957
2022 126 143 18.4600578308106 555.650576646805
2022 127 144 17.0616966247559 647.490144807816
2022 128 145 14.8099494934082 661.396323234558
2022 129 146 12.4715896606446 656.418051776886
2022 130 147 12.2242904663086 691.448476652145
2022 131 148 13.0576454162598 687.106945842743
2022 132 149 14.8945404052735 698.42603320333
2022 133 150 17.1189628601074 709.21079277822
2022 134 151 20.7328506469727 700.078056051869
2022 135 152 21.8284660339356 697.535472357411
2022 136 153 18.6551414489746 714.723398754939
2022 137 154 17.7861763000489 718.851167964524
2022 138 155 21.4346633911133 736.733731104039
2022 139 156 26.0974212646485 725.592743831981
2022 140 157 22.0071578979492 742.010315396439
2022 141 158 20.7213188171387 755.44895099055
2022 142 159 20.8127914428711 743.052280954972
2022 143 160 22.1846405029297 737.058778399616
2022 144 161 24.1285835266114 740.785793712549
2022 145 162 27.1193824768067 736.693653847739
2022 146 163 23.7293106079102 696.64045888859
2022 147 164 17.5854240417481 598.98103402736
2022 148 165 18.4058204650879 669.954659766137
2022 149 166 18.8955474853516 669.4292153842
2022 150 167 19.3187042236328 761.98125323315
2022 151 168 20.177751159668 765.08486890164
2022 152 169 22.1512504577637 755.992196799666
2022 153 170 22.3546272277832 700.518861600369
2022 154 171 20.6160865783692 678.976090972722
2022 155 172 18.9979530334473 365.795343590796
2022 156 173 21.5427261352539 349.676114397243
2022 157 174 21.1796813964844 616.952647173732
2022 158 175 22.0342765808106 749.544512115478
2022 159 176 21.9523178100586 668.302658802956
2022 160 177 22.8415275573731 701.997209187537
2022 161 178 27.1869674682617 735.901042121619
2022 162 179 27.665975189209 732.743983259916
2022 163 180 24.6903549194336 623.115357849509
2022 164 181 20.1536766052246 636.157701216578
2022 165 182 22.630258178711 772.320721190393
2022 166 183 24.0387321472168 765.133849797189
2022 167 184 21.4652267456055 757.693181083977
2022 168 185 17.5483947753906 751.802082645714
2022 169 186 17.2049690246582 732.347688461602
2022 170 187 19.6517997741699 760.4494753052
2022 171 188 22.9678054809571 751.46812522167
2022 172 189 25.877645111084 764.225481853902
2022 173 190 28.8322235107422 763.383898729801
2022 174 191 26.8069282531739 696.408907329947
2022 175 192 26.2433219909668 749.455452774465
2022 176 193 24.4839416503906 753.975059550464
2022 177 194 23.6435066223145 755.235236817539
2022 178 195 22.8109642028809 761.063968207538
2022 179 196 23.2986770629883 762.15491279912
2022 180 197 21.9377494812012 757.755512095034
2022 181 198 19.4605651855469 753.992884989321
2022 182 199 18.8285652160645 758.663898371935
2022 183 200 18.4950653076172 738.706328641772
2022 184 201 17.1270614624024 697.317298048496
2022 185 202 18.8917060852051 640.05837413454
2022 186 203 23.2130714416504 581.855462018609
2022 187 204 21.6858039855957 587.074183106363
2022 188 205 19.9644599914551 720.939542039573
2022 189 206 21.8124824523926 743.399611380041
2022 190 207 21.5917030334473 738.505948227346
2022 191 208 22.2985702514649 744.588491679847
2022 192 209 25.9341140747071 745.795218335211
2022 193 210 24.2639671325684 723.722553124368
2022 194 211 21.7477279663086 705.546099715114
2022 195 212 22.0197082519531 735.335521924555
2022 196 213 22.0486503601074 741.529420912623
2022 197 214 23.1466918945313 736.911829286754
2022 198 215 25.220964050293 728.999167480588
2022 199 216 25.2227951049805 717.395086766005
2022 200 217 24.5185447692871 724.261348267585
2022 201 218 22.7636161804199 735.941126867294
2022 202 219 21.9618278503418 732.953283197999
2022 203 220 22.4831253051758 742.397716710657
2022 204 221 21.7343688964844 739.472210478634
2022 205 222 21.024259185791 730.130164277255
2022 206 223 20.652719116211 699.565965939641
2022 207 224 21.6240783691406 696.190724771693
2022 208 225 21.2132698059082 660.679416024536
2022 209 226 21.5819869995117 690.428758055955
2022 210 227 21.1602569580078 682.458206934705
2022 211 228 21.4621902465821 665.724470285326
2022 212 229 20.8154197692871 655.598759767793
2022 213 230 21.891805267334 537.923865780979
2022 214 231 24.8783584594727 583.280370665208
2022 215 232 24.2783294677735 653.051723848134
2022 216 233 25.400464630127 673.049377642762
2022 217 234 22.6231704711914 626.82456823077
2022 218 235 21.6922737121582 655.113372560233
2022 219 236 21.7220245361328 669.883417083062
2022 220 237 21.5686279296875 662.905825573582
2022 221 238 21.9415908813477 653.635043302741
2022 222 239 21.6236740112305 681.313821571555
2022 223 240 22.0166717529297 680.423252641678
2022 224 241 21.5912948608399 684.515424125671
2022 225 242 22.290673828125 687.685820313454
2022 226 243 22.4716011047364 688.117746647835
2022 227 244 23.6851936340332 686.719551415443
2022 228 245 24.8660102844239 678.780172745705
2022 229 246 27.2108474731446 641.447657844543
2022 230 247 24.1249366760254 616.676558982849
2022 231 248 23.2118583679199 660.180712147713
2022 232 249 23.8620658874512 657.753897097588
2022 233 250 24.2773300170899 638.054611193657
2022 234 251 21.9082084655762 644.595809751511
2022 235 252 23.7317367553711 639.243506361961
2022 236 253 24.5444465637207 639.920339536667
2022 237 254 22.7128196716309 617.66955186367
2022 238 255 21.7434783935547 618.546777108192
2022 239 256 22.3752723693848 608.808427130699
2022 240 257 21.1477066040039 600.152131832123
2022 241 258 21.4571243286133 588.436746424675
2022 242 259 22.2291618347168 584.411383385658
2022 243 260 22.1152244567871 603.24239034462
2022 244 261 23.9102340698242 616.217944954872
2022 245 262 24.7055297851563 610.104194037437
2022 246 263 24.3202301025391 603.611974831581
2022 247 264 25.8292785644531 598.615892425537
2022 248 265 28.6883407592774 591.402335354805
2022 249 266 30.6160903930664 591.878779483795
2022 250 267 29.9755989074707 574.681955514908
2022 251 268 28.9673973083496 578.115092676163
2022 252 269 27.4093719482422 579.210478601456
2022 253 270 24.7777763366699 526.560245186329
2022 254 271 23.3840766906739 337.671288273573
2022 255 272 23.3549324035645 460.930003163815
2022 256 273 20.9445320129395 486.008343153
2022 257 274 19.3051506042481 543.396375021935
2022 258 275 19.2082077026367 519.270969156265
2022 259 276 18.9135604858399 525.304537036896
2022 260 277 19.2019401550293 542.287638697624
2022 261 278 18.5201622009278 393.425153532982
2022 262 279 19.008878326416 251.424473069191
2022 263 280 18.9439140319824 424.813120518208
2022 264 281 19.6360183715821 416.936081175804
2022 265 282 19.5239082336426 497.274004382133
2022 266 283 20.296949005127 522.445826901436
2022 267 284 22.6638542175293 523.648094141483
2022 268 285 22.4424530029297 504.474234742641
2022 269 286 21.2962432861328 487.094820580006
2022 270 287 19.3011032104492 499.660714305401
2022 271 288 19.4611717224121 493.560345540047
2022 272 289 20.3157745361328 489.1653929739
2022 273 290 21.1108757019043 488.849259980679
2022 274 291 20.4788833618164 476.488212322235
2022 275 292 18.8206802368164 458.592287713051
2022 276 293 18.8392959594727 468.976273228645
2022 277 294 19.1671310424805 467.613715013504
2022 278 295 19.4059272766114 465.36503162384
2022 279 296 20.0640235900879 461.174907736063
2022 280 297 20.5828987121582 451.659230398416
2022 281 298 20.7941680908203 446.520677037954
2022 282 299 19.7252632141114 440.576142226458
2022 283 300 19.6364189147949 441.929793707371
2022 284 301 18.9281364440918 435.713653273582
2022 285 302 18.4005599975586 419.166941016674
2022 286 303 17.4660278320313 401.480304375172
2022 287 304 16.8415161132813 417.412528832912
2022 288 305 17.5198532104492 393.451870963573
2022 289 306 17.1379867553711 363.3463064996
2022 290 307 15.5761199951172 391.528247966051
2022 291 308 18.0676704406739 357.869316013098
2022 292 309 19.1936431884766 387.05315507853
2022 293 310 19.0730339050293 402.753829143167
2022 294 311 17.7892127990723 396.867170463562
2022 295 312 18.3801246643067 345.134232390642
2022 296 313 15.5585075378418 396.635630150795
2022 297 314 15.017781829834 390.192400503278
2022 298 315 15.5516296386719 369.353162745833
2022 299 316 13.9992691040039 363.479887478352
2022 300 317 13.3166786193848 373.765920464158
2022 301 318 13.5024505615235 353.794975260139
2022 302 319 13.82705078125 326.432348444164
2022 303 320 14.5468727111817 336.135060333371
2022 304 321 13.989144897461 277.393366966188
2022 305 322 13.8885704040528 200.283746257544
2022 306 323 10.9856048583985 241.084997094929
2022 307 324 9.87845382690432 325.604134871721
2022 308 325 10.3107086181641 299.853422918707
2022 309 326 13.3700996398926 163.792819914415
2022 310 327 15.4611717224121 167.57326661554
2022 311 328 13.1699615478516 256.211254151106
2022 312 329 10.7980133056641 109.116542033499
2022 313 330 10.0213218688965 259.029902190149
2022 314 331 9.61476287841799 292.773422665417
2022 315 332 9.25515136718752 299.995914553568
2022 316 333 9.63216552734377 281.601283925489
2022 317 334 10.3588691711426 314.908437346935
2022 318 335 8.6498733520508 311.199238691941
2022 319 336 9.61758956909182 306.479227891475
2022 320 337 9.92762908935549 307.605795462649
2022 321 338 10.0929580688477 281.302942168854
2022 322 339 9.74953994750979 290.275398919886
2022 323 340 10.0905319213867 299.537277529821
2022 324 341 8.87976226806643 296.580592219252
2022 325 342 8.9301582336426 287.198489757027
2022 326 343 9.04166183471682 274.071549645867
2022 327 344 9.60342559814455 277.135096181393
2022 328 345 10.2874313354492 280.203092520475
2022 329 346 10.2372451782227 262.966193917751
2022 330 347 10.3550239562989 261.207330760956
2022 331 348 9.89888534545901 267.842040829897
2022 332 349 9.97355804443362 257.916683454752
2022 333 350 9.04873809814455 260.882275660992
2022 334 351 7.34298095703127 266.893593716621
2022 335 352 9.94583663940432 99.5563235845566
2022 336 353 6.14415512084963 175.138620945156
2022 337 354 7.32517013549807 134.110268293619
2022 338 355 10.370004272461 131.162496076554
2022 339 356 11.254956817627 195.25204686892
2022 340 357 10.2105346679688 188.189861312628
2022 341 358 7.77827224731448 219.462071623921
2022 342 359 7.33225402832034 206.424196964979
2022 343 360 10.4027839660645 124.835027103603
2022 344 361 11.7748390197754 74.5848652881384
2022 345 362 10.8878570556641 137.026872390568
2022 346 363 9.2258125305176 218.068336310863
2022 347 364 6.24472961425784 224.262218603373
2022 348 365 6.35765228271487 232.090294218302
2022 349 366 6.97932968139651 211.166452062011
2022 350 367 5.87136230468752 220.90923902607
2022 351 368 6.35542449951174 235.870747644901
2022 352 369 5.50345764160159 220.147804098606
2022 353 370 4.8006301879883 167.399604923248
2022 354 371 6.21173629760744 190.411825003624
2022 355 372 7.36180267333987 231.33330421567
2022 356 373 7.73334655761721 162.554931706905
2022 357 374 7.64592132568362 137.574569574356
2022 358 375 7.41704711914065 161.383837910652
2022 359 376 9.25150833129885 191.435979483843
2022 360 377 8.64987716674807 141.18135970211
2022 361 378 11.8750053405762 58.8619309401512
2022 362 379 9.1276565551758 173.397570311785
2022 363 380 10.0978103637696 100.04168175602
2022 364 381 12.0300231933594 25.2430805197656
2022 365 382 15.0742393493653 33.6589262827635
2023 1 383 11.3878303527832 170.269535545409
2023 2 384 8.80347595214846 179.258463522673
2023 3 385 8.7186218261719 109.800977414846
2023 4 386 10.7718215942383 75.2278280247451
2023 5 387 13.8360382080078 60.3040703959466
2023 6 388 10.8731399536133 116.549343793392
2023 7 389 12.5337043762207 128.174493295431
2023 8 390 13.4726806640625 152.358357432485
2023 9 391 14.1331420898438 101.389970119357
2023 10 392 12.815633392334 144.254093295813
2023 11 393 10.8350959777832 64.2072771327497
2023 12 394 12.940030670166 165.366078084767
2023 13 395 13.8163810729981 124.542465782642
2023 14 396 13.3066040039063 52.4887695927621
2023 15 397 10.8733573913574 91.0940427782536
2023 16 398 9.6242500305176 140.306436050654
2023 17 399 8.15006790161135 247.084423565388
2023 18 400 6.88172302246096 265.902494931221
2023 19 401 9.44769439697268 198.841169063091
2023 20 402 7.59477005004885 248.804865011692
2023 21 403 6.79002914428713 295.941164385319
2023 22 404 7.33186111450198 295.936734580994
2023 23 405 10.1549736022949 303.200781038284
2023 24 406 8.55276260375979 306.526061612129
2023 25 407 8.10967025756838 307.51741845417
2023 26 408 11.103345489502 310.278112427712
2023 27 409 8.82121810913088 308.482105747223
2023 28 410 8.54057083129885 300.529001689911
2023 29 411 9.1168266296387 261.950394777298
2023 30 412 6.70581207275393 283.453577241898
2023 31 413 5.59242019653323 335.088806855202
2023 32 414 5.71020278930666 317.288765408516
2023 33 415 7.16771087646487 273.259903458595
2023 34 416 10.8438545227051 139.586251124382
2023 35 417 9.57615814208987 148.864143380165
2023 36 418 12.4845443725586 214.440650651455
2023 37 419 8.79898986816409 320.458457988739
2023 38 420 8.32063827514651 335.342199323654
2023 39 421 9.10976943969729 307.023964763641
2023 40 422 9.78583679199221 351.350672462463
2023 41 423 10.1374450683594 330.9366472826
2023 42 424 9.84162673950198 287.463480067253
2023 43 425 8.4063430786133 341.312591712952
2023 44 426 10.6859107971192 378.068518363953
2023 45 427 10.6311851501465 390.111552038193
2023 46 428 8.17207870483401 383.669928062439
2023 47 429 6.1624809265137 361.233169250488
2023 48 430 8.46490631103518 359.41048912374
2023 49 431 8.04533157348635 401.950084293599
2023 50 432 9.57743988037112 403.225944954386
2023 51 433 10.6450820922852 387.679830822824
2023 52 434 12.1515327453614 393.774685680959
2023 53 435 8.29284820556643 391.165147309691
2023 54 436 6.47432861328127 346.585029675081
2023 55 437 7.15787277221682 204.753774881933
2023 56 438 6.87595138549807 240.967329980467
2023 57 439 8.45144424438479 195.71594001691
2023 58 440 7.84334716796877 137.519065172628
2023 59 441 6.7823310852051 99.3761297075451
2023 60 442 7.16193161010744 316.061799230963
2023 61 443 7.72771224975588 460.4981624493
2023 62 444 8.2990432739258 423.230992391109
2023 63 445 10.4135986328125 342.006102963597
2023 64 446 8.44075927734377 315.497208740279
2023 65 447 7.25362930297854 425.747191747129
2023 66 448 8.20072708129885 409.027426303804
2023 67 449 8.8043266296387 334.630915839434
2023 68 450 8.66967544555666 396.175301331401
2023 69 451 11.8646942138672 62.9625189232082
2023 70 452 12.1404205322266 222.909454885185
2023 71 453 13.9756141662598 188.051786802918
2023 72 454 14.8166900634766 289.5351112746
2023 73 455 15.8272682189942 139.057229750425
2023 74 456 11.2491203308106 261.016826368213
2023 75 457 10.9073425292969 455.94145253396
2023 76 458 11.7033210754395 495.933755213976
2023 77 459 13.3617454528809 512.702410798311
2023 78 460 15.1965080261231 227.034934576452
2023 79 461 13.1026893615723 330.292048507214
2023 80 462 11.263013458252 196.898465498686
2023 81 463 11.0813308715821 272.859801001787
2023 82 464 11.8597808837891 384.038902940989
2023 83 465 10.7555900573731 539.700314433098
2023 84 466 9.95853958129885 567.173895335198
2023 85 467 9.74929199218752 582.746714934826
2023 86 468 9.01466140747073 586.738827980519
2023 87 469 11.8884178161621 317.893370696783
2023 88 470 9.00311431884768 230.511364834309
2023 89 471 9.0638137817383 397.340028512478
2023 90 472 10.6538444519043 429.552583235741
2023 91 473 11.6022163391114 524.505388038635
2023 92 474 13.1509948730469 443.702808146
2023 93 475 10.5209022521973 533.125326079845
2023 94 476 8.96956024169924 608.215343416214
2023 95 477 9.65309677124026 610.771538590431
2023 96 478 11.5564781188965 567.614014967918
2023 97 479 14.2118049621582 356.645347570419
2023 98 480 14.2032524108887 309.477914570332
2023 99 481 14.6442008972168 553.414883788109
2023 100 482 16.7767082214356 615.928396331787
2023 101 483 17.250146484375 516.79233058691
2023 102 484 13.0516105651856 595.421005049706
2023 103 485 12.4973655700684 654.142477070809
2023 104 486 12.4638153076172 653.173332252502
2023 105 487 13.2587295532227 646.247139395714
2023 106 488 13.2538047790528 654.080222922325
2023 107 489 13.2225967407227 571.486089338303
2023 108 490 11.9647232055664 592.682549308777
2023 109 491 11.9074378967285 656.427469836235
2023 110 492 13.535302734375 662.891334060669
2023 111 493 16.7551208496094 650.861638689041
2023 112 494 19.2422195434571 646.998425943375
2023 113 495 18.6292129516602 644.415575332642
2023 114 496 16.8684059143067 673.342853805542
2023 115 497 17.5117698669434 685.417011529923
2023 116 498 18.9391304016114 686.67510216713
2023 117 499 20.138444519043 684.652373575211
2023 118 500 20.9581504821778 677.912893770218
2023 119 501 19.9604011535645 650.759411970139
2023 120 502 17.856103515625 663.309222517014
2023 121 503 14.265454864502 542.172060571671
2023 122 504 12.6401496887207 457.608548582077
2023 123 505 12.6172805786133 448.450686937332
2023 124 506 13.4602828979492 421.417194418907
2023 125 507 13.9747634887696 390.987319665909
2023 126 508 14.2395835876465 356.854284742355
2023 127 509 14.2874580383301 521.944744411469
2023 128 510 15.0885711669922 463.129932497025
2023 129 511 15.212964630127 541.829744405747
2023 130 512 14.9776397705078 509.417136816025
2023 131 513 14.9889656066895 685.994917280197
2023 132 514 17.2274948120117 705.542064682007
2023 133 515 19.9727951049805 711.71250956861
2023 134 516 23.4506011962891 709.147432878728
2023 135 517 20.2788749694824 681.629395672078
2023 136 518 20.6546264648438 718.954325254116
2023 137 519 21.3961006164551 717.794044535516
2023 138 520 19.7071166992188 727.556504800148
2023 139 521 19.2048202514649 726.791867251012
2023 140 522 18.2282272338867 713.459623189319
2023 141 523 17.9916206359864 695.819625517137
2023 142 524 20.5969291687012 728.254446808025
2023 143 525 19.599813079834 730.775094081476
2023 144 526 16.7685791015625 736.57209915267
2023 145 527 16.7365280151367 723.920036087528
2023 146 528 16.5911766052246 695.877418383867
2023 147 529 16.8572860717774 697.744565707639
2023 148 530 16.5948043823242 592.277994603142
2023 149 531 17.2326179504395 580.652849385247
2023 150 532 17.2298370361328 701.092065959975
2023 151 533 16.9955802917481 705.555407851532
2023 152 534 17.120622253418 741.635608763158
2023 153 535 17.9777198791504 746.254547216624
2023 154 536 20.095475769043 750.566736998588
2023 155 537 21.8988319396973 753.820896286547
2023 156 538 21.4198280334473 693.85469464311
2023 157 539 18.8972450256348 590.704269051641
2023 158 540 18.4990440368653 456.479373192146
2023 159 541 19.5998207092285 535.846001900941
2023 160 542 19.178311920166 696.65538982153
2023 161 543 17.3559471130371 607.890815328896
2023 162 544 18.5206275939942 626.028718377352
2023 163 545 18.6057029724121 592.793684651971
2023 164 546 19.4365135192871 626.242115626127
2023 165 547 20.246167755127 691.280711390287
2023 166 548 21.0291076660156 727.761012159884
2023 167 549 21.6348510742188 734.020357865334
2023 168 550 21.7440773010254 731.388571941078
2023 169 551 21.7466445922852 739.635108701527
2023 170 552 18.2675567626953 738.866024372935
2023 171 553 17.4623924255371 766.95308831656
2023 172 554 18.6948219299317 773.465841547966
2023 173 555 18.3451477050781 721.394945165038
2023 174 556 18.4733901977539 734.238201078475
2023 175 557 18.1882568359375 744.37407414341
2023 176 558 17.834302520752 730.4816856184
2023 177 559 18.021329498291 744.325160439611
2023 178 560 18.1606842041016 734.224852191508
2023 179 561 18.8209358215332 748.032783616603
2023 180 562 20.5629364013672 744.694163165093
2023 181 563 24.349382019043 748.032757911742
2023 182 564 26.6342903137207 747.908303922594
2023 183 565 29.0983062744141 747.472638161004
2023 184 566 26.2858863830567 738.30587721628
2023 185 567 21.7333885192871 733.611362660766
2023 186 568 20.6336875915528 734.473800491154
2023 187 569 19.5147453308106 723.12871042347
2023 188 570 18.4682632446289 732.548865537703
2023 189 571 18.4473167419434 745.649943660915
2023 190 572 17.1129203796387 730.579484486043
2023 191 573 17.951432800293 749.081912448049
2023 192 574 21.4003807067871 762.996538197637
2023 193 575 22.4746452331543 756.812754198253
2023 194 576 22.4053970336914 747.690461654484
2023 195 577 23.5613151550293 740.66203779465
2023 196 578 24.860440826416 745.543253116548
2023 197 579 27.1030174255371 709.618645033956
2023 198 580 26.8933464050293 689.96037088874
2023 199 581 24.9042526245117 715.037783801884
2023 200 582 21.565389251709 720.305775846899
2023 201 583 22.2910400390625 736.08754326582
2023 202 584 24.7084709167481 735.522953105897
2023 203 585 25.5132080078125 733.944766737282
2023 204 586 26.4049354553223 626.753339471161
2023 205 587 22.8388648986817 716.291430207282
2023 206 588 22.6892486572266 731.984273204207
2023 207 589 23.9702049255371 714.70438400951
2023 208 590 22.2305541992188 717.607330902919
2023 209 591 21.3037620544434 722.124010789916
2023 210 592 22.2846351623535 716.060287926093
2023 211 593 22.4821296691895 717.976315468043
2023 212 594 22.7914100646973 717.767375602767
2023 213 595 22.0584922790528 701.905613176838
2023 214 596 20.1119361877442 677.984013788186
2023 215 597 19.307202911377 700.36297919789
2023 216 598 20.0608573913574 693.721324634798
2023 217 599 22.5556579589844 694.717124617923
2023 218 600 25.3216949462891 695.953001817785
2023 219 601 26.6182571411133 697.015464957116
2023 220 602 24.1001564025879 661.48653271452
2023 221 603 20.8982978820801 641.454823353047
2023 222 604 21.7250534057617 653.204463493743
2023 223 605 21.8838668823242 634.475293009758
2023 224 606 22.8884521484375 636.649163158417
2023 225 607 25.022664642334 648.950043802261
2023 226 608 26.5124526977539 508.176823862076
2023 227 609 26.9563957214356 610.802673728943
2023 228 610 26.6896453857422 631.776836048126
2023 229 611 26.8941970825196 610.758218432427
2023 230 612 24.2425094604492 612.27859441185
2023 231 613 23.7957817077637 626.793351039887
2023 232 614 23.9755493164063 570.508078863144
2023 233 615 26.4902282714844 475.666416837692
2023 234 616 23.8637596130371 580.448353121758
2023 235 617 25.8387313842774 606.499372599602
2023 236 618 27.4383827209473 632.403648571968
2023 237 619 23.6196571350098 597.932755007744
2023 238 620 22.4930244445801 630.318695064545
2023 239 621 22.4244171142578 641.788251280785
2023 240 622 23.4369102478028 640.445676326752
2023 241 623 23.0147720336914 640.485703330994
2023 242 624 24.7533546447754 638.036177280426
2023 243 625 24.4276138305664 628.949444513321
2023 244 626 21.3990913391114 461.378379096985
2023 245 627 19.5910545349121 372.529334084988
2023 246 628 21.7254768371582 439.941885121346
2023 247 629 20.5793968200684 485.513336082459
2023 248 630 21.7194953918457 588.232550035477
2023 249 631 22.0698181152344 582.519981431008
2023 250 632 21.4474044799805 582.711141927719
2023 251 633 22.4212089538574 581.288564374924
2023 252 634 22.948087310791 572.628606889725
2023 253 635 21.8721099853516 564.728835882187
2023 254 636 22.0422492980957 585.23178979969
2023 255 637 21.2620826721192 569.116608223915
2023 256 638 21.3548522949219 556.197806417942
2023 257 639 22.1523223876953 543.825798408508
2023 258 640 21.7423645019531 527.461690961838
2023 259 641 21.1718955993653 482.370341276169
2023 260 642 19.7829872131348 496.782851528645
2023 261 643 20.1927314758301 523.353978621483
2023 262 644 19.8924308776856 514.965199856281
2023 263 645 19.9435096740723 506.398610489368
2023 264 646 18.8374000549317 494.568968488216
2023 265 647 19.0735832214356 490.163397798538
2023 266 648 18.6383987426758 510.079527387142
2023 267 649 18.1555572509766 504.544797609329
2023 268 650 19.2693649291992 499.245696225166
2023 269 651 20.8138710021973 441.9423709445
2023 270 652 20.3517585754395 498.516625229359
2023 271 653 19.8071418762207 484.930976839066
2023 272 654 20.0003677368164 485.304411510944
2023 273 655 18.1638961791992 351.306227750301
2023 274 656 17.7887702941895 342.317298449993
2023 275 657 17.7340560913086 455.070127563
2023 276 658 18.8108879089356 462.609792876959
2023 277 659 21.2389999389649 467.375453131676
2023 278 660 23.7707801818848 462.778734797716
2023 279 661 24.0792137145996 460.609294957399
2023 280 662 24.182878112793 457.035058775663
2023 281 663 23.3683067321778 450.30003397584
2023 282 664 20.3613792419434 333.617328577042
2023 283 665 19.2597518920899 244.768284951091
2023 284 666 18.1061798095703 411.423584086418
2023 285 667 17.696435546875 445.543287511587
2023 286 668 17.9253555297852 434.993963543892
2023 287 669 19.7564903259278 377.797334351778
2023 288 670 19.5064102172852 398.460308587313
2023 289 671 19.8639999389649 392.952267259121
2023 290 672 20.3479095458985 356.027412421823
2023 291 673 19.6350799560547 403.750546708703
2023 292 674 21.9304595947266 401.998988520503
2023 293 675 20.8132263183594 382.025064828754
2023 294 676 18.2929931640625 371.453518252969
2023 295 677 17.9287773132324 275.847218020797
2023 296 678 18.029443359375 302.044931232452
2023 297 679 17.7030654907227 368.470537716508
2023 298 680 16.9925857543946 348.91006826663
2023 299 681 14.4809013366699 330.625462601066
2023 300 682 11.8078475952149 380.264617546916
2023 301 683 12.2609687805176 376.961567078412
2023 302 684 14.1342140197754 381.273764798641
2023 303 685 13.2198196411133 375.467857497871
2023 304 686 13.195027923584 320.138379488409
2023 305 687 14.0098091125489 339.156505610764
2023 306 688 14.7252136230469 338.200696196973
2023 307 689 17.3550926208496 331.741289245784
2023 308 690 18.2290817260742 323.352527396649
2023 309 691 17.7992530822754 247.937981500447
2023 310 692 19.1862236022949 192.212836981207
2023 311 693 14.8089920043946 253.952827579707
2023 312 694 13.2285820007324 320.676296067208
2023 313 695 12.0936103820801 330.643254916564
2023 314 696 11.8901268005371 285.867528631553
2023 315 697 12.8989959716797 307.188445851535
2023 316 698 13.6616264343262 309.420117490336
2023 317 699 14.5063377380371 289.575132718906
2023 318 700 15.1458488464356 286.489903231673
2023 319 701 14.0459381103516 227.079388195537
2023 320 702 15.4435935974121 188.651938745728
2023 321 703 15.8101593017578 207.701176839538
2023 322 704 16.5941749572754 148.401807727013
2023 323 705 13.2807327270508 222.447116018925
2023 324 706 12.5856452941895 293.136021316047
2023 325 707 11.0253311157227 275.064809195914
2023 326 708 10.8688674926758 262.65279005877
2023 327 709 12.4240547180176 269.521192457676
2023 328 710 12.5704666137696 287.592403552055
2023 329 711 9.20338973999026 284.467168284416
2023 330 712 9.04286727905276 277.692127316713
2023 331 713 8.51086578369143 268.067492870808
2023 332 714 9.35407409667971 273.77559160161
2023 333 715 10.5454765319824 191.150340771675
2023 334 716 10.3757644653321 228.813161242604
2023 335 717 10.9391952514649 254.704120837092
2023 336 718 12.5332809448242 178.431584775925
2023 337 719 13.6849227905274 129.654863754332
2023 338 720 12.7906242370606 142.306935545266
2023 339 721 11.2884460449219 186.6469875319
2023 340 722 11.4853034973145 210.008426793337
2023 341 723 11.8052726745606 173.336969590664
2023 342 724 9.14418563842776 182.388139304996
2023 343 725 8.46234664916994 243.63021799469
2023 344 726 7.88289031982424 232.320709061384
2023 345 727 7.55884704589846 233.743290898323
2023 346 728 8.83746490478518 224.789925784826
2023 347 729 8.87700805664065 216.859036271334
2023 348 730 8.15434036254885 217.116882232905
2023 349 731 9.17815933227541 214.782960391164
2023 350 732 9.62339172363284 237.144147290707
2023 351 733 10.4067588806153 142.506987340689
2023 352 734 11.2217575073242 83.7055164379478
2023 353 735 15.8580451965332 105.390977046847
2023 354 736 14.9075332641602 96.121976278782
2023 355 737 12.1955696105957 143.876223716438
2023 356 738 11.9786201477051 206.998785780191
2023 357 739 11.039437866211 211.768868782997
2023 358 740 8.13018951416018 223.291763341188
2023 359 741 9.29486999511721 197.351906549454
2023 360 742 10.2263656616211 189.358785442233
2023 361 743 10.6121650695801 166.259637445211
2023 362 744 13.1937423706055 86.7062716965676
2023 363 745 14.2536865234375 103.737225223541
2023 364 746 13.7434860229492 162.191943666816
2023 365 747 11.686856842041 127.881083147049
2024 1 748 11.0894371032715 162.123586881995
2024 2 749 9.37076339721682 197.201140989304
2024 3 750 10.9184013366699 148.164277390242
2024 4 751 9.06314620971682 206.223991885424
2024 5 752 10.1398101806641 225.695296591759
2024 6 753 8.45704803466799 172.638435465336
2024 7 754 6.79213867187502 186.309961905122
2024 8 755 6.12397155761721 211.359677137852
2024 9 756 8.75138244628909 146.650139627695
2024 10 757 8.8943916320801 87.9396128370761
2024 11 758 8.71526489257815 212.873811876297
2024 12 759 6.38426742553713 222.538620247364
2024 13 760 8.49213180541994 119.143279499292
2024 14 761 11.6758209228516 99.8800601763724
2024 15 762 10.5223556518555 156.13343136096
2024 16 763 9.89840469360354 166.931637854099
2024 17 764 12.2480865478516 143.635139403105
2024 18 765 10.4449363708496 163.097590044975
2024 19 766 11.1375900268555 189.847380032062
2024 20 767 13.7670722961426 126.873360121012
2024 21 768 13.7436195373535 142.227258478403
2024 22 769 14.8198562622071 115.86264196825
2024 23 770 13.6470924377442 188.14729557538
2024 24 771 12.8286567687989 137.547596607208
2024 25 772 12.9585968017578 185.81853121233
2024 26 773 11.4890037536621 240.141596639633
2024 27 774 12.246842956543 178.305383990288
2024 28 775 13.3349166870117 234.859821339607
2024 29 776 13.4766860961914 278.19431032753
2024 30 777 14.744515991211 288.899544607639
2024 31 778 15.7611938476563 200.561467368603
2024 32 779 13.1989608764649 122.64970758158
2024 33 780 11.5543876647949 253.941514196396
2024 34 781 9.3323684692383 225.99192261982
2024 35 782 11.1114440917969 115.366784117222
2024 36 783 13.5107284545899 198.507192360401
2024 37 784 11.0302787780762 223.689722718239
2024 38 785 9.97333679199221 168.343945055008
2024 39 786 8.26608810424807 189.878371021748
2024 40 787 7.57404861450198 232.079466171741
2024 41 788 9.1397415161133 324.326851019859
2024 42 789 8.58366165161135 357.806148838043
2024 43 790 9.67278060913088 319.337276479721
2024 44 791 9.98247299194338 321.289731006622
2024 45 792 11.2355590820313 258.302408326149
2024 46 793 12.1874748229981 215.127312155247
2024 47 794 11.8937660217285 230.507778754234
2024 48 795 11.7798133850098 152.671278223775
2024 49 796 13.3037773132324 214.268413491987
2024 50 797 15.4488006591797 238.180295128129
2024 51 798 14.0296455383301 285.273571188062
2024 52 799 11.4271446228028 268.069053698851
2024 53 800 11.2160545349121 317.190033845831
2024 54 801 11.5973564147949 355.495098896258
2024 55 802 12.0241218566895 374.07650970488
2024 56 803 13.7328277587891 392.724321956977
2024 57 804 13.4756484985352 360.117220255673
2024 58 805 11.64052734375 349.177334839135
2024 59 806 10.4042526245117 441.030687168688
2024 60 807 12.4855438232422 296.275439655006
2024 61 808 12.6756721496582 187.106874706507
2024 62 809 10.8131576538086 276.534068688422
2024 63 810 9.18104705810549 354.764586357057
2024 64 811 9.47392807006838 373.381431190133
2024 65 812 11.1820121765137 237.02919745329
2024 66 813 12.7192703247071 284.494362640977
2024 67 814 11.699063873291 322.93224867177
2024 68 815 11.5456748962403 453.608675314546
2024 69 816 12.6111198425293 428.200356232524
2024 70 817 12.5424171447754 347.322282235086
2024 71 818 12.806241607666 310.885544872642
2024 72 819 12.968350982666 178.526752391964
2024 73 820 11.6135459899903 376.321152462125
2024 74 821 14.4838119506836 524.148972000599
2024 75 822 16.3378158569336 529.869056504726
2024 76 823 14.6425987243653 524.968017317056
2024 77 824 13.9721466064453 525.48600654912
2024 78 825 14.1110168457031 515.608683494329
2024 79 826 15.0830589294434 518.296066449165
2024 80 827 14.8725868225098 538.316341296911
2024 81 828 14.5367370605469 534.98701019144
2024 82 829 15.3408561706543 474.700357610702
2024 83 830 13.38369140625 417.149779291153
2024 84 831 12.0909553527832 420.240052168131
2024 85 832 12.7572494506836 428.505823346615
2024 86 833 12.8081108093262 452.957865917206
2024 87 834 12.5669189453125 362.888700379372
2024 88 835 13.2749267578125 358.062938128233
2024 89 836 11.5137115478516 291.462942687035
2024 90 837 11.5174461364746 332.393413308144
2024 91 838 12.3170028686524 490.470433287144
2024 92 839 12.8637329101563 532.157963969231
2024 93 840 15.0965591430664 594.361629114151
2024 94 841 15.7456184387207 560.629982142448
2024 95 842 11.2150093078614 406.333874497413
2024 96 843 7.63237533569338 462.74219836235
2024 97 844 9.08785400390627 535.190657706261
2024 98 845 11.7719245910645 557.32719886589
2024 99 846 12.8319755554199 573.823351677894
2024 100 847 14.8123947143555 623.626135198593
2024 101 848 16.4241691589356 616.507025850296
2024 102 849 18.3626457214356 617.910482010841
2024 103 850 17.3974586486817 626.530451805115
2024 104 851 12.523324584961 253.990211550951
2024 105 852 9.88616333007815 295.279290431499
2024 106 853 13.2799125671387 509.569836792946
2024 107 854 15.4728752136231 556.64096476841
2024 108 855 16.924405670166 603.189691348076
2024 109 856 18.5893112182617 618.897771436691
2024 110 857 17.5263610839844 636.660131573677
2024 111 858 16.838883972168 640.56944371891
2024 112 859 17.6648040771485 662.967201704979
2024 113 860 20.2670951843262 660.116003437042
2024 114 861 17.1932083129883 625.627276747703
2024 115 862 15.6071716308594 515.520141085625
2024 116 863 15.2910476684571 525.875608318329
2024 117 864 15.8977714538574 502.937739799499
2024 118 865 15.0685325622559 605.828349731445
2024 119 866 16.2940231323242 677.28510446167
2024 120 867 16.3693634033203 691.952771745682
2024 121 868 16.1663604736328 704.986783241272
2024 122 869 17.5799118041992 712.54417760086
2024 123 870 18.5789390563965 704.220848955154
2024 124 871 18.6939331054688 691.753545970917
2024 125 872 15.3902641296387 305.891546702385
2024 126 873 11.2409568786621 448.836032032013
2024 127 874 13.323087310791 621.067162891388
2024 128 875 15.4056259155274 710.10474600029
2024 129 876 18.5870338439942 730.421636039734
2024 130 877 21.1581932067871 729.939080202102
2024 131 878 21.2426658630371 719.273704080582
2024 132 879 21.9349113464356 720.203435787201
2024 133 880 20.6421676635742 707.439500750325
2024 134 881 18.9697929382324 714.890654400609
2024 135 882 18.3775917053223 703.654138497627
2024 136 883 19.666390991211 690.651148257345
2024 137 884 18.9830718994141 681.942617703033
2024 138 885 17.5394302368164 679.312796800792
2024 139 886 18.125821685791 708.81196514941
2024 140 887 17.5302978515625 735.632594247747
2024 141 888 17.7704521179199 739.918223612189
2024 142 889 19.452596282959 751.371664487332
2024 143 890 20.1761871337891 743.942641280927
2024 144 891 19.7930084228516 738.173873826101
2024 145 892 17.3648658752442 724.06404241123
2024 146 893 15.4678970336914 672.552318219438
2024 147 894 16.4559265136719 711.370952175483
2024 148 895 19.1335540771485 739.572883927777
2024 149 896 18.841512298584 742.255854608625
2024 150 897 20.3922592163086 747.223283749759
2024 151 898 22.4949317932129 753.120470869392
2024 152 899 23.7293449401856 740.214854743421
2024 153 900 21.0587631225586 749.609598429292
2024 154 901 19.9464012145996 729.071330159843
2024 155 902 21.1772819519043 620.327789885133
2024 156 903 21.9407211303711 676.523607382625
2024 157 904 27.6220909118653 734.561191126793
2024 158 905 27.2605033874512 738.51918742764
2024 159 906 23.4057441711426 748.06890827018
2024 160 907 19.7043739318848 730.811257528603
2024 161 908 20.0281845092774 742.800414129853
2024 162 909 20.0703178405762 740.347680515885
2024 163 910 23.8611503601074 742.60560373193
2024 164 911 25.950326538086 745.385954489648
2024 165 912 20.995866394043 746.767269314825
2024 166 913 19.1397911071778 757.777975749195
2024 167 914 20.6556640625 765.689569165587
2024 168 915 21.481576538086 764.843970035016
2024 169 916 21.8118225097656 763.011064342022
2024 170 917 22.9212776184082 766.681297531068
2024 171 918 20.4088645935059 726.07403472507
2024 172 919 18.6144309997559 746.652166728795
2024 173 920 19.9451499938965 746.129735091984
2024 174 921 22.9194122314453 755.382793554246
2024 175 922 26.2392631530762 755.648454990506
2024 176 923 25.252271270752 754.705443447232
2024 177 924 25.7081008911133 682.611155628204
2024 178 925 23.0669990539551 658.513314319491
2024 179 926 21.567098236084 755.754717939555
2024 180 927 22.40712890625 759.84554281646
2024 181 928 24.0990272521973 747.245415130794
2024 182 929 25.5717292785645 741.157889219463
2024 183 930 25.1464172363281 750.464076982677
2024 184 931 28.2468734741211 756.941234274209
2024 185 932 29.9192558288574 760.970070997536
2024 186 933 29.2836738586426 750.335687629759
2024 187 934 27.9413352966309 748.923363796294
2024 188 935 28.2257019042969 750.942207363129
2024 189 936 28.8147827148438 743.225432660937
2024 190 937 25.3670631408692 744.057760019123
2024 191 938 23.5398345947266 743.411372424841
2024 192 939 23.1799064636231 732.524627870142
2024 193 940 28.0224891662598 742.556906377375
2024 194 941 29.503076171875 738.780398394883
2024 195 942 26.5219779968262 715.125303528845
2024 196 943 23.6685272216797 687.870790254384
2024 197 944 21.8398414611817 699.138307305157
2024 198 945 20.9886032104492 717.250411808789
2024 199 946 19.3990417480469 731.023771613806
2024 200 947 22.7932029724121 737.142296421587
2024 201 948 25.4980331420899 729.013766077399
2024 202 949 26.6529556274414 725.325828130036
2024 203 950 23.0410438537598 721.885807893813
2024 204 951 23.7739654541016 715.205003528476
2024 205 952 28.2095123291016 701.582181215972
2024 206 953 29.2506729125977 668.758110156536
2024 207 954 27.2355972290039 691.058459699035
2024 208 955 25.5802322387696 722.73583566317
2024 209 956 19.8762413024903 698.500772672802
2024 210 957 18.0135246276856 697.013176769718
2024 211 958 19.9798217773438 694.781815337554
2024 212 959 20.657113647461 698.230689827248
2024 213 960 21.6179519653321 687.521036681555
2024 214 961 23.4229713439942 692.187402241044
2024 215 962 24.6648574829102 604.500168987505
2024 216 963 26.3999267578125 584.586141320562
2024 217 964 24.8354812622071 677.741113025594
2024 218 965 22.7045761108399 691.886384895071
2024 219 966 22.7778411865235 695.003186879491
2024 220 967 26.1840530395508 687.042893456548
2024 221 968 23.7648406982422 681.313953351295
2024 222 969 22.3151794433594 678.360932539724
2024 223 970 22.1800476074219 667.850520415306
2024 224 971 22.9553199768067 656.65384901619
2024 225 972 21.222745513916 654.87409183979
2024 226 973 21.0485893249512 671.569437161446
2024 227 974 22.205167388916 662.741412224769
2024 228 975 22.6732345581055 664.375076077461
2024 229 976 22.8957496643067 662.165849144935
2024 230 977 22.4210334777832 640.719977431297
2024 231 978 21.1583953857422 602.897477483749
2024 232 979 21.2839790344239 652.93047575283
2024 233 980 22.5902153015137 656.74240982151
2024 234 981 22.8563095092774 650.707961927414
2024 235 982 20.7083869934082 632.494024846077
2024 236 983 19.473764038086 625.096004654884
2024 237 984 20.1064392089844 423.680064371586
2024 238 985 20.4312797546387 560.913311197281
2024 239 986 23.0738426208496 637.186981422424
2024 240 987 24.5762229919434 633.981605455398
2024 241 988 26.0180030822754 625.861921804428
2024 242 989 23.4740310668946 614.417342648506
2024 243 990 22.0459571838379 617.303930965423
2024 244 991 22.8237167358399 614.2756635046
2024 245 992 22.3004432678223 611.008322694778
2024 246 993 21.6094451904297 606.328641922951
2024 247 994 22.268888092041 606.775797631264
2024 248 995 25.7981811523438 600.497870272636
2024 249 996 25.7902923583985 592.094839422226
2024 250 997 26.6834617614746 590.4213279953
2024 251 998 25.6952339172364 585.577858875275
2024 252 999 24.7084518432617 586.15782000637
2024 253 1000 25.6410575866699 576.267231731415
2024 254 1001 21.3728080749512 558.934314133644
2024 255 1002 19.4343238830567 569.18796693325
2024 256 1003 20.805322265625 561.754521411896
2024 257 1004 22.115079498291 566.292491790771
2024 258 1005 22.1200614929199 559.306203993797
2024 259 1006 20.1348739624024 550.075268974304
2024 260 1007 17.2714591979981 444.120951634884
2024 261 1008 17.9223953247071 410.916129815102
2024 262 1009 18.5679336547852 401.800297129631
2024 263 1010 20.0086723327637 472.424717382431
2024 264 1011 20.2390686035156 501.693653271198
2024 265 1012 20.1855140686035 506.69650613594
2024 266 1013 21.1612983703614 508.693229977131
2024 267 1014 22.7226348876953 512.319187866688
2024 268 1015 26.0418678283692 512.164244006634
2024 269 1016 22.864820098877 493.6359576478
2024 270 1017 19.2323661804199 489.080252931118
2024 271 1018 21.2337432861328 503.460158331871
2024 272 1019 22.7058235168457 497.828611448288
2024 273 1020 19.7815910339356 486.840029464722
2024 274 1021 20.9888130187989 490.027697806835
2024 275 1022 24.2783599853516 484.80347367382
2024 276 1023 26.4626136779785 478.844327917099
2024 277 1024 26.6139312744141 473.721930817604
2024 278 1025 25.9341369628906 444.997558954716
2024 279 1026 25.7394424438477 455.353013082981
2024 280 1027 27.1162429809571 454.59153909421
2024 281 1028 26.7222763061524 445.55539147687
2024 282 1029 25.0013252258301 448.362308586121
2024 283 1030 21.4226318359375 444.444145148516
2024 284 1031 20.4047142028809 395.641932150364
2024 285 1032 18.8558326721192 394.234043161392
2024 286 1033 19.2651573181153 404.890571770668
2024 287 1034 20.7457481384278 356.668336284161
2024 288 1035 20.2039962768555 390.067942734003
2024 289 1036 19.6174026489258 405.010097104788
2024 290 1037 19.8212409973145 268.325837557077
2024 291 1038 17.8987365722656 318.566922721624
2024 292 1039 17.9342247009278 392.445412767887
2024 293 1040 18.3421073913574 411.447417280435
2024 294 1041 17.0613914489746 406.670341673493
2024 295 1042 18.140340423584 393.211334201574
2024 296 1043 16.9293876647949 371.052663298964
2024 297 1044 16.4229179382324 380.974252895951
2024 298 1045 17.2162452697754 379.25645703423
2024 299 1046 16.4056907653809 331.113916696191
2024 300 1047 16.3726860046387 361.073515100717
2024 301 1048 19.4359909057617 265.129320757687
2024 302 1049 16.7429901123047 334.097927317142
2024 303 1050 13.851766204834 353.431964413285
2024 304 1051 12.7294364929199 341.518082984507
2024 305 1052 14.4279762268067 274.068059679449
2024 306 1053 13.4351745605469 312.080925478101
2024 307 1054 15.1123329162598 263.508929370403
2024 308 1055 14.530721282959 306.732730834126
2024 309 1056 16.1686454772949 334.332571775347
2024 310 1057 14.8817192077637 311.013942352831
2024 311 1058 17.4117828369141 334.080212037474
2024 312 1059 13.9304328918457 330.892550940603
2024 313 1060 13.0488868713379 325.911830748439
2024 314 1061 12.8913360595703 321.156893988281
2024 315 1062 12.9606643676758 316.463955383286
2024 316 1063 13.4974494934082 146.960051997378
2024 317 1064 10.5904441833496 176.623017569616
2024 318 1065 10.6784454345703 280.20430624824
2024 319 1066 13.5015922546387 227.328966366649
2024 320 1067 11.6739440917969 245.529630088735
2024 321 1068 10.2296844482422 287.394245796926
2024 322 1069 9.07020721435549 234.133740335321
2024 323 1070 12.6476570129395 238.746989202155
2024 324 1071 8.61438903808596 236.502348146952
2024 325 1072 12.9735389709473 111.824939359687
2024 326 1073 15.7294288635254 82.9677447484358
2024 327 1074 16.2078758239746 68.5480040982365
2024 328 1075 14.3646636962891 148.983333669066
2024 329 1076 11.0732437133789 232.778980609894
2024 330 1077 12.2343879699707 139.42034817338
2024 331 1078 13.3932434082031 132.367646450639
2024 332 1079 10.4862419128418 226.687008387685
2024 333 1080 7.91383895874026 273.403960302114
2024 334 1081 7.93750152587893 261.768999103546
2024 335 1082 8.87239990234377 252.139604470253
2024 336 1083 9.93161926269534 219.010049758673
2024 337 1084 11.1622901916504 241.146595454454
2024 338 1085 11.0832077026367 250.3598188169
2024 339 1086 11.2656570434571 252.905523383856
2024 340 1087 11.3665481567383 229.321251457214
2024 341 1088 11.2502990722656 242.156016765356
2024 342 1089 10.5898185729981 233.61574539566
2024 343 1090 11.4474845886231 217.464924660563
2024 344 1091 10.4625793457031 250.488218628168
2024 345 1092 8.53385314941409 252.037776932716
2024 346 1093 7.72827301025393 243.940230584979
2024 347 1094 10.2222114562989 183.821820979595
2024 348 1095 11.5438056945801 110.279808473259
2024 349 1096 12.9455200195313 145.228973196149
2024 350 1097 8.93964538574221 169.490619233608
2024 351 1098 8.45310363769534 94.4079072438477
2024 352 1099 10.1834007263184 130.25581892088
2024 353 1100 9.34938583374026 208.796261921883
2024 354 1101 8.42384109497073 217.504773116827
