Year DOY_disc DOY TA_C PAR_umol_m2_day
2021 349 1 6.95387039184573 195.711280459642
2021 350 2 10.4314590454102 131.364903174341
2021 351 3 7.67107543945315 200.151430991173
2021 352 4 5.92087707519534 193.106267218828
2021 353 5 5.6241165161133 201.803058005333
2021 354 6 5.64431915283205 192.869051928043
2021 355 7 6.51682434082034 182.247603019357
2021 356 8 8.24801025390627 100.082430134416
2021 357 9 12.0333839416504 74.1039657759666
2021 358 10 11.9529243469239 112.131710467815
2021 359 11 10.2597671508789 138.047509778023
2021 360 12 7.63305435180666 159.406784714103
2021 361 13 8.70727310180666 138.472725001693
2021 362 14 6.51501617431643 160.539201137304
2021 363 15 7.91682205200198 122.113095114946
2021 364 16 7.47957000732424 169.598541469216
2021 365 17 7.06733474731448 191.955953534365
2022 1 18 6.02698669433596 221.866600937843
2022 2 19 4.0460029602051 255.489906457901
2022 3 20 7.35086975097659 186.070310826778
2022 4 21 11.8209739685059 72.3050186610222
2022 5 22 12.175122833252 132.943628242493
2022 6 23 12.3562408447266 140.47781527102
2022 7 24 11.8310943603516 116.779862211943
2022 8 25 9.37232360839846 154.922781060219
2022 9 26 7.81915435791018 223.064407628536
2022 10 27 8.63024673461916 219.996411541462
2022 11 28 9.1956611633301 237.077462329864
2022 12 29 8.29815826416018 240.728777308464
2022 13 30 9.49759445190432 246.548616328716
2022 14 31 9.79082260131838 237.954669429779
2022 15 32 8.51893768310549 236.511949346542
2022 16 33 10.3882156372071 234.864409405231
2022 17 34 9.97821578979494 229.694677056789
2022 18 35 9.11208496093752 241.948845920563
2022 19 36 8.86519012451174 233.136704067707
2022 20 37 8.83463439941409 256.175639562607
2022 21 38 10.9311653137207 285.813662473679
2022 22 39 12.3596778869629 296.491536701679
2022 23 40 8.92751846313479 300.699468261719
2022 24 41 8.64077148437502 298.375088593483
2022 25 42 8.3961006164551 286.846713607788
2022 26 43 8.22186431884768 298.25931188488
2022 27 44 8.95727310180666 310.090472992897
2022 28 45 8.67637786865237 308.638862051964
2022 29 46 9.27539215087893 291.31289585495
2022 30 47 8.34672698974612 325.492809388161
2022 31 48 8.93136367797854 304.03908206749
2022 32 49 9.5858207702637 307.062544231415
2022 33 50 10.5094352722168 343.838452127457
2022 34 51 8.9242874145508 341.518540064812
2022 35 52 8.22287521362307 338.214533035278
2022 36 53 9.50953063964846 305.24579725647
2022 37 54 8.3074661254883 330.315221691132
2022 38 55 9.20435867309573 353.964189476013
2022 39 56 10.0028968811035 357.277091395378
2022 40 57 10.9560562133789 360.198145394325
2022 41 58 12.6581741333008 363.292868488312
2022 42 59 13.443563079834 360.478680179596
2022 43 60 13.521070098877 361.15550226593
2022 44 61 13.8770347595215 367.015428268433
2022 45 62 13.3581672668457 366.850675231934
2022 46 63 10.9323822021485 376.95413201046
2022 47 64 11.8021522521973 394.213305225577
2022 48 65 13.5340209960938 400.255786140647
2022 49 66 10.7735191345215 399.004534689564
2022 50 67 11.2636543273926 390.922650307931
2022 51 68 11.5811706542969 342.685177564353
2022 52 69 9.89848098754885 327.273934202541
2022 53 70 9.35452423095705 415.720456764013
2022 54 71 6.42949829101565 402.807247403294
2022 55 72 6.11845550537112 438.656965224802
2022 56 73 6.73446044921877 440.53606248945
2022 57 74 7.76491317749026 439.792440101162
2022 58 75 11.4140068054199 397.241223973662
2022 59 76 12.0992370605469 442.758025833935
2022 60 77 13.5445457458496 413.209070107639
2022 61 78 13.6467414855957 375.146287580103
2022 62 79 13.2960334777832 362.090609438539
2022 63 80 13.2685104370117 288.12913789627
2022 64 81 9.09143981933596 389.052472527564
2022 65 82 8.24432525634768 455.573254534423
2022 66 83 10.2566696166992 491.828192631602
2022 67 84 12.3979240417481 490.407738879919
2022 68 85 12.865796661377 486.364568042636
2022 69 86 12.9214492797852 504.549922704935
2022 70 87 11.7363868713379 514.350590337038
2022 71 88 11.7920356750489 506.477998817563
2022 72 89 13.8470893859864 411.00490678066
2022 73 90 12.2876373291016 484.944122481227
2022 74 91 15.5730796813965 265.67797796762
2022 75 92 14.1413284301758 427.386865308046
2022 76 93 13.6325698852539 444.882015479922
2022 77 94 12.5276428222656 532.607188414812
2022 78 95 14.290673828125 340.080266418457
2022 79 96 12.6690956115723 459.144435176849
2022 80 97 14.1803833007813 537.184678504944
2022 81 98 18.6753707885742 539.51351141429
2022 82 99 17.9432121276856 539.255247874737
2022 83 100 16.2044692993164 543.414207643032
2022 84 101 15.2114463806153 544.376025063992
2022 85 102 15.2268272399903 562.76618660593
2022 86 103 16.1743103027344 490.781784168243
2022 87 104 15.1501327514649 272.072229901195
2022 88 105 13.1697631835938 366.396483448029
2022 89 106 13.3120170593262 471.403073662281
2022 90 107 12.9572731018067 544.59866191864
2022 91 108 13.7736259460449 587.323542998791
2022 92 109 15.1586318969727 593.740055845737
2022 93 110 17.0355926513672 614.396730374336
2022 94 111 15.4955726623535 570.754565796375
2022 95 112 15.8557830810547 579.994174442291
2022 96 113 16.7316337585449 618.497789691925
2022 97 114 19.1230140686035 619.548654798508
2022 98 115 21.6841865539551 618.764950893402
2022 99 116 18.8384872436524 624.170694184303
2022 100 117 17.5937210083008 641.808344417572
2022 101 118 13.8697486877442 345.886753023624
2022 102 119 11.1948486328125 631.833997610092
2022 103 120 11.2456451416016 605.228357961655
2022 104 121 13.8258377075196 277.388907739878
2022 105 122 14.0385261535645 379.122666636467
2022 106 123 15.5151992797852 440.976901417255
2022 107 124 12.9487663269043 596.451834477425
2022 108 125 12.8977752685547 658.800311735153
2022 109 126 16.0156532287598 420.119860523701
2022 110 127 14.3661590576172 620.292270209312
2022 111 128 15.9743743896485 540.306123565674
2022 112 129 13.4514556884766 477.303057414055
2022 113 130 14.4084526062012 649.280193000793
2022 114 131 16.538777923584 682.346873371124
2022 115 132 17.1970802307129 665.092174152374
2022 116 133 17.2847038269043 651.243875007629
2022 117 134 15.1727996826172 667.029147296906
2022 118 135 14.7648216247559 681.816996397018
2022 119 136 15.0784889221192 687.040151510239
2022 120 137 17.7511611938477 666.477008905411
2022 121 138 15.8881622314453 687.699185832977
2022 122 139 17.3367172241211 681.024387521744
2022 123 140 17.0602813720703 700.932987602234
2022 124 141 19.2140823364258 710.435310508728
2022 125 142 19.1588340759278 612.722469978332
2022 126 143 18.1866622924805 566.047942802429
2022 127 144 17.2090240478516 630.947887556076
2022 128 145 14.9918800354004 689.725212711334
2022 129 146 12.7836357116699 656.426982955933
2022 130 147 12.3315483093262 665.05209271431
2022 131 148 13.3286186218262 686.519171442032
2022 132 149 14.7990242004395 688.812397161689
2022 133 150 17.1693626403809 705.813279529776
2022 134 151 20.7601715087891 695.081964573521
2022 135 152 21.9986625671387 696.199626028676
2022 136 153 19.00625 716.691546351299
2022 137 154 18.0759635925293 728.398017737931
2022 138 155 21.6012168884278 737.802406150959
2022 139 156 26.1036964416504 724.88918264233
2022 140 157 21.6629386901856 745.87093144716
2022 141 158 20.7148414611817 756.508710986964
2022 142 159 21.1665245056153 743.208133053437
2022 143 160 21.9980522155762 738.163067279011
2022 144 161 23.7598701477051 743.243750957422
2022 145 162 26.7073570251465 735.820892176673
2022 146 163 23.2053810119629 696.76511839062
2022 147 164 18.1142097473145 574.236670921996
2022 148 165 18.3151603698731 679.448083073392
2022 149 166 18.7621894836426 697.566630219996
2022 150 167 19.4134117126465 758.637165773585
2022 151 168 19.8294807434082 763.628788339049
2022 152 169 21.9088111877442 758.744053026289
2022 153 170 21.9286476135254 737.931536353558
2022 154 171 20.6929832458496 671.513149375737
2022 155 172 19.2136779785156 439.596517306492
2022 156 173 21.461988067627 367.505232278258
2022 157 174 21.1365715026856 573.537586299985
2022 158 175 21.8529602050781 753.151305267334
2022 159 176 21.6052642822266 678.575337294608
2022 160 177 22.0733428955078 704.838108374625
2022 161 178 27.1294990539551 741.115309086233
2022 162 179 27.0621086120606 740.389495929509
2022 163 180 24.4709907531739 630.613915295035
2022 164 181 20.4327407836914 671.829306120753
2022 165 182 22.5584083557129 770.535121765375
2022 166 183 23.3970237731934 764.318995633066
2022 167 184 21.3620162963867 757.029700639367
2022 168 185 17.6299491882324 752.665916476846
2022 169 186 17.5235000610352 718.77545750457
2022 170 187 19.6001983642578 756.985191980064
2022 171 188 22.8403106689453 763.419511176229
2022 172 189 25.7705894470215 766.416273865163
2022 173 190 28.6258026123047 763.014321299076
2022 174 191 27.0143486022949 687.645759540081
2022 175 192 26.540601348877 753.489706671178
2022 176 193 24.8554893493653 754.798834813297
2022 177 194 23.6661811828614 760.284722520709
2022 178 195 23.1732078552246 764.946841643512
2022 179 196 23.7282958984375 764.68857003969
2022 180 197 22.6063743591309 757.14102946204
2022 181 198 19.6082893371582 751.628417519808
2022 182 199 18.9097229003906 759.714768833697
2022 183 200 18.4655204772949 757.292432099521
2022 184 201 17.5020500183106 707.581053299367
2022 185 202 18.8799758911133 681.683391351462
2022 186 203 23.0244651794434 635.627816241205
2022 187 204 21.2290626525879 604.026089146554
2022 188 205 19.8853355407715 709.406717277884
2022 189 206 21.1323257446289 745.991133097112
2022 190 207 21.9577842712403 738.59499654299
2022 191 208 22.1741157531739 738.016155337393
2022 192 209 25.8031784057617 746.543292279303
2022 193 210 23.6329933166504 721.945870765924
2022 194 211 21.6524063110352 695.589589056849
2022 195 212 21.9523216247559 738.301123644113
2022 196 213 21.6095100402832 742.762833560526
2022 197 214 23.2944274902344 734.244604234874
2022 198 215 25.1234260559082 728.028445089459
2022 199 216 25.426774597168 714.144514597654
2022 200 217 23.8640953063965 725.690707178444
2022 201 218 22.6686988830567 733.3228539505
2022 202 219 22.1093574523926 735.722931850374
2022 203 220 22.2297683715821 741.177633639574
2022 204 221 21.6574722290039 738.991297074497
2022 205 222 21.1503349304199 731.644134202182
2022 206 223 21.1517616271973 707.331702038229
2022 207 224 21.4411369323731 680.574659027785
2022 208 225 21.0952964782715 679.608386050388
2022 209 226 21.3579689025879 687.244982236177
2022 210 227 20.9552513122559 682.044100621
2022 211 228 21.0325561523438 653.599421630442
2022 212 229 20.963956451416 634.412192294054
2022 213 230 21.4178634643555 484.173769928045
2022 214 231 24.5066047668457 563.745795460358
2022 215 232 24.1656204223633 656.110817989141
2022 216 233 25.4702812194824 656.77874113382
2022 217 234 22.7628036499024 618.50223687302
2022 218 235 22.0023056030274 647.356566947669
2022 219 236 21.4971977233887 668.810274430551
2022 220 237 21.2333084106446 669.629620373387
2022 221 238 21.8094459533692 658.359498917785
2022 222 239 21.801961517334 662.576310751166
2022 223 240 22.3507820129395 683.143934731483
2022 224 241 21.5449577331543 686.229740758896
2022 225 242 22.0294242858887 687.596747426987
2022 226 243 22.886849975586 684.86718657589
2022 227 244 23.8960662841797 686.412318856239
2022 228 245 24.9451347351074 678.490730974197
2022 229 246 26.8627754211426 641.394211894989
2022 230 247 24.2285552978516 631.166068397522
2022 231 248 23.3446174621582 656.685233139038
2022 232 249 23.7782836914063 657.157222766876
2022 233 250 24.1158386230469 636.870151373863
2022 234 251 21.9774108886719 645.619970027924
2022 235 252 24.0350891113281 643.82100174427
2022 236 253 24.400163269043 637.742899940491
2022 237 254 22.5782485961914 620.011758608818
2022 238 255 21.968709564209 613.377034679413
2022 239 256 22.2550636291504 608.857408498764
2022 240 257 21.2444358825684 598.816274415016
2022 241 258 21.6473518371582 587.083083099365
2022 242 259 22.3016105651856 589.291686058998
2022 243 260 21.9944091796875 610.455977656364
2022 244 261 23.6093040466309 614.650532104492
2022 245 262 25.0815368652344 610.398086277962
2022 246 263 24.6768013000489 604.262091079712
2022 247 264 25.542928314209 597.68080201149
2022 248 265 28.4900184631348 591.954480802536
2022 249 266 30.8457809448242 591.562638930321
2022 250 267 30.2091270446778 576.765873771667
2022 251 268 29.1009651184082 577.01968255806
2022 252 269 27.489705657959 578.208601919174
2022 253 270 25.1349655151367 498.226903224468
2022 254 271 23.4783721923828 353.340782594204
2022 255 272 24.0676666259766 487.197242857456
2022 256 273 21.2800537109375 497.870669136524
2022 257 274 19.2834945678711 547.586502185821
2022 258 275 19.4965873718262 527.303866645336
2022 259 276 18.9922805786133 541.192232611656
2022 260 277 19.5898757934571 543.009004787445
2022 261 278 19.0030075073242 371.984782659531
2022 262 279 19.1572128295899 257.124092472076
2022 263 280 19.0173812866211 393.955028995037
2022 264 281 19.9743743896485 422.983025664329
2022 265 282 19.7736259460449 480.206308024883
2022 266 283 20.2495971679688 520.971940934658
2022 267 284 22.6393562316895 524.022136153698
2022 268 285 22.6314636230469 502.66192261219
2022 269 286 20.987435913086 485.091053606987
2022 270 287 19.2108474731446 491.520944069862
2022 271 288 19.1974922180176 489.597323340416
2022 272 289 20.4608703613281 490.047046006679
2022 273 290 20.9137626647949 488.697852303028
2022 274 291 20.2243019104004 472.765631877422
2022 275 292 19.0048309326172 462.492956472874
2022 276 293 18.7095809936524 469.145479758263
2022 277 294 18.9522186279297 468.085720769882
2022 278 295 19.2134757995606 464.648127343416
2022 279 296 19.8956581115723 459.803459167242
2022 280 297 20.8589302062989 451.993173079967
2022 281 298 20.379109954834 447.985641906023
2022 282 299 19.6390548706055 432.33394139719
2022 283 300 19.4603630065918 434.462402397394
2022 284 301 18.7862754821778 432.476437300444
2022 285 302 18.5573974609375 419.309432635784
2022 286 303 17.363427734375 404.632917839527
2022 287 304 17.0813270568848 421.22414864707
2022 288 305 17.5370574951172 398.58597360301
2022 289 306 16.9635444641114 355.745320728421
2022 290 307 15.8001266479492 392.766124754429
2022 291 308 18.2052780151367 341.068792575717
2022 292 309 19.6580787658692 385.289833514452
2022 293 310 19.1436592102051 400.077678834438
2022 294 311 17.8060050964356 395.255250402927
2022 295 312 18.3930755615235 332.986913466573
2022 296 313 15.8226028442383 390.121159607887
2022 297 314 15.0894180297852 386.581154236317
2022 298 315 15.3968139648438 362.829771482229
2022 299 316 14.0929618835449 363.698074620008
2022 300 317 13.4306121826172 373.872782626271
2022 301 318 13.5089279174805 347.58329285562
2022 302 319 14.1457801818848 327.558918901622
2022 303 320 14.9149757385254 346.697171461225
2022 304 321 13.9438224792481 277.865359618127
2022 305 322 13.9108291625977 184.845792438686
2022 306 323 11.3136421203614 244.362286095351
2022 307 324 10.2926918029785 322.304584390908
2022 308 325 10.5822845458985 285.680081337422
2022 309 326 13.3573547363281 156.378857023656
2022 310 327 15.2816711425781 177.779147498578
2022 311 328 13.2855163574219 275.5053648495
2022 312 329 10.4960762023926 111.886201459235
2022 313 330 10.049447631836 237.950210581481
2022 314 331 9.47148666381838 288.979615815699
2022 315 332 9.31485519409182 303.874325928137
2022 316 333 9.6799255371094 267.583782858156
2022 317 334 10.7101799011231 296.709727552585
2022 318 335 8.89938888549807 312.966992706433
2022 319 336 10.0723129272461 306.67961542514
2022 320 337 10.1451698303223 308.376132084172
2022 321 338 9.7112861633301 277.375545898102
2022 322 339 9.76492462158205 277.785215585535
2022 323 340 10.705525970459 299.483837124452
2022 324 341 9.20395812988284 296.429200418133
2022 325 342 8.97528228759768 289.282415322032
2022 326 343 9.16510543823244 278.711394687857
2022 327 344 9.59513244628909 278.724753312588
2022 328 345 10.255258178711 280.34113014245
2022 329 346 10.3105026245117 266.350348702908
2022 330 347 10.3119140625 255.147027809143
2022 331 348 9.53300628662112 267.414571516752
2022 332 349 10.3465209960938 254.265378304481
2022 333 350 9.1452690124512 261.781745438337
2022 334 351 7.19768295288088 268.037975626469
2022 335 352 9.46662673950198 101.502209763527
2022 336 353 5.58622512817385 185.09514565289
2022 337 354 7.59816894531252 150.46995954442
2022 338 355 10.7360855102539 143.799620648503
2022 339 356 11.3039260864258 186.484432765007
2022 340 357 9.8371635437012 206.161470481992
2022 341 358 8.01564941406252 217.431582558155
2022 342 359 7.73962554931643 196.285105689287
2022 343 360 10.2358299255371 105.362809559703
2022 344 361 11.8142944335938 60.8924216439724
2022 345 362 11.2349258422852 118.69458156234
2022 346 363 8.85223922729494 222.400939217329
2022 347 364 6.71240386962893 226.141307425737
2022 348 365 6.29532775878909 237.447050092936
2022 349 366 6.93784103393557 220.254670040846
2022 350 367 5.91426239013674 233.417227512598
2022 351 368 6.39933929443362 227.833389354467
2022 352 369 5.48119888305666 227.432634195805
2022 353 370 4.92691192626955 168.717649375916
2022 354 371 5.93430480957034 194.103214742064
2022 355 372 7.4925361633301 232.308476067781
2022 356 373 7.87439880371096 166.24187639451
2022 357 374 7.9199272155762 131.665663589835
2022 358 375 8.00674972534182 155.341352459431
2022 359 376 9.48159942626955 191.297937073708
2022 360 377 8.99834976196291 154.896065897703
2022 361 378 11.9533248901367 49.6401244223118
2022 362 379 9.07545623779299 144.169207025528
2022 363 380 10.0832458496094 95.5220621275902
2022 364 381 12.3776908874512 38.1518283545971
2022 365 382 15.0493484497071 37.7956030239463
2023 1 383 11.0372978210449 171.82548245287
2023 2 384 8.72076187133791 168.375721554995
2023 3 385 8.65983734130862 108.83629150784
2023 4 386 10.7183967590332 103.47493736124
2023 5 387 13.9247413635254 59.1837907621265
2023 6 388 10.6782127380371 119.727925467253
2023 7 389 12.360368347168 110.467808626652
2023 8 390 13.2956939697266 148.419588398933
2023 9 391 14.3930526733399 96.4954006183148
2023 10 392 12.9186569213867 140.497590247154
2023 11 393 10.8496299743653 62.1356427752972
2023 12 394 12.8737731933594 156.306020253331
2023 13 395 13.8529258728028 134.171553469658
2023 14 396 13.1995178222656 67.8037354185582
2023 15 397 10.7036453247071 116.784955806494
2023 16 398 9.79481658935549 123.73781758225
2023 17 399 8.16182861328127 234.859124788284
2023 18 400 6.8614212036133 277.487633809567
2023 19 401 9.6319404602051 215.676520192623
2023 20 402 7.64050064086916 273.802274507046
2023 21 403 6.62223968505862 296.159010055542
2023 22 404 7.12367782592776 296.581327812195
2023 23 405 10.1887413024903 303.240788889885
2023 24 406 8.62970504760744 306.317116375923
2023 25 407 8.46640548706057 307.646348995209
2023 26 408 10.7861534118653 311.282815636635
2023 27 409 9.18436203002932 309.891359109879
2023 28 410 8.7917190551758 297.652719510078
2023 29 411 9.27990875244143 258.900742888451
2023 30 412 6.48928985595705 290.59760921669
2023 31 413 5.74953613281252 335.186603265762
2023 32 414 5.86110076904299 323.205807611466
2023 33 415 7.22627029418948 283.32910624218
2023 34 416 10.9725357055664 174.5283863554
2023 35 417 9.59860000610354 165.472770078182
2023 36 418 12.6266876220703 173.048013691425
2023 37 419 8.44182357788088 319.275939641953
2023 38 420 8.4439636230469 334.550885771751
2023 39 421 8.86781463623049 302.667303367615
2023 40 422 9.72577819824221 349.159014550209
2023 41 423 10.1744171142578 331.287853298187
2023 42 424 9.45133361816409 286.53880566597
2023 43 425 8.94048843383791 341.405955799103
2023 44 426 10.6016899108887 381.985058111191
2023 45 427 10.7820945739746 389.133523418427
2023 46 428 7.85766754150393 383.892206561089
2023 47 429 5.90363464355471 364.465096826553
2023 48 430 8.35119400024416 363.020282184043
2023 49 431 8.18747482299807 404.69299453568
2023 50 432 9.36327133178713 406.031113377085
2023 51 433 10.2787300109864 392.498806738732
2023 52 434 11.9283920288086 385.141404800985
2023 53 435 8.41618118286135 406.564590514205
2023 54 436 6.41213378906252 326.255465627268
2023 55 437 6.83833084106448 251.583342752133
2023 56 438 7.00013122558596 240.989564448703
2023 57 439 8.1357475280762 179.74747647801
2023 58 440 7.82496795654299 140.742099402413
2023 59 441 6.58120117187502 126.969741756201
2023 60 442 6.99115905761721 314.630316834003
2023 61 443 7.87712249755862 454.93230005306
2023 62 444 8.38069305419924 413.58855739218
2023 63 445 10.2733856201172 357.116563185841
2023 64 446 8.43071136474612 278.216719469115
2023 65 447 7.10251770019534 405.435399649382
2023 66 448 8.53116760253909 405.222015284538
2023 67 449 8.67886505126955 330.540996554852
2023 68 450 8.97725067138674 317.146505133152
2023 69 451 11.8732467651367 81.2026658271403
2023 70 452 11.9232612609864 219.161835259974
2023 71 453 14.2960182189942 194.742361629903
2023 72 454 14.8778205871582 323.041334871352
2023 73 455 16.1091857910156 170.185069388941
2023 74 456 11.1909767150879 244.96389264071
2023 75 457 10.4963165283203 397.913515798807
2023 76 458 11.7229820251465 509.37268454361
2023 77 459 13.3925224304199 508.879220772743
2023 78 460 14.5747352600098 183.370613920629
2023 79 461 12.7795043945313 346.838437815309
2023 80 462 11.0768447875977 206.5720049541
2023 81 463 10.6993690490723 288.188107272267
2023 82 464 11.9728523254395 392.467696614027
2023 83 465 10.233415222168 504.718174878597
2023 84 466 10.073747253418 540.278252440453
2023 85 467 9.61869201660159 581.862033768654
2023 86 468 8.91740570068362 585.14731757927
2023 87 469 11.6475311279297 294.647515609503
2023 88 470 8.47516784667971 239.78036068821
2023 89 471 9.00268707275393 349.310164675236
2023 90 472 10.6348243713379 390.075981047153
2023 91 473 11.3827033996582 524.518715756893
2023 92 474 12.962476348877 472.341132735729
2023 93 475 10.3212677001953 540.851718306065
2023 94 476 9.3316360473633 601.057989267349
2023 95 477 9.7212844848633 609.860199467659
2023 96 478 11.5393730163574 549.28050441885
2023 97 479 14.180379486084 336.129061398506
2023 98 480 14.2831817626953 360.206236881256
2023 99 481 14.5958953857422 582.279934321404
2023 100 482 16.9417129516602 613.536693113327
2023 101 483 17.0759521484375 512.240067801476
2023 102 484 13.0139862060547 618.217869807243
2023 103 485 13.0317283630371 649.234567377091
2023 104 486 12.7609191894531 652.217522712708
2023 105 487 13.2292228698731 647.527464233399
2023 106 488 13.3232780456543 648.865583678246
2023 107 489 13.4085594177246 582.840067428589
2023 108 490 11.7986503601074 591.308867441177
2023 109 491 11.8399024963379 640.218958447456
2023 110 492 13.4290748596192 664.811820813179
2023 111 493 17.1308723449707 652.399806464195
2023 112 494 19.2954460144043 647.816439285279
2023 113 495 18.5105834960938 640.467904479027
2023 114 496 17.157601928711 666.887893543243
2023 115 497 17.2392402648926 686.034928155899
2023 116 498 18.7298828125 686.77735509491
2023 117 499 20.5347229003906 682.834130678177
2023 118 500 21.1203819274903 677.299410476685
2023 119 501 20.0865036010742 656.880929787636
2023 120 502 17.8558822631836 655.462802703858
2023 121 503 14.1532379150391 631.381168687821
2023 122 504 12.6931625366211 486.52693317318
2023 123 505 12.6867500305176 448.610717335701
2023 124 506 13.5380874633789 427.783249128342
2023 125 507 13.8522811889649 358.970376412392
2023 126 508 14.5830665588379 386.986310218334
2023 127 509 14.508260345459 526.714824642181
2023 128 510 14.7145210266114 405.564320362091
2023 129 511 15.1732040405274 573.593289142609
2023 130 512 15.1492744445801 577.74545677948
2023 131 513 14.9643836975098 679.41549912262
2023 132 514 17.2621131896973 704.35954633522
2023 133 515 20.2382598876953 712.601629611411
2023 134 516 22.973519897461 710.218809456105
2023 135 517 20.198934173584 675.756786588903
2023 136 518 20.9124122619629 716.664862867031
2023 137 519 21.3695960998535 715.575704977868
2023 138 520 19.7024017333985 728.387810075112
2023 139 521 19.4591728210449 725.591571220968
2023 140 522 18.4156814575196 709.48084340607
2023 141 523 17.8473411560059 701.100952242144
2023 142 524 20.7046485900879 729.877084787533
2023 143 525 19.6607261657715 724.729123487435
2023 144 526 16.7454963684082 725.724946320638
2023 145 527 16.43642578125 709.87648483707
2023 146 528 16.4092842102051 672.831623723298
2023 147 529 16.8002182006836 691.347388082102
2023 148 530 16.9350868225098 580.377221708283
2023 149 531 17.2379623413086 600.875719848841
2023 150 532 17.2148719787598 699.833979638413
2023 151 533 17.0415321350098 708.044917088375
2023 152 534 17.4557662963867 732.815609633714
2023 153 535 18.0038047790528 745.325404075712
2023 154 536 20.3547492980957 751.046865490943
2023 155 537 22.2976699829102 748.930777128518
2023 156 538 21.6754661560059 681.953916991592
2023 157 539 18.2991920471192 617.350993415237
2023 158 540 18.2314353942871 527.759549090654
2023 159 541 19.5228668212891 544.732704230338
2023 160 542 19.2172180175781 664.167195828915
2023 161 543 17.2157341003418 646.060432581127
2023 162 544 19.0810600280762 595.421016169578
2023 163 545 18.5988594055176 562.377130403489
2023 164 546 19.6186233520508 684.176703584641
2023 165 547 20.1487022399903 701.963400964022
2023 166 548 21.0248352050781 735.705224981487
2023 167 549 21.1389747619629 732.628900204539
2023 168 550 21.7124420166016 733.046791180968
2023 169 551 21.5726524353028 738.692637590349
2023 170 552 18.1876121520996 762.414164967775
2023 171 553 17.5624214172364 769.398140524328
2023 172 554 18.8534255981446 775.226287569761
2023 173 555 18.3819137573242 735.900823031783
2023 174 556 17.9298416137696 726.769644859493
2023 175 557 18.4483810424805 734.416007648051
2023 176 558 17.8229690551758 712.726098586202
2023 177 559 18.1666694641114 743.409369335771
2023 178 560 18.2799545288086 734.198181193471
2023 179 561 18.7544609069824 729.450310403407
2023 180 562 20.5319496154785 740.039648774922
2023 181 563 24.2775627136231 749.482022150099
2023 182 564 26.4027954101563 746.112280231535
2023 183 565 28.9995513916016 747.934968809426
2023 184 566 26.2358680725098 740.550865028203
2023 185 567 21.792813873291 733.042320236266
2023 186 568 20.3120018005371 730.197178991139
2023 187 569 19.0184379577637 736.523182440519
2023 188 570 18.6655479431153 732.157655450642
2023 189 571 18.1219993591309 748.486224037349
2023 190 572 17.6654449462891 741.168826637685
2023 191 573 17.8896614074707 752.358290280461
2023 192 574 21.5339637756348 760.560378800631
2023 193 575 22.6749168395996 753.042920218229
2023 194 576 22.4759307861328 747.330367238283
2023 195 577 23.2879386901856 741.231058231413
2023 196 578 24.6086517333985 745.258739622056
2023 197 579 26.9516921997071 718.49643659699
2023 198 580 26.8730369567871 676.721488093853
2023 199 581 24.9006210327149 729.405859422535
2023 200 582 22.263688659668 719.167717584789
2023 201 583 21.9680763244629 736.505417609692
2023 202 584 24.731332397461 733.731406974763
2023 203 585 25.9223114013672 728.156644995034
2023 204 586 26.8773132324219 649.692454581231
2023 205 587 22.865796661377 693.050038819462
2023 206 588 22.9835678100586 727.454249879926
2023 207 589 23.8096786499024 716.607077958256
2023 208 590 22.4834075927735 719.59894565104
2023 209 591 21.2734123229981 722.764188833281
2023 210 592 22.4141593933106 716.438155142888
2023 211 593 22.4667373657227 719.358877971247
2023 212 594 22.6063133239746 721.012635433242
2023 213 595 22.2132431030274 696.535359320745
2023 214 596 20.1531921386719 686.248334020212
2023 215 597 19.6335807800293 696.299742314726
2023 216 598 20.0766731262207 696.384196996935
2023 217 599 22.5124832153321 695.112787946094
2023 218 600 25.0955558776856 695.944094831549
2023 219 601 26.7356048583985 698.695909640191
2023 220 602 24.2645278930664 669.1417990872
2023 221 603 21.1545730590821 648.389896987195
2023 222 604 22.1142784118653 658.503578990378
2023 223 605 21.7658782958985 637.053713312149
2023 224 606 22.6097351074219 640.547932278633
2023 225 607 25.1278358459473 643.770966980934
2023 226 608 26.9121528625489 603.387448417664
2023 227 609 27.2169395446778 600.826811846733
2023 228 610 26.8138252258301 637.307119893074
2023 229 611 26.816178894043 613.141033817291
2023 230 612 24.3487373352051 620.129474774361
2023 231 613 23.554044342041 624.437204195976
2023 232 614 24.5616241455078 615.528307735443
2023 233 615 26.7388092041016 464.979279283524
2023 234 616 23.0718437194824 523.460670929909
2023 235 617 25.6760765075684 614.03015587616
2023 236 618 27.3255249023438 637.649427994728
2023 237 619 23.5172859191895 608.944402819634
2023 238 620 22.1448417663574 631.438969343186
2023 239 621 22.1925064086914 644.024365497589
2023 240 622 23.2169738769531 644.09992972374
2023 241 623 23.1579795837403 642.739591198921
2023 242 624 24.7881904602051 638.725252017021
2023 243 625 24.2852569580078 629.651851504326
2023 244 626 21.4414192199707 453.363030971527
2023 245 627 19.1740356445313 318.724691344261
2023 246 628 21.466641998291 421.47944050312
2023 247 629 20.7830940246582 511.021982999802
2023 248 630 21.5884757995606 584.573842137337
2023 249 631 22.3419166564942 580.466144917488
2023 250 632 21.5818458557129 583.800322397232
2023 251 633 22.2102447509766 583.040121807098
2023 252 634 23.1143852233887 559.607556692123
2023 253 635 21.8387657165528 551.223216803551
2023 254 636 22.0018516540528 583.049001576424
2023 255 637 21.4683471679688 572.290744216919
2023 256 638 20.9677673339844 557.931578606606
2023 257 639 22.6118713378906 536.455053594589
2023 258 640 21.6337867736817 530.053455111027
2023 259 641 21.1295677185059 485.153253825665
2023 260 642 19.8665634155274 511.697729010105
2023 261 643 19.8575874328614 515.796529828072
2023 262 644 20.1484848022461 502.762128727436
2023 263 645 20.3342300415039 517.841475483894
2023 264 646 19.1146179199219 495.529198256016
2023 265 647 19.1614280700684 499.205679805279
2023 266 648 18.7149215698242 519.659712836742
2023 267 649 18.350919342041 507.727820931912
2023 268 650 18.8384605407715 484.886517510414
2023 269 651 20.8080955505371 455.977019240856
2023 270 652 20.1747795104981 496.5472352314
2023 271 653 19.5044799804688 488.065095908165
2023 272 654 19.7603355407715 483.352811796665
2023 273 655 18.0625778198242 331.839100839853
2023 274 656 17.5692611694336 357.138798740864
2023 275 657 18.6830764770508 414.073125706196
2023 276 658 19.2586799621582 462.089657289028
2023 277 659 21.3339057922364 466.530785613298
2023 278 660 23.6923385620117 462.623140755892
2023 279 661 24.1495300292969 461.071639970303
2023 280 662 24.3134742736817 458.29315747714
2023 281 663 23.8928276062012 451.740389211893
2023 282 664 20.1903854370117 312.923224999189
2023 283 665 19.4446311950684 235.943846094489
2023 284 666 18.0420547485352 389.129082273722
2023 285 667 17.5224510192871 445.329897098541
2023 286 668 18.0493255615235 435.251807993412
2023 287 669 19.7423797607422 377.921814171791
2023 288 670 19.1629272460938 394.792727976084
2023 289 671 19.8543754577637 390.071537886381
2023 290 672 19.9345375061035 351.079497648597
2023 291 673 20.134595489502 403.812777042389
2023 292 674 21.8451782226563 405.048649607658
2023 293 675 20.9149719238281 377.037132249594
2023 294 676 18.6614852905274 368.186024852037
2023 295 677 17.8552528381348 290.273079050303
2023 296 678 18.3412986755371 315.955106765032
2023 297 679 17.8274627685547 370.159855616689
2023 298 680 16.5392356872559 328.922805264235
2023 299 681 14.2237716674805 333.461737055302
2023 300 682 11.9176994323731 377.610631947339
2023 301 683 12.3261657714844 374.952178805172
2023 302 684 14.2182098388672 381.229311014175
2023 303 685 13.5288902282715 375.836840692699
2023 304 686 13.5626655578614 331.216719947398
2023 305 687 14.3977561950684 343.602067393482
2023 306 688 15.0216690063477 338.431871727526
2023 307 689 17.988843536377 330.438757676542
2023 308 690 18.3030410766602 324.0460209122
2023 309 691 17.9501510620117 257.407029149771
2023 310 692 19.0797782897949 234.125610080436
2023 311 693 14.6260314941406 259.860978357941
2023 312 694 13.4042793273926 321.752108497113
2023 313 695 11.8991065979004 329.745239479914
2023 314 696 12.1806083679199 290.508692906216
2023 315 697 12.8526054382324 310.842697736472
2023 316 698 13.8044105529785 301.320308736846
2023 317 699 14.5039840698242 294.829788382873
2023 318 700 14.9126602172852 279.608169317648
2023 319 701 14.3879219055176 218.655049275659
2023 320 702 15.7483917236328 176.079890982149
2023 321 703 15.722314453125 188.794197768925
2023 322 704 16.8662658691406 154.683390333171
2023 323 705 13.6879211425781 237.913220125351
2023 324 706 12.7709671020508 293.438321062083
2023 325 707 11.1849914550781 273.837832780519
2023 326 708 11.240567779541 260.225515723267
2023 327 709 12.7504440307617 268.756554628968
2023 328 710 13.0370727539063 287.334556834459
2023 329 711 9.28803024291994 284.498296366692
2023 330 712 9.40965423583987 273.339921177864
2023 331 713 8.82036361694338 273.72224494338
2023 332 714 9.6097122192383 273.042073664904
2023 333 715 10.6574722290039 200.259304463148
2023 334 716 10.6623970031739 202.984437904
2023 335 717 11.4331527709961 250.11630381918
2023 336 718 12.5313583374024 160.769361451864
2023 337 719 13.7135673522949 134.771710052967
2023 338 720 12.925496673584 155.776997871339
2023 339 721 11.0678611755371 190.71912182498
2023 340 722 11.5312629699707 219.71753963387
2023 341 723 11.5301910400391 183.615117988467
2023 342 724 9.42931137084963 197.520838137865
2023 343 725 8.14494094848635 244.968338195562
2023 344 726 8.07462081909182 233.561020881295
2023 345 727 7.94380340576174 229.079899573922
2023 346 728 8.80219421386721 225.065550437689
2023 347 729 9.08625946044924 229.408865718842
2023 348 730 8.65685043334963 214.365079621077
2023 349 731 9.47121200561526 211.146496899843
2023 350 732 9.7503601074219 232.765270090818
2023 351 733 10.5809646606446 151.335881454468
2023 352 734 11.6802421569824 56.2986178506018
2023 353 735 15.3630119323731 113.94423831749
2023 354 736 15.0945526123047 105.537679852963
2023 355 737 12.3191123962403 132.504467375875
2023 356 738 11.7095199584961 194.368932565212
2023 357 739 11.2134262084961 215.84545404911
2023 358 740 8.52882156372073 229.942330537081
2023 359 741 9.62403640747073 215.458686618805
2023 360 742 10.5010162353516 211.519920735359
2023 361 743 10.7722602844239 158.293185760975
2023 362 744 13.3839775085449 84.3634595641495
2023 363 745 14.9913154602051 107.324800589919
2023 364 746 13.9241004943848 156.261563791275
2023 365 747 11.6892066955567 132.766759648323
2024 1 748 10.9352088928223 164.868507395387
2024 2 749 9.57023773193362 199.250985689163
2024 3 750 11.0080696105957 167.93221089673
2024 4 751 8.80721817016604 190.281255147695
2024 5 752 9.99845275878909 232.925084013939
2024 6 753 8.6554885864258 172.372796394825
2024 7 754 6.95528564453127 190.13958079195
2024 8 755 6.16050872802737 207.990485605717
2024 9 756 8.99444351196291 126.280093952417
2024 10 757 8.83067474365237 79.6074197945594
2024 11 758 8.50416717529299 208.880380574465
2024 12 759 6.66448364257815 232.013054892063
2024 13 760 8.49897537231448 108.110424925327
2024 14 761 11.4211288452149 98.4367593396901
2024 15 762 10.4607139587403 152.131147506714
2024 16 763 9.79420623779299 145.437055429458
2024 17 764 12.1112991333008 136.901205232799
2024 18 765 10.3762336730957 175.737551570415
2024 19 766 10.9655204772949 195.585171153068
2024 20 767 14.0180221557617 125.744391299248
2024 21 768 13.9742294311524 176.096161341906
2024 22 769 14.9462715148926 99.0078808968066
2024 23 770 13.6333976745606 180.753690320015
2024 24 771 12.7259117126465 80.5991339845656
2024 25 772 12.8049942016602 173.293678573131
2024 26 773 11.4236198425293 218.797551455498
2024 27 774 12.0251518249512 191.162292019844
2024 28 775 13.3695808410645 233.34124822855
2024 29 776 13.5173660278321 277.149463182449
2024 30 777 14.3555351257324 280.691307711601
2024 31 778 15.7026611328125 187.345948811531
2024 32 779 12.7784248352051 145.702695192993
2024 33 780 11.5986038208008 247.353683997154
2024 34 781 9.49967346191409 268.542775240898
2024 35 782 11.4393936157227 118.775810623169
2024 36 783 13.4270797729492 206.485207955837
2024 37 784 11.304891204834 215.043193754673
2024 38 785 9.92622146606448 167.268113976479
2024 39 786 8.01326904296877 183.042611392975
2024 40 787 7.68862686157229 275.343121131897
2024 41 788 8.99174270629885 354.915114084244
2024 42 789 8.74931106567385 357.248311023712
2024 43 790 9.85460433959963 328.036938398361
2024 44 791 10.0324989318848 320.067776363373
2024 45 792 11.0915046691895 268.170883364677
2024 46 793 12.2767272949219 195.341667999744
2024 47 794 12.1492858886719 250.97963886261
2024 48 795 11.7870803833008 169.911212268136
2024 49 796 13.3677116394043 203.57646257665
2024 50 797 15.4257522583008 263.101608705795
2024 51 798 13.86318359375 278.570622571541
2024 52 799 11.5940376281739 261.760142178392
2024 53 800 11.4528900146485 343.111920191478
2024 54 801 11.9992080688477 356.150340996019
2024 55 802 12.4521232604981 377.39256780155
2024 56 803 13.6068283081055 395.602074858054
2024 57 804 13.2560440063477 359.098928830519
2024 58 805 11.5738998413086 356.469110288888
2024 59 806 10.5858741760254 441.429142750353
2024 60 807 12.9197784423828 293.459662685096
2024 61 808 12.7028709411621 203.204568692237
2024 62 809 11.1917701721192 318.748445376128
2024 63 810 9.09263000488284 324.999800114512
2024 64 811 9.41414413452151 388.119928910792
2024 65 812 11.3484855651856 239.681156684518
2024 66 813 12.7663856506348 252.130746027142
2024 67 814 11.7623725891114 310.743876187086
2024 68 815 11.2662864685059 453.816751625657
2024 69 816 12.4809814453125 430.697344670296
2024 70 817 12.6175590515137 368.675183814764
2024 71 818 12.9073272705078 285.432947845042
2024 72 819 12.5787406921387 173.063465147793
2024 73 820 11.8644958496094 412.102651189923
2024 74 821 14.4975067138672 523.865617744922
2024 75 822 15.8925758361817 531.639966420889
2024 76 823 14.4856773376465 525.269084741831
2024 77 824 13.7334419250489 525.888889415026
2024 78 825 14.0115905761719 510.867037879705
2024 79 826 14.9989944458008 519.876607175112
2024 80 827 14.447900390625 530.661529799461
2024 81 828 14.7223106384278 536.386037051677
2024 82 829 15.2393585205078 504.44300434494
2024 83 830 13.2753463745117 378.579081915379
2024 84 831 11.6957374572754 395.827877584457
2024 85 832 12.8411155700684 444.081098012447
2024 86 833 12.8157859802246 394.539525774002
2024 87 834 12.6659294128418 442.438576063156
2024 88 835 13.2307182312012 367.519663383961
2024 89 836 11.5093437194824 316.986370655298
2024 90 837 11.2581916809082 316.384267306805
2024 91 838 12.2808776855469 523.312192094326
2024 92 839 13.1097045898438 499.404741774559
2024 93 840 15.2742286682129 592.457900922775
2024 94 841 15.6596885681153 567.22666237402
2024 95 842 11.3387275695801 414.130362366676
2024 96 843 7.98482666015627 435.244195322513
2024 97 844 9.21260223388674 489.974572916031
2024 98 845 11.6426063537598 550.965165203094
2024 99 846 12.8087326049805 585.228104428291
2024 100 847 14.7586303710938 623.134706647873
2024 101 848 16.3575378417969 615.453324136734
2024 102 849 18.4502426147461 615.745527920723
2024 103 850 17.4273391723633 624.657695450783
2024 104 851 12.5818572998047 281.820277793407
2024 105 852 9.62150726318362 327.266590940475
2024 106 853 13.3596130371094 499.891742033005
2024 107 854 15.107137298584 546.998289290428
2024 108 855 17.1008430480957 614.178261235237
2024 109 856 18.7717681884766 615.949178963661
2024 110 857 17.5047737121582 622.55916272068
2024 111 858 16.9862609863281 635.296513915062
2024 112 859 17.7577987670899 663.994338705063
2024 113 860 20.2453018188477 662.387208316803
2024 114 861 16.9794097900391 599.88689799118
2024 115 862 15.5226913452149 528.855184724808
2024 116 863 15.2289825439453 561.555291604996
2024 117 864 15.9905563354492 488.823461876869
2024 118 865 14.7287422180176 637.550000585556
2024 119 866 16.1974998474121 675.447767389297
2024 120 867 16.6792617797852 693.16584762764
2024 121 868 16.3587776184082 704.871681915283
2024 122 869 17.3773170471192 713.420779880524
2024 123 870 18.8604103088379 705.110720991134
2024 124 871 18.6434913635254 690.79283335495
2024 125 872 15.6304183959961 309.362547123432
2024 126 873 11.4412742614746 459.767053272247
2024 127 874 13.1088729858399 636.615853691101
2024 128 875 15.4979835510254 708.825240694046
2024 129 876 18.7111564636231 728.048607654571
2024 130 877 21.2926918029785 728.469213769912
2024 131 878 21.2293830871582 720.234420728683
2024 132 879 21.8925682067871 709.396378505707
2024 133 880 20.6824394226074 706.585028843664
2024 134 881 18.9764305114746 717.108737917684
2024 135 882 18.7165542602539 708.072598410881
2024 136 883 19.3280540466309 685.96704927358
2024 137 884 18.9365821838379 682.677558983399
2024 138 885 17.5904937744141 681.911634801244
2024 139 886 18.2030235290528 706.447787300594
2024 140 887 17.9223953247071 735.521924238134
2024 141 888 18.0021034240723 737.948086157203
2024 142 889 19.4278923034668 750.94663915202
2024 143 890 20.1552215576172 742.826971700467
2024 144 891 19.6171928405762 737.49206398876
2024 145 892 17.4055496215821 709.653147509217
2024 146 893 15.6314598083496 644.753245234743
2024 147 894 16.3293090820313 703.592163362846
2024 148 895 19.4538436889649 737.341532670453
2024 149 896 18.7802825927735 741.773264450595
2024 150 897 20.2685485839844 746.00576445502
2024 151 898 22.7232528686524 750.725285902351
2024 152 899 23.9466682434082 743.105879416883
2024 153 900 21.1606727600098 749.383814934283
2024 154 901 19.477914428711 725.741994234711
2024 155 902 21.0126815795899 630.293661144823
2024 156 903 21.9442573547364 695.096155337989
2024 157 904 27.6826988220215 736.394086802453
2024 158 905 27.1650177001953 739.475496952176
2024 159 906 23.3582092285156 743.641591772377
2024 160 907 19.7060333251953 708.555192798912
2024 161 908 19.5343757629395 720.823238066316
2024 162 909 19.9891563415528 739.953658235162
2024 163 910 24.1899391174317 742.109747896969
2024 164 911 26.3731513977051 745.151310440957
2024 165 912 20.8111320495606 749.401527630865
2024 166 913 19.1296134948731 756.440919779956
2024 167 914 21.0232711791992 764.923655040145
2024 168 915 21.6883178710938 766.03049834007
2024 169 916 21.7537017822266 760.00047880125
2024 170 917 22.7728706359864 763.511345886171
2024 171 918 20.163102722168 720.384924074054
2024 172 919 18.7437492370606 750.39323400861
2024 173 920 19.7431961059571 745.536474971592
2024 174 921 23.1060157775879 755.675026571214
2024 175 922 26.4055267333985 755.219008356154
2024 176 923 25.4322410583496 756.10445720303
2024 177 924 25.9949546813965 707.833537088394
2024 178 925 23.3233352661133 690.983200403094
2024 179 926 21.6316543579102 752.403247640788
2024 180 927 22.4598518371582 761.06746520263
2024 181 928 24.0851150512696 751.522187835872
2024 182 929 25.8091827392578 743.818701097608
2024 183 930 25.3973670959473 749.087167264998
2024 184 931 28.2047325134278 758.136607004404
2024 185 932 29.9543319702149 760.469787815332
2024 186 933 29.5618186950684 752.540477260709
2024 187 934 28.3049942016602 753.802269334853
2024 188 935 28.3992286682129 744.708566959381
2024 189 936 28.8625236511231 741.188873845935
2024 190 937 25.4621330261231 747.081613300144
2024 191 938 23.8163124084473 737.655864606619
2024 192 939 23.6994529724121 730.049753739834
2024 193 940 28.5561462402344 742.486061702251
2024 194 941 29.5805030822754 738.408498517394
2024 195 942 26.4985214233399 690.230559121072
2024 196 943 23.6865821838379 679.892789810955
2024 197 944 22.088510131836 692.590315670848
2024 198 945 21.0220199584961 711.286819615185
2024 199 946 19.4517608642578 732.90096035555
2024 200 947 23.018628692627 735.552893346399
2024 201 948 25.7247062683106 725.790695085883
2024 202 949 26.7739654541016 725.640157246858
2024 203 950 22.8868194580078 716.79883612448
2024 204 951 23.9140830993653 713.721847210795
2024 205 952 28.2356582641602 700.444359085768
2024 206 953 29.4055191040039 700.608160317898
2024 207 954 27.3615966796875 706.292825414062
2024 208 955 25.9694229125977 723.422080849022
2024 209 956 19.8934761047364 699.811242791355
2024 210 957 17.9784370422364 699.660700872943
2024 211 958 20.3513694763184 697.305391594827
2024 212 959 21.0195289611817 694.463054809853
2024 213 960 21.9967666625977 689.150279298208
2024 214 961 23.4777732849121 693.900795515351
2024 215 962 24.581201171875 664.012035233728
2024 216 963 26.363599395752 537.258213748157
2024 217 964 25.0210472106934 684.09871940415
2024 218 965 22.668042755127 683.877365205511
2024 219 966 22.8293243408203 693.852092976903
2024 220 967 25.6910758972168 687.109294655889
2024 221 968 23.7262321472168 679.759976582802
2024 222 969 22.3313690185547 672.910932534955
2024 223 970 22.2101455688477 656.552029542923
2024 224 971 22.8668991088867 623.621694809913
2024 225 972 20.9464736938477 591.014577027321
2024 226 973 21.077237701416 672.251263127327
2024 227 974 22.367276763916 671.073596446991
2024 228 975 22.9343544006348 668.24454064846
2024 229 976 22.9879127502442 664.596441297531
2024 230 977 22.5291725158692 639.511317745209
2024 231 978 20.9585052490235 603.003732305527
2024 232 979 21.1270500183106 654.037296813011
2024 233 980 22.422494506836 658.097158799171
2024 234 981 22.8008934020996 650.836377363205
2024 235 982 20.8565879821778 636.133274668693
2024 236 983 19.4324584960938 618.800389328003
2024 237 984 20.045613861084 421.147650729656
2024 238 985 20.6757942199707 575.120560072899
2024 239 986 22.9551101684571 636.633570892334
2024 240 987 24.6607032775879 630.151973338127
2024 241 988 25.8853584289551 627.539870595932
2024 242 989 23.0692726135254 611.822933922768
2024 243 990 22.0540557861328 616.692970780372
2024 244 991 22.6923347473145 611.234115199089
2024 245 992 22.0316368103028 604.956175744057
2024 246 993 21.9936538696289 608.520163750648
2024 247 994 22.6634803771973 607.572716858864
2024 248 995 26.0534873962403 600.697110159874
2024 249 996 25.6669975280762 592.612838734627
2024 250 997 26.2948928833008 587.716241195679
2024 251 998 25.6954399108887 585.551290129662
2024 252 999 25.1592918395996 586.15783613491
2024 253 1000 25.3755661010742 577.661826267242
2024 254 1001 21.6430679321289 560.966450704574
2024 255 1002 19.3243194580078 568.337920294761
2024 256 1003 20.8549247741699 565.190094486713
2024 257 1004 21.9747634887696 566.172963180542
2024 258 1005 22.0376564025879 559.106984267235
2024 259 1006 20.2118812561035 547.857175880909
2024 260 1007 17.5352836608887 442.270324141502
2024 261 1008 18.1432510375977 429.975690786838
2024 262 1009 18.5592208862305 409.030090600014
2024 263 1010 19.8660751342774 447.401577825546
2024 264 1011 20.1473251342774 497.279636266708
2024 265 1012 20.4808898925781 515.387329110622
2024 266 1013 21.4340492248535 510.247215313911
2024 267 1014 22.3959175109864 511.624098192692
2024 268 1015 25.9353881835938 512.691092847347
2024 269 1016 22.8888984680176 500.763930132866
2024 270 1017 19.2630821228028 484.378455898762
2024 271 1018 21.1820579528809 503.628395133018
2024 272 1019 22.7373710632324 492.861172321319
2024 273 1020 19.713712310791 483.873746503353
2024 274 1021 20.9919181823731 489.266196853161
2024 275 1022 24.4105850219727 484.675082430839
2024 276 1023 26.5124259948731 476.940579565048
2024 277 1024 26.5531135559082 472.947139442921
2024 278 1025 26.0732093811035 436.22262891984
2024 279 1026 25.7792907714844 455.534539801121
2024 280 1027 26.8505607604981 452.701064782619
2024 281 1028 27.025537109375 445.927281589031
2024 282 1029 25.0123306274414 449.628519943237
2024 283 1030 21.5297409057617 438.073234740496
2024 284 1031 20.3561416625977 389.182478073597
2024 285 1032 18.5590148925781 396.275034048796
2024 286 1033 18.9938674926758 399.989542915344
2024 287 1034 20.8669715881348 382.953267978191
2024 288 1035 20.1332107543946 395.863292078257
2024 289 1036 19.4011131286621 408.98140433383
2024 290 1037 19.6663948059082 266.063486741781
2024 291 1038 17.8833709716797 322.369976516962
2024 292 1039 18.0932289123535 388.000396205425
2024 293 1040 18.3311019897461 412.173499960184
2024 294 1041 16.8708511352539 406.794306640267
2024 295 1042 17.895825958252 393.69391019988
2024 296 1043 16.7986160278321 364.159333602548
2024 297 1044 16.3635536193848 381.071653149247
2024 298 1045 17.3436943054199 383.515527658582
2024 299 1046 16.219499206543 347.291302018762
2024 300 1047 15.9774833679199 352.320725267172
2024 301 1048 18.8956886291504 266.063485733747
2024 302 1049 16.7807632446289 327.780152321279
2024 303 1050 13.8949371337891 352.648338693797
2024 304 1051 12.6935287475586 345.462825563073
2024 305 1052 14.263990020752 235.360104758069
2024 306 1053 13.4181571960449 299.051348322988
2024 307 1054 15.0757919311524 275.219149392396
2024 308 1055 14.47841796875 319.151335266769
2024 309 1056 15.8755584716797 338.383552984148
2024 310 1057 14.5618606567383 321.7855813604
2024 311 1058 17.4140640258789 335.151613815695
2024 312 1059 13.7921882629395 331.007652770609
2024 313 1060 12.9592147827149 325.97824001205
2024 314 1061 12.6721473693848 321.581913275391
2024 315 1062 12.6733947753906 317.845276177913
2024 316 1063 13.4912162780762 156.983474928096
2024 317 1064 10.6228233337403 190.422927062109
2024 318 1065 10.7313743591309 265.324124012746
2024 319 1066 13.4235473632813 220.701287585139
2024 320 1067 11.5130859375 246.074191090513
2024 321 1068 10.385572052002 275.289988688715
2024 322 1069 8.95666656494143 211.740415429687
2024 323 1070 12.5658737182617 244.511344406618
2024 324 1071 8.91494903564455 242.833403672493
2024 325 1072 13.1829772949219 113.538303023003
2024 326 1073 15.0085464477539 92.3713467907905
2024 327 1074 16.399259185791 81.5377267488836
2024 328 1075 14.4726005554199 153.295532491833
2024 329 1076 11.1145454406739 236.604174606562
2024 330 1077 12.1781326293946 142.563736868858
2024 331 1078 13.2294746398926 83.7602324785291
2024 332 1079 10.4843727111817 244.498064997196
2024 333 1080 8.07117614746096 271.460374456167
2024 334 1081 8.0962959289551 256.102034954071
2024 335 1082 8.52741775512698 253.330544183016
2024 336 1083 9.76867828369143 203.943928657055
2024 337 1084 11.1996551513672 241.323686572075
2024 338 1085 10.8424354553223 251.347107234716
2024 339 1086 11.0749031066895 252.113039504766
2024 340 1087 11.1967521667481 233.106603675842
2024 341 1088 10.9866882324219 236.812260493994
2024 342 1089 10.2134948730469 216.473212108612
2024 343 1090 11.056226348877 214.70228757596
2024 344 1091 10.0657058715821 255.858538604975
2024 345 1092 8.29265365600588 257.425814110756
2024 346 1093 7.49392852783205 241.726576620221
2024 347 1094 10.4221054077149 197.426932989597
2024 348 1095 11.3055168151856 112.311942209095
2024 349 1096 13.3141571044922 127.546311609745
2024 350 1097 8.89729843139651 181.174284338951
2024 351 1098 8.34475097656252 98.6714083025455
2024 352 1099 10.4169097900391 129.29509455502
2024 353 1100 9.52374420166018 214.343673268318
2024 354 1101 8.31174621582034 221.427363586664
