Year DOY_disc DOY TA_C PAR_umol_m2_day
2021 349 1 7.44775161743166 179.280034184933
2021 350 2 10.3043876647949 136.010945985854
2021 351 3 7.59983978271487 187.909686017394
2021 352 4 6.16701660156252 195.720229027271
2021 353 5 5.16744766235354 200.393132788181
2021 354 6 5.94208297729494 194.144694448948
2021 355 7 6.43137130737307 188.115573761225
2021 356 8 7.53819808959963 112.221228401184
2021 357 9 11.4700523376465 75.7063579015732
2021 358 10 11.7854324340821 103.770618735671
2021 359 11 9.73326263427737 151.085973128676
2021 360 12 7.89880523681643 156.345229836702
2021 361 13 8.5475784301758 111.469268108964
2021 362 14 6.72254333496096 157.092708032846
2021 363 15 7.51598892211916 127.005317913413
2021 364 16 7.44134674072268 130.697984326601
2021 365 17 6.35152206420901 181.746289815664
2022 1 18 5.72586212158205 216.581088856697
2022 2 19 4.05794296264651 255.494359447002
2022 3 20 7.49678192138674 196.267296000957
2022 4 21 11.6040435791016 74.896561798811
2022 5 22 12.0996376037598 124.719251466036
2022 6 23 12.4556022644043 134.69358466506
2022 7 24 12.0405479431153 109.958128112793
2022 8 25 9.67971954345705 139.159776488543
2022 9 26 7.71776351928713 221.363430809975
2022 10 27 8.90303573608401 209.189397605419
2022 11 28 8.5185371398926 245.845078323841
2022 12 29 8.44082412719729 243.591948497295
2022 13 30 9.70967254638674 231.69399204874
2022 14 31 9.63277969360354 229.440857182026
2022 15 32 8.60515365600588 240.381450710773
2022 16 33 10.1672264099121 238.382138238907
2022 17 34 10.157918548584 252.746958414555
2022 18 35 9.20274505615237 236.805826970577
2022 19 36 8.41107711791994 245.511112205505
2022 20 37 8.90849838256838 249.313826293468
2022 21 38 10.9186187744141 289.300216351509
2022 22 39 12.6512847900391 298.873808252335
2022 23 40 9.3014961242676 300.810775348663
2022 24 41 8.56649551391604 297.529049897194
2022 25 42 8.68346176147463 287.648215356827
2022 26 43 8.57803115844729 292.390478896141
2022 27 44 8.69257125854494 309.956896424294
2022 28 45 8.84110794067385 310.259686578751
2022 29 46 8.91922149658205 307.966481362343
2022 30 47 8.46875152587893 323.17734174633
2022 31 48 8.8591247558594 297.689348432541
2022 32 49 9.24908599853518 320.407676272392
2022 33 50 10.4272743225098 343.758304371834
2022 34 51 8.55537185668948 341.229090229034
2022 35 52 8.36736831665041 334.171374168396
2022 36 53 8.98559722900393 306.532665241241
2022 37 54 8.36433181762698 338.17891517067
2022 38 55 9.19970474243166 354.467354563713
2022 39 56 10.0559288024903 350.780420712471
2022 40 57 11.2802444458008 361.738824181557
2022 41 58 12.6508880615235 361.12878130722
2022 42 59 13.3779960632324 366.107052764893
2022 43 60 13.3638244628906 361.200037197113
2022 44 61 14.1848388671875 367.32711835289
2022 45 62 13.5935150146485 367.870369918823
2022 46 63 11.2169090270996 378.566072735786
2022 47 64 11.7888008117676 394.774362699714
2022 48 65 13.763501739502 400.224619753089
2022 49 66 10.7443824768067 400.131093050618
2022 50 67 11.3644348144531 399.886203366555
2022 51 68 11.4437652587891 347.828185929984
2022 52 69 9.99663314819338 366.4276536039
2022 53 70 9.59452590942385 413.51185009513
2022 54 71 6.05814895629885 400.919262021542
2022 55 72 5.8964553833008 438.100367291987
2022 56 73 6.6579643249512 440.74979588598
2022 57 74 7.68721160888674 438.122632190242
2022 58 75 11.6528068542481 406.111256700903
2022 59 76 12.2487808227539 443.051920090526
2022 60 77 13.8203636169434 428.771706046283
2022 61 78 13.6892410278321 395.963272614449
2022 62 79 13.4733100891114 352.427966197967
2022 63 80 13.0038162231446 257.573827455252
2022 64 81 9.03416976928713 366.044711547494
2022 65 82 8.29815826416018 465.592130917907
2022 66 83 10.6359039306641 490.599211363077
2022 67 84 12.4418426513672 490.674904743552
2022 68 85 12.9694152832031 486.805400103211
2022 69 86 12.6300445556641 503.5079619385
2022 70 87 11.5514198303223 513.914216557741
2022 71 88 12.3580642700196 510.129314804196
2022 72 89 13.9877258300781 410.693213294089
2022 73 90 12.1923156738281 490.434453412414
2022 74 91 15.3976264953614 289.32248110801
2022 75 92 14.3890243530274 437.392366154671
2022 76 93 13.656453704834 443.096430356383
2022 77 94 12.565690612793 534.094430576801
2022 78 95 14.5634666442871 297.373202334881
2022 79 96 12.3341766357422 455.297188425779
2022 80 97 13.8029724121094 539.696081699371
2022 81 98 19.0693870544434 539.994425416946
2022 82 99 17.709676361084 538.832246167183
2022 83 100 16.2534385681153 544.442805284023
2022 84 101 15.2104431152344 548.294494691849
2022 85 102 15.0396324157715 565.273118162632
2022 86 103 15.8568016052246 500.600256952524
2022 87 104 14.9259086608887 315.411605521739
2022 88 105 12.9139610290528 350.312868953228
2022 89 106 13.237752532959 502.46152953434
2022 90 107 12.8079200744629 518.242366475105
2022 91 108 13.6791206359864 580.853571097851
2022 92 109 15.0871978759766 594.185332579136
2022 93 110 16.9924827575684 614.561481394768
2022 94 111 15.6163841247559 513.103792449951
2022 95 112 15.6374259948731 584.023991478443
2022 96 113 17.063119506836 618.444362895012
2022 97 114 18.9704299926758 619.887067857742
2022 98 115 21.2909790039063 619.10336496067
2022 99 116 18.7352767944336 626.379280007362
2022 100 117 17.2634483337403 644.203944694519
2022 101 118 13.8586250305176 375.898815930843
2022 102 119 10.6911598205567 627.363365901947
2022 103 120 10.7996307373047 605.192750177383
2022 104 121 13.6095024108887 319.334538408041
2022 105 122 14.1330276489258 357.69565473032
2022 106 123 15.1636901855469 411.392311351299
2022 107 124 12.8639808654785 593.802396181107
2022 108 125 12.7611709594727 660.007046076775
2022 109 126 15.8446594238281 371.659724535465
2022 110 127 14.1445632934571 640.045018191338
2022 111 128 16.3204246520996 527.59329279232
2022 112 129 13.3387313842774 461.219457535744
2022 113 130 14.4519554138184 642.347132410049
2022 114 131 16.3390403747559 685.085366409302
2022 115 132 17.3585678100586 662.36259515667
2022 116 133 17.0357986450196 657.357605764389
2022 117 134 15.1549850463867 675.62310276413
2022 118 135 14.4179626464844 682.854490943909
2022 119 136 14.9627395629883 674.015639724731
2022 120 137 17.901929473877 679.768679876327
2022 121 138 16.2700325012207 686.149591995239
2022 122 139 17.2470680236817 670.751713125229
2022 123 140 16.8629737854004 701.716681427002
2022 124 141 19.2519203186035 712.163013830185
2022 125 142 19.4490257263184 629.683272924423
2022 126 143 17.9806457519531 561.109734638214
2022 127 144 17.194654083252 652.646501556396
2022 128 145 15.0210205078125 672.737686790466
2022 129 146 12.2281394958496 637.956625272751
2022 130 147 12.0559288024903 668.507485244751
2022 131 148 13.0859771728516 682.752084794998
2022 132 149 14.7203002929688 713.503306938376
2022 133 150 16.7870803833008 712.915542618003
2022 134 151 20.5108543395996 701.213523415226
2022 135 152 21.3359123229981 693.340904804844
2022 136 153 18.6444145202637 708.921350018367
2022 137 154 17.8292785644531 711.472822576111
2022 138 155 21.396012878418 738.501505783223
2022 139 156 26.1249443054199 724.519609243739
2022 140 157 21.7584548950196 743.22148206247
2022 141 158 20.8218933105469 756.42856827151
2022 142 159 20.9655738830567 740.643302054062
2022 143 160 22.2166152954102 737.615366252095
2022 144 161 23.8812881469727 739.654789922647
2022 145 162 27.1242385864258 736.71589712052
2022 146 163 23.549405670166 704.094501563609
2022 147 164 18.225717163086 573.907154083513
2022 148 165 18.6755805969239 665.484037461057
2022 149 166 18.7453971862793 685.521747150332
2022 150 167 19.6649604797364 759.438681635097
2022 151 168 19.7299209594727 766.242617843062
2022 152 169 22.3726364135742 759.550016332716
2022 153 170 22.3165832519531 738.301117816418
2022 154 171 21.3775955200196 668.422892879307
2022 155 172 18.986417388916 427.382411657423
2022 156 173 20.9924865722656 394.369152350813
2022 157 174 21.0910430908203 621.717172476947
2022 158 175 21.8304992675781 747.847981229782
2022 159 176 21.7932601928711 690.980911630958
2022 160 177 22.6225639343262 706.240747019797
2022 161 178 26.7715087890625 740.794690468818
2022 162 179 27.641690826416 737.993861379415
2022 163 180 24.3651519775391 584.749796854407
2022 164 181 20.6158882141114 661.935116078198
2022 165 182 22.3667694091797 770.668723219812
2022 166 183 23.6291366577149 764.408027190149
2022 167 184 21.387712097168 757.679823943734
2022 168 185 17.7535911560059 754.455968008935
2022 169 186 17.4571281433106 719.634870792687
2022 170 187 19.531396484375 742.424413319051
2022 171 188 22.7603698730469 762.279588303685
2022 172 189 25.6161933898926 766.371756385565
2022 173 190 28.8051010131836 757.951446891606
2022 174 191 26.626611328125 685.290195717692
2022 175 192 26.1917205810547 749.174916288137
2022 176 193 24.5391899108887 751.183139400363
2022 177 194 23.5475936889649 755.043748709857
2022 178 195 23.1367813110352 764.167589215457
2022 179 196 23.4364906311035 763.579827667177
2022 180 197 21.9713417053223 754.932434944689
2022 181 198 19.2438293457031 752.496729666889
2022 182 199 18.6616226196289 757.163290249407
2022 183 200 18.1858497619629 750.359370878756
2022 184 201 17.4002586364746 701.95268279314
2022 185 202 18.9032417297364 656.426966638386
2022 186 203 22.8878646850586 624.121700971842
2022 187 204 21.2104431152344 586.045560012519
2022 188 205 19.8422370910645 715.190944040716
2022 189 206 21.624284362793 746.436434023321
2022 190 207 21.5425239562989 730.628890236318
2022 191 208 22.3710189819336 738.590547712028
2022 192 209 25.7794967651367 741.778774378836
2022 193 210 23.5858322143555 720.547673517466
2022 194 211 21.4472061157227 699.980088129878
2022 195 212 21.7942672729492 739.770538477182
2022 196 213 22.1016708374024 741.98805075413
2022 197 214 22.9222732543946 734.200048449993
2022 198 215 25.1889968872071 729.751697626889
2022 199 216 25.2013374328614 724.559678597212
2022 200 217 24.2736831665039 724.964902716011
2022 201 218 22.6152816772461 737.410547748566
2022 202 219 21.8719841003418 734.881353356928
2022 203 220 22.4250465393067 743.034478181124
2022 204 221 21.6694084167481 737.820201766193
2022 205 222 20.8548789978028 727.721199488818
2022 206 223 21.0829483032227 705.154254377782
2022 207 224 21.2851119995117 682.596243832156
2022 208 225 21.279443359375 686.897671656773
2022 209 226 21.4130073547364 685.072006229207
2022 210 227 20.8587280273438 684.706886292234
2022 211 228 21.2697273254395 657.183934558779
2022 212 229 21.3470397949219 644.43104817035
2022 213 230 21.7254692077637 473.513705475002
2022 214 231 24.6490684509278 554.760007169597
2022 215 232 24.0352951049805 641.52780840376
2022 216 233 25.2938171386719 659.646347167145
2022 217 234 23.0766807556153 622.175820325244
2022 218 235 21.7096801757813 655.31820804283
2022 219 236 21.2488952636719 672.185528277673
2022 220 237 20.955453491211 667.768322338719
2022 221 238 21.9942070007324 668.476334320273
2022 222 239 21.3773933410645 669.794373732772
2022 223 240 22.0016990661621 677.671416260719
2022 224 241 21.717977142334 683.308693816185
2022 225 242 22.6077896118164 688.531851953506
2022 226 243 22.8277603149414 687.68137085247
2022 227 244 23.7459045410156 687.53443582058
2022 228 245 25.116342163086 680.307481981277
2022 229 246 26.9884468078614 624.304269744873
2022 230 247 24.1846405029297 615.340704589844
2022 231 248 23.2306838989258 659.36138533783
2022 232 249 23.5052925109864 658.72018817234
2022 233 250 24.6349082946778 635.654532222748
2022 234 251 22.015454864502 643.936782485008
2022 235 252 23.632585144043 640.245395140648
2022 236 253 24.4460960388184 641.959735966683
2022 237 254 22.7255722045899 621.409922592163
2022 238 255 21.8264518737793 613.372578162193
2022 239 256 22.3957077026367 607.138609139442
2022 240 257 20.9404808044434 595.792806202888
2022 241 258 21.6667762756348 590.235669346809
2022 242 259 22.2338119506836 595.806167690277
2022 243 260 21.8343368530274 604.881037916183
2022 244 261 23.4903121948242 615.229410607338
2022 245 262 24.4894004821778 611.395517531395
2022 246 263 24.4614845275879 603.139978147507
2022 247 264 25.0509735107422 598.037037107468
2022 248 265 28.1781631469727 591.54481487751
2022 249 266 30.6173072814942 589.972972726822
2022 250 267 29.8989044189453 572.629207677841
2022 251 268 28.8605514526367 578.457944108009
2022 252 269 27.5627685546875 576.227100899696
2022 253 270 25.1837287902832 524.538650632381
2022 254 271 23.7208152770996 360.002228490353
2022 255 272 23.722428894043 463.347907699585
2022 256 273 20.9777160644531 473.23318615675
2022 257 274 19.5020576477051 540.266054728031
2022 258 275 19.3170906066895 532.51368093586
2022 259 276 18.827352142334 533.62689141798
2022 260 277 19.6424880981446 545.863250845432
2022 261 278 18.7395301818848 365.216478129387
2022 262 279 18.9609161376953 249.808096491337
2022 263 280 19.0623069763184 396.172550029278
2022 264 281 19.9588027954102 407.5406048069
2022 265 282 19.4822212219239 499.072943432808
2022 266 283 20.4653144836426 522.58386956358
2022 267 284 22.2672058105469 524.200253701687
2022 268 285 22.4153343200684 498.137846466541
2022 269 286 21.3565460205078 491.943968962192
2022 270 287 19.3725334167481 488.199144740581
2022 271 288 19.3800178527832 487.094831668377
2022 272 289 20.5136848449707 489.031803804874
2022 273 290 21.1634841918946 486.800947492123
2022 274 291 20.2589012145996 471.069104519844
2022 275 292 19.10439453125 456.753261680126
2022 276 293 18.9244895935059 465.850380218983
2022 277 294 19.0359931945801 469.461632408142
2022 278 295 19.4492317199707 464.844046263456
2022 279 296 20.3167892456055 460.230929992437
2022 280 297 20.8433433532715 453.302313318491
2022 281 298 20.7186904907227 445.296140568256
2022 282 299 19.9670921325684 432.516520502567
2022 283 300 19.7578445434571 434.974487575769
2022 284 301 19.0542083740235 431.897588786602
2022 285 302 18.5952392578125 421.402259894848
2022 286 303 17.6161857604981 400.963785864353
2022 287 304 16.9072929382324 415.858483770132
2022 288 305 17.4979988098145 390.77571901679
2022 289 306 17.1124893188477 380.075575307131
2022 290 307 16.0771766662598 390.103332530975
2022 291 308 18.2232833862305 362.598214032888
2022 292 309 19.2047706604004 392.672612235308
2022 293 310 19.0483413696289 399.084696915984
2022 294 311 17.8274589538574 394.965822113872
2022 295 312 18.4191833496094 352.218685160518
2022 296 313 15.9438186645508 393.278200356483
2022 297 314 15.038217163086 390.882592519283
2022 298 315 15.6317649841309 368.56946249485
2022 299 316 14.3991409301758 357.757988387466
2022 300 317 13.5647789001465 371.370285284042
2022 301 318 13.6074806213379 351.733313884616
2022 302 319 13.9598098754883 324.21485330379
2022 303 320 14.622762298584 347.663432105958
2022 304 321 13.9551483154297 285.586557761431
2022 305 322 14.2226768493653 188.804357932091
2022 306 323 11.0977149963379 235.581306408912
2022 307 324 10.2346206665039 321.062232909203
2022 308 325 10.119474029541 278.408611278564
2022 309 326 13.184529876709 159.513651554123
2022 310 327 15.2254119873047 195.928874404937
2022 311 328 13.2209602355957 270.584988022715
2022 312 329 10.9176002502442 127.208382670533
2022 313 330 9.9678894042969 273.875622003973
2022 314 331 9.7460990905762 299.94692803508
2022 315 332 9.12421951293948 299.189952759191
2022 316 333 9.66130599975588 272.713440478258
2022 317 334 10.1955619812012 313.715081054382
2022 318 335 9.03639373779299 311.813723971024
2022 319 336 9.63661727905276 306.799841594726
2022 320 337 10.4477096557617 308.598786579411
2022 321 338 10.1042877197266 269.614274696015
2022 322 339 10.0330558776856 288.489802959984
2022 323 340 10.0395332336426 298.766935616121
2022 324 341 9.15700683593752 297.123847061295
2022 325 342 9.02343902587893 288.556593219008
2022 326 343 9.09184036254885 273.759850993123
2022 327 344 9.75904998779299 277.010414502621
2022 328 345 10.2388664245606 280.007168560267
2022 329 346 10.5885520935059 267.837592124939
2022 330 347 10.9026313781739 262.329448481321
2022 331 348 10.0482307434082 266.020834313631
2022 332 349 10.2184234619141 254.719563536167
2022 333 350 8.99855194091799 260.753141245127
2022 334 351 7.50851974487307 266.804533430576
2022 335 352 10.0132232666016 108.898353751898
2022 336 353 5.74083480834963 190.661181178927
2022 337 354 7.76228866577151 119.571783559084
2022 338 355 10.3038307189942 136.496980579466
2022 339 356 11.2790313720703 201.227737861633
2022 340 357 9.99157867431643 191.382540842533
2022 341 358 8.18766555786135 215.156185770035
2022 342 359 7.25636444091799 204.175516851425
2022 343 360 10.1668258666992 108.421904456735
2022 344 361 11.9794288635254 65.7148304188251
2022 345 362 11.0602775573731 114.860691573501
2022 346 363 8.8945365905762 215.463428913593
2022 347 364 6.59624252319338 230.669841600656
2022 348 365 6.40257415771487 225.936477991343
2022 349 366 6.8868461608887 214.394752102613
2022 350 367 6.23582611083987 230.781160531998
2022 351 368 6.1807914733887 224.752026487827
2022 352 369 5.11429748535159 211.291129582643
2022 353 370 4.63509521484377 168.971460682392
2022 354 371 6.27973327636721 176.16277259028
2022 355 372 7.68457946777346 225.139427467346
2022 356 373 8.09498367309573 164.371682713985
2022 357 374 7.59472808837893 146.190790239096
2022 358 375 7.62487564086916 172.458018088341
2022 359 376 9.36260757446291 191.796643880129
2022 360 377 8.30645523071291 161.655462685585
2022 361 378 11.975789642334 56.1100817067623
2022 362 379 9.15033111572268 179.003676565528
2022 363 380 10.0907341003418 106.961380607367
2022 364 381 12.1907058715821 26.5967406004667
2022 365 382 15.1454750061035 21.4893472013473
2023 1 383 11.4023643493653 170.016135611206
2023 2 384 8.76222381591799 184.041892388344
2023 3 385 8.39031753540041 112.063769622922
2023 4 386 10.5627952575684 76.1702891815901
2023 5 387 14.0183654785156 58.0501704946161
2023 6 388 10.579679107666 107.364807811499
2023 7 389 12.0893417358399 129.912707384825
2023 8 390 13.1655288696289 183.970761116624
2023 9 391 14.3759552001953 95.108388512373
2023 10 392 12.8346611022949 143.862883712769
2023 11 393 10.8028198242188 59.5705539712907
2023 12 394 12.8468414306641 155.954817545354
2023 13 395 14.1707588195801 148.753003626824
2023 14 396 13.2700439453125 55.0316315045358
2023 15 397 10.5027252197266 107.493728020191
2023 16 398 9.70120010375979 120.448102455258
2023 17 399 8.13639221191409 238.646751635075
2023 18 400 7.01338729858401 273.251017137051
2023 19 401 9.1469665527344 219.393005057335
2023 20 402 7.3000198364258 248.924883526325
2023 21 403 6.78297576904299 297.105916641235
2023 22 404 7.35665283203127 296.696918034554
2023 23 405 10.0333534240723 303.480843055725
2023 24 406 8.72674713134768 306.326016305924
2023 25 407 8.36145935058596 307.673020560265
2023 26 408 10.9975410461426 310.918270310402
2023 27 409 8.9719062805176 308.339860088348
2023 28 410 8.4629837036133 294.678631847382
2023 29 411 9.28055343627932 248.755962774277
2023 30 412 6.63869628906252 290.69984450388
2023 31 413 5.76492462158205 334.995454865456
2023 32 414 6.04107437133791 324.170497928619
2023 33 415 7.28483734130862 275.971693682671
2023 34 416 10.7959800720215 150.611251855373
2023 35 417 9.24421463012698 156.759467446804
2023 36 418 12.6341682434082 213.280363985062
2023 37 419 8.84879455566409 313.22551441288
2023 38 420 8.40783462524416 330.82995094204
2023 39 421 8.96656570434573 303.627557328224
2023 40 422 9.81854400634768 350.310416911125
2023 41 423 9.86770401000979 330.44763902092
2023 42 424 9.90937957763674 291.48226971817
2023 43 425 8.77654800415041 336.520279297829
2023 44 426 10.838094329834 378.850940050125
2023 45 427 10.9225173950196 393.090074041367
2023 46 428 7.65589294433596 387.866541923523
2023 47 429 6.36039886474612 362.509043619156
2023 48 430 8.51727447509768 353.85353472177
2023 49 431 8.00536117553713 405.799952688451
2023 50 432 9.58043060302737 405.106423855295
2023 51 433 10.4952522277832 395.881895024179
2023 52 434 11.8852172851563 396.975487190817
2023 53 435 8.39501724243166 407.809338816665
2023 54 436 6.18727645874026 342.095020534113
2023 55 437 6.68614730834963 187.758383876152
2023 56 438 6.81354293823244 250.600870589644
2023 57 439 8.31101379394534 176.431078595214
2023 58 440 8.01648101806643 148.717438510731
2023 59 441 6.96978530883791 110.556723976344
2023 60 442 7.11770019531252 328.291544035435
2023 61 443 7.83842620849612 459.01777617687
2023 62 444 8.37171325683596 412.090419235855
2023 63 445 10.1387229919434 356.712021631897
2023 64 446 8.58418045043948 363.918286239952
2023 65 447 7.14141616821291 398.993776303649
2023 66 448 8.31550750732424 401.66556485033
2023 67 449 8.50787124633791 316.275177894116
2023 68 450 8.59294662475588 355.702888618648
2023 69 451 12.2787109375 76.3836749167294
2023 70 452 11.5180107116699 183.117215466976
2023 71 453 14.2857566833496 186.878159849346
2023 72 454 15.0024276733399 292.300252756059
2023 73 455 15.7900787353516 142.933761646062
2023 74 456 11.0231910705567 251.009863620639
2023 75 457 10.835523223877 436.403198257923
2023 76 458 11.8240829467774 521.535737740517
2023 77 459 13.1281295776367 517.334696595192
2023 78 460 15.1103721618653 215.82322602284
2023 79 461 12.7418952941895 307.810829988599
2023 80 462 11.1933265686035 188.483007356167
2023 81 463 10.5939956665039 286.654398282409
2023 82 464 11.727685546875 367.914845124006
2023 83 465 10.6239181518555 510.826376066208
2023 84 466 10.0239463806153 571.312729205609
2023 85 467 9.65224609375002 578.612326493263
2023 86 468 8.78573379516604 587.974693993569
2023 87 469 11.4553810119629 295.341028466702
2023 88 470 8.88661727905276 231.000375112057
2023 89 471 9.17260894775393 420.808154538155
2023 90 472 10.7369895935059 412.463847702026
2023 91 473 11.3414627075196 489.527688872814
2023 92 474 12.9817138671875 462.547565693379
2023 93 475 10.4798599243164 587.756852859497
2023 94 476 9.21022567749026 608.811064146996
2023 95 477 9.64861450195315 617.124256005287
2023 96 478 11.4808135986328 581.937622187615
2023 97 479 14.4907318115235 357.885664556503
2023 98 480 14.3468795776367 346.829530199051
2023 99 481 14.6942153930664 563.901976036072
2023 100 482 16.8666931152344 612.300819540024
2023 101 483 17.024861907959 517.610303103447
2023 102 484 13.4406219482422 627.531312389374
2023 103 485 12.9894081115723 654.658149841309
2023 104 486 12.4920288085938 651.750737563133
2023 105 487 13.3961578369141 647.162931003571
2023 106 488 13.2093482971192 652.097498149872
2023 107 489 13.4151817321778 569.872348264694
2023 108 490 11.9647270202637 599.475370227814
2023 109 491 11.5804077148438 664.958521981239
2023 110 492 13.680436706543 667.127958797455
2023 111 493 17.3495307922364 651.048356781006
2023 112 494 19.5427452087403 652.510942185402
2023 113 495 18.2923561096192 638.391819652558
2023 114 496 17.1672187805176 667.448043787003
2023 115 497 17.8204132080078 684.016657089233
2023 116 498 18.9143386840821 681.980574066162
2023 117 499 20.2019248962403 681.184830205917
2023 118 500 20.8570457458496 676.508089868546
2023 119 501 19.7537055969239 662.602375137329
2023 120 502 17.5136848449707 661.410945772171
2023 121 503 13.8257804870606 584.582721906662
2023 122 504 12.9562774658203 489.225388118744
2023 123 505 12.7074714660645 471.945483016014
2023 124 506 13.4446769714356 428.538990177155
2023 125 507 13.5714241027832 402.76362156105
2023 126 508 14.3746658325196 368.812848212242
2023 127 509 13.6460205078125 539.686995283127
2023 128 510 15.2916275024414 453.491942359924
2023 129 511 15.0203872680664 542.865565616608
2023 130 512 14.952840423584 539.251306966782
2023 131 513 14.8923545837403 674.845471254349
2023 132 514 17.1849494934082 707.538122716904
2023 133 515 20.017896270752 704.42178247396
2023 134 516 22.8875938415528 706.933524637456
2023 135 517 20.3049522399903 682.874143974538
2023 136 518 20.5712715148926 716.744882602368
2023 137 519 21.3544250488281 721.097096957086
2023 138 520 19.4258285522461 725.551549859352
2023 139 521 19.2093063354492 726.600717842672
2023 140 522 18.3825546264649 713.57965984856
2023 141 523 17.583154296875 703.977237446077
2023 142 524 20.4130989074707 729.525885828182
2023 143 525 19.2992950439453 732.619997589074
2023 144 526 16.7467742919922 734.384881629094
2023 145 527 16.4139877319336 704.95082870914
2023 146 528 16.4973426818848 655.23606595543
2023 147 529 16.7989402770996 696.055256375745
2023 148 530 16.7309700012207 596.381254458413
2023 149 531 17.3412071228028 611.762912049278
2023 150 532 17.4963737487793 700.731969968721
2023 151 533 16.8220191955567 694.357046105817
2023 152 534 17.1855941772461 739.777369102895
2023 153 535 18.3921714782715 750.033270605296
2023 154 536 19.8905044555664 751.26024607566
2023 155 537 22.2183738708496 748.428439888537
2023 156 538 21.5735069274903 701.541064779252
2023 157 539 18.9132705688477 614.772572089061
2023 158 540 18.2729011535645 473.252468897402
2023 159 541 19.5512939453125 538.175492394805
2023 160 542 19.2261978149414 655.164934274197
2023 161 543 17.2636085510254 623.672557074457
2023 162 544 18.5608154296875 596.879167107493
2023 163 545 18.5885978698731 554.744104878008
2023 164 546 19.6851058959961 681.589371791363
2023 165 547 20.067700958252 706.222251364499
2023 166 548 20.801473236084 730.17050465399
2023 167 549 21.2201934814453 737.056676365733
2023 168 550 21.5818420410156 735.438498746574
2023 169 551 21.527978515625 736.865521854222
2023 170 552 17.995679473877 763.9656518929
2023 171 553 17.7996803283692 772.745657503724
2023 172 554 18.4616371154785 773.252432738304
2023 173 555 18.7326599121094 730.632842862666
2023 174 556 18.1880508422852 730.832876387477
2023 175 557 18.5563217163086 742.822554961204
2023 176 558 18.160474395752 718.149675443232
2023 177 559 17.9924751281739 747.277012137771
2023 178 560 18.3575416564942 721.297145478368
2023 179 561 19.1259437561035 744.623024774134
2023 180 562 20.5661407470703 737.439001517296
2023 181 563 24.5340553283692 749.535363012135
2023 182 564 26.9540458679199 748.735160114586
2023 183 565 29.0948883056641 747.343700563729
2023 184 566 26.3113189697266 742.511382061064
2023 185 567 21.8684783935547 743.596090892851
2023 186 568 20.6501441955567 718.163013997853
2023 187 569 19.2202049255371 731.228539463639
2023 188 570 18.5702186584473 727.894362172902
2023 189 571 18.4624839782715 747.365953412831
2023 190 572 17.136003112793 748.726257475495
2023 191 573 17.5908523559571 745.516597995043
2023 192 574 21.3362518310547 760.844876418591
2023 193 575 22.3493972778321 753.611953255415
2023 194 576 22.5376983642578 747.161441509068
2023 195 577 23.3223472595215 740.595346281588
2023 196 578 24.7086883544922 746.365669549882
2023 197 579 26.930322265625 720.470259423375
2023 198 580 27.036336517334 680.71804704091
2023 199 581 24.723218536377 724.822473374486
2023 200 582 21.6673446655274 706.689016416401
2023 201 583 22.1251770019531 737.647931128979
2023 202 584 24.8221794128418 736.985535486192
2023 203 585 25.756234741211 733.224591135323
2023 204 586 27.0273567199707 681.780532540083
2023 205 587 23.1705833435059 709.071862231285
2023 206 588 22.936971282959 729.459195023894
2023 207 589 23.9561019897461 714.51321040836
2023 208 590 22.5584312438965 720.661431244716
2023 209 591 21.5995880126953 722.746403085753
2023 210 592 22.2435928344727 717.451735380545
2023 211 593 22.6330276489258 721.04375612852
2023 212 594 22.9784408569336 720.021282623336
2023 213 595 22.3711944580078 698.153545957081
2023 214 596 20.3966384887696 686.830675252877
2023 215 597 20.0136199951172 692.174268419653
2023 216 598 20.3410697937012 701.065390827425
2023 217 599 22.8581024169922 696.824312325824
2023 218 600 25.1594596862793 697.086610366903
2023 219 601 26.7479988098145 696.784316769479
2023 220 602 24.2425170898438 665.625356000576
2023 221 603 21.3279243469239 647.087349037404
2023 222 604 21.8721061706543 655.965152427116
2023 223 605 21.8381248474121 639.983343662262
2023 224 606 22.6702209472656 639.374296725273
2023 225 607 25.3952194213867 638.676335163117
2023 226 608 26.8717552185059 533.160904127121
2023 227 609 26.7766357421875 614.892573104858
2023 228 610 26.823445892334 635.933436009407
2023 229 611 26.5472961425781 603.796449040413
2023 230 612 24.0762191772461 623.228006219864
2023 231 613 23.6153923034668 622.258865433693
2023 232 614 24.6195465087891 606.717193572998
2023 233 615 26.3752342224121 488.963098744392
2023 234 616 23.5831161499024 571.921770598412
2023 235 617 25.6202941894531 613.999032834053
2023 236 618 27.6546913146973 635.01764440155
2023 237 619 23.3024688720703 619.729339808464
2023 238 620 21.9541831970215 630.345376709938
2023 239 621 21.9828277587891 637.39604459858
2023 240 622 23.2404876708985 643.459768816948
2023 241 623 23.1641822814942 641.116954227448
2023 242 624 24.6063056945801 637.618306968689
2023 243 625 24.2589660644531 627.606898792267
2023 244 626 21.1635528564453 446.045635335922
2023 245 627 19.8937126159668 295.981186349392
2023 246 628 21.4016624450684 442.813694655418
2023 247 629 20.3799758911133 510.835281036377
2023 248 630 21.5510650634766 585.711901155472
2023 249 631 22.240380859375 588.539288658142
2023 250 632 21.3302742004395 581.155187397003
2023 251 633 22.3312240600586 585.765245293617
2023 252 634 22.6941619873047 570.045730070114
2023 253 635 22.2594047546387 573.451036427498
2023 254 636 22.2162376403809 585.774136151314
2023 255 637 21.510026550293 566.693772891045
2023 256 638 21.5066047668457 560.652264224529
2023 257 639 22.3917175292969 548.907084867478
2023 258 640 21.4382034301758 527.466111693859
2023 259 641 21.4649253845215 489.705509050846
2023 260 642 19.9309020996094 501.286197460175
2023 261 643 20.1726470947266 511.288715786934
2023 262 644 19.8174034118653 508.394659451962
2023 263 645 19.8774658203125 497.769759917736
2023 264 646 18.9551635742188 483.495060479641
2023 265 647 18.847013092041 491.172557524681
2023 266 648 18.6584945678711 520.193174882889
2023 267 649 18.9739776611328 506.456404592514
2023 268 650 19.180020904541 496.004864686966
2023 269 651 20.9162498474121 438.368141819
2023 270 652 20.0553031921387 470.269512994766
2023 271 653 19.7043395996094 492.986342896462
2023 272 654 20.0080581665039 482.36587820673
2023 273 655 18.2036567687989 382.878623078823
2023 274 656 17.961270904541 348.776696328878
2023 275 657 17.9873443603516 451.709275494099
2023 276 658 18.8904090881348 461.076078594923
2023 277 659 21.3587013244629 467.79777063632
2023 278 660 23.43349609375 462.254153528929
2023 279 661 24.0125213623047 460.996049535274
2023 280 662 24.2061782836914 457.550748682737
2023 281 663 23.861402130127 450.43784000206
2023 282 664 19.9898963928223 349.608015716314
2023 283 665 19.4465614318848 287.672420893312
2023 284 666 18.3073097229004 408.849602660656
2023 285 667 17.4553352355957 446.076755857945
2023 286 668 17.8289619445801 435.976424992085
2023 287 669 19.8843093872071 376.641501430511
2023 288 670 18.9942832946778 403.794995074987
2023 289 671 19.8676391601563 387.684275056601
2023 290 672 20.1672988891602 353.604567008615
2023 291 673 19.7870536804199 404.101741005898
2023 292 674 21.5852638244629 405.021973002434
2023 293 675 20.8059593200684 383.11423345387
2023 294 676 18.5080200195313 371.17344224906
2023 295 677 17.7225128173828 273.953414929748
2023 296 678 17.7913375854492 308.415425007522
2023 297 679 17.3042236328125 371.440185242534
2023 298 680 16.8654075622559 353.080002750397
2023 299 681 13.9527488708496 328.976146756291
2023 300 682 12.0123992919922 380.171274188459
2023 301 683 12.3075653076172 377.890690310657
2023 302 684 13.9662033081055 381.549402051926
2023 303 685 13.0148445129395 375.414522432029
2023 304 686 13.4438224792481 331.021112950802
2023 305 687 13.8309112548828 342.552908762038
2023 306 688 14.9312568664551 337.600546795905
2023 307 689 17.3747573852539 328.691632757783
2023 308 690 18.0869461059571 322.169993519843
2023 309 691 18.049333190918 252.312410436392
2023 310 692 18.8918968200684 219.121833850339
2023 311 693 15.0744606018067 254.646331931621
2023 312 694 13.4709678649903 324.703958683223
2023 313 695 12.1583763122559 327.80252759923
2023 314 696 12.1243911743164 283.364670917258
2023 315 697 13.0796104431153 307.881963496894
2023 316 698 13.6223007202149 299.986631192729
2023 317 699 14.1566520690918 292.80260402976
2023 318 700 14.4437080383301 272.281881194167
2023 319 701 13.8343292236328 187.247139602684
2023 320 702 15.6248489379883 196.244967350474
2023 321 703 15.2593475341797 199.632481551833
2023 322 704 16.6991172790528 137.599086250696
2023 323 705 13.8804985046387 232.609674950395
2023 324 706 12.5753837585449 293.033772168393
2023 325 707 11.1018424987793 277.989986052909
2023 326 708 10.984506225586 263.003993302264
2023 327 709 12.8992019653321 271.312752575278
2023 328 710 13.044766998291 287.210092386961
2023 329 711 9.11318740844729 284.751696143389
2023 330 712 9.24935302734377 273.926742230654
2023 331 713 8.82976303100588 270.854860425472
2023 332 714 9.17260894775393 273.29546714139
2023 333 715 10.6487136840821 204.442586825848
2023 334 716 10.2825752258301 238.228868722916
2023 335 717 11.3198638916016 249.982935283542
2023 336 718 12.3466812133789 189.923369900465
2023 337 719 13.6785102844239 139.097241854668
2023 338 720 12.6089454650879 143.902895722509
2023 339 721 11.3700996398926 186.50473154068
2023 340 722 11.0009666442871 205.856263188601
2023 341 723 11.9159942626953 202.571002058745
2023 342 724 9.19355545043948 208.359119264841
2023 343 725 8.16866455078127 245.421787814617
2023 344 726 8.09492263793948 233.996687398911
2023 345 727 8.01519546508791 231.107070570588
2023 346 728 8.73487243652346 213.636006609202
2023 347 729 8.71220932006838 218.303853316784
2023 348 730 8.37642440795901 209.61277581358
2023 349 731 9.14076766967776 208.24798341763
2023 350 732 9.70974121093752 239.135761912823
2023 351 733 10.6070304870606 134.331595208407
2023 352 734 11.7264038085938 86.0394390357138
2023 353 735 15.3484817504883 116.562679701924
2023 354 736 15.3104301452637 92.2098849844933
2023 355 737 12.426416015625 144.227416690588
2023 356 738 12.433251953125 207.505573111177
2023 357 739 11.0930877685547 216.765679745436
2023 358 740 8.50787124633791 225.252262481451
2023 359 741 9.13584289550784 213.458187691212
2023 360 742 10.5754066467285 219.859792726994
2023 361 743 10.877214050293 165.939553463698
2023 362 744 13.5382972717285 115.740250290156
2023 363 745 14.3129020690918 134.464964122057
2023 364 746 13.974755859375 150.811297917605
2023 365 747 11.713151550293 124.582477162361
2024 1 748 11.1338554382324 158.471054828644
2024 2 749 9.55280075073244 198.485055435181
2024 3 750 11.0549789428711 165.258113826752
2024 4 751 8.96808776855471 199.034045737266
2024 5 752 10.0366455078125 217.58889479351
2024 6 753 8.69367752075198 175.020325979233
2024 7 754 6.86893615722659 184.313245246172
2024 8 755 6.04572067260744 219.156160974979
2024 9 756 8.40245590209963 121.560589799166
2024 10 757 9.21156082153323 80.7850831987857
2024 11 758 8.75221405029299 211.731563217878
2024 12 759 6.3342338562012 218.142301795483
2024 13 760 8.64303359985354 94.8727770032882
2024 14 761 11.1803489685059 114.038593552828
2024 15 762 10.3880630493164 165.373226241112
2024 16 763 10.0244003295899 176.729271304607
2024 17 764 12.334432220459 121.321509267926
2024 18 765 10.6458602905274 165.736261532783
2024 19 766 10.7718559265137 181.045894608021
2024 20 767 13.9073883056641 156.368081457853
2024 21 768 13.9252487182617 143.232257671237
2024 22 769 14.756967163086 89.8699208624362
2024 23 770 13.5966621398926 168.281963579655
2024 24 771 12.7645164489746 129.817512961388
2024 25 772 12.9421974182129 182.090740997076
2024 26 773 11.3800331115723 219.696288140297
2024 27 774 12.0905395507813 204.546047378063
2024 28 775 13.2740951538086 221.170585888862
2024 29 776 13.4416061401367 275.343119115829
2024 30 777 14.4659591674805 282.165608988285
2024 31 778 15.9486289978028 186.402940292358
2024 32 779 12.802091217041 143.648422767877
2024 33 780 11.2667022705078 256.80598222065
2024 34 781 9.46624526977541 258.023492443085
2024 35 782 11.2932640075684 126.877783625126
2024 36 783 13.6437736511231 175.166428375244
2024 37 784 10.992505645752 238.215715898514
2024 38 785 9.86332855224612 181.196425800323
2024 39 786 8.20443115234377 193.694709189892
2024 40 787 7.77248535156252 259.422525855541
2024 41 788 8.74578247070315 352.953829181671
2024 42 789 8.60939941406252 357.606929111481
2024 43 790 9.48991165161135 328.953390268326
2024 44 791 10.0171409606934 315.011801631927
2024 45 792 10.9659362792969 286.800989196777
2024 46 793 12.3923469543457 198.454065957546
2024 47 794 12.2754913330078 244.511347353935
2024 48 795 11.6843276977539 169.167428011678
2024 49 796 13.2751365661621 222.042762923978
2024 50 797 15.5980392456055 262.459654460691
2024 51 798 13.8411804199219 276.998929609848
2024 52 799 11.6874481201172 286.322841679752
2024 53 800 11.5168205261231 316.645469819952
2024 54 801 11.6573387145996 371.105795868151
2024 55 802 12.3306938171387 378.893427239492
2024 56 803 13.7037673950196 394.884846746787
2024 57 804 13.3722816467285 361.688892048657
2024 58 805 11.8126045227051 344.842984254152
2024 59 806 10.5541091918946 440.888997944444
2024 60 807 12.7744842529297 314.542499107063
2024 61 808 12.6416412353516 188.032186232373
2024 62 809 11.0257125854492 290.103766771644
2024 63 810 9.15883789062502 359.200748193532
2024 64 811 9.34544906616213 387.845435208797
2024 65 812 11.0269561767578 275.524633706063
2024 66 813 12.4469390869141 279.212587403953
2024 67 814 11.9886222839356 322.728583390355
2024 68 815 11.3437057495117 442.84145351088
2024 69 816 12.5374351501465 426.863300515294
2024 70 817 12.6158996582031 353.918978028178
2024 71 818 13.1580673217774 290.409250234783
2024 72 819 12.7786270141602 238.808977625459
2024 73 820 12.0195518493653 387.252172064304
2024 74 821 14.5554214477539 524.498715359211
2024 75 822 16.4532218933106 529.829195070028
2024 76 823 14.6702133178711 525.990719976663
2024 77 824 13.7623001098633 524.702369174242
2024 78 825 14.3358131408692 513.65623501563
2024 79 826 14.881723022461 517.118401028871
2024 80 827 14.7878967285156 537.032428111076
2024 81 828 14.680379486084 533.827054664135
2024 82 829 15.5500923156739 480.708220630646
2024 83 830 13.2784553527832 420.966114183187
2024 84 831 11.8549476623535 447.884162896156
2024 85 832 12.6044860839844 420.124933957577
2024 86 833 12.933683013916 437.9891246562
2024 87 834 12.4135185241699 444.966552844524
2024 88 835 13.4629875183106 385.831013571024
2024 89 836 11.519303894043 285.061061450005
2024 90 837 11.4474884033203 345.697465453625
2024 91 838 11.9253211975098 524.18437969017
2024 92 839 13.1692749023438 507.263219687462
2024 93 840 15.1272750854492 592.701385427475
2024 94 841 15.6212860107422 565.522146348953
2024 95 842 11.0225959777832 386.588078924179
2024 96 843 7.74114379882815 445.89185777092
2024 97 844 9.10611877441409 508.976569616318
2024 98 845 11.7602973937989 504.500558032036
2024 99 846 12.787973022461 585.661966187477
2024 100 847 14.7685943603516 624.462903008461
2024 101 848 16.3479820251465 616.781526545524
2024 102 849 18.3182312011719 615.378071393013
2024 103 850 17.2953315734864 628.358920196533
2024 104 851 12.5031867980957 277.959655190468
2024 105 852 10.1136528015137 297.125472496033
2024 106 853 13.1902404785156 498.120810192108
2024 107 854 15.3259140014649 602.016442879677
2024 108 855 17.0958534240723 617.419049427986
2024 109 856 18.5081535339356 628.336801919937
2024 110 857 17.4283843994141 635.597577307701
2024 111 858 16.9625984191895 646.077010515213
2024 112 859 17.7953620910645 664.012032721519
2024 113 860 20.1514793395996 662.542167297363
2024 114 861 17.2147918701172 590.872904939651
2024 115 862 15.6567817687989 505.811037191391
2024 116 863 14.9946418762207 561.776639688492
2024 117 864 16.0152526855469 520.013848702431
2024 118 865 15.2719474792481 631.422615003586
2024 119 866 16.1530815124512 666.987188899994
2024 120 867 16.7598091125489 693.241119524002
2024 121 868 16.6288238525391 706.235269332886
2024 122 869 17.1732803344727 713.912224559784
2024 123 870 18.7802825927735 707.147295934677
2024 124 871 18.8772102355957 691.293108409881
2024 125 872 15.3879829406739 327.319716335296
2024 126 873 11.2804008483887 429.116807220459
2024 127 874 13.3498626708985 660.846513401031
2024 128 875 15.4940505981446 712.504336074829
2024 129 876 18.4145408630371 728.867663303375
2024 130 877 21.2277236938477 727.017056474686
2024 131 878 21.3948150634766 719.641152544021
2024 132 879 22.1262832641602 720.238829868317
2024 133 880 20.7430549621582 707.089741263173
2024 134 881 19.3398872375489 714.505476685799
2024 135 882 18.5656486511231 707.922086875236
2024 136 883 19.7282501220703 688.180717602819
2024 137 884 19.0071464538574 681.136849955154
2024 138 885 17.5379768371582 682.628860922038
2024 139 886 18.6868721008301 700.904791141994
2024 140 887 17.6286903381348 735.703424747396
2024 141 888 18.091569519043 739.493194244742
2024 142 889 19.7492080688477 750.198428115338
2024 143 890 20.2812133789063 744.651004743375
2024 144 891 19.6423126220703 737.208725861624
2024 145 892 17.5309234619141 730.240126103781
2024 146 893 15.7400222778321 651.398639201417
2024 147 894 16.4750152587891 724.373956584349
2024 148 895 19.398210144043 733.897095450833
2024 149 896 18.743741607666 739.767682560056
2024 150 897 20.2208076477051 747.364948796943
2024 151 898 22.6215568542481 753.248862096622
2024 152 899 23.7123199462891 747.302993262708
2024 153 900 21.2727638244629 749.051752487689
2024 154 901 19.7981925964356 728.12830044046
2024 155 902 21.4346710205078 635.31867109546
2024 156 903 22.1497436523438 683.881802081823
2024 157 904 27.8684783935547 734.198129626244
2024 158 905 27.5068908691406 739.063743389249
2024 159 906 23.5259262084961 746.957659925759
2024 160 907 19.9603057861328 729.761983099282
2024 161 908 19.9804359436035 742.831380895227
2024 162 909 20.2498641967774 741.197719153106
2024 163 910 24.2530418395996 742.751704111874
2024 164 911 26.1192947387696 745.633892487466
2024 165 912 20.9012199401856 748.175153767645
2024 166 913 19.2495933532715 756.657880900562
2024 167 914 20.8038688659668 766.327114224791
2024 168 915 21.6370483398438 765.105171740949
2024 169 916 21.8697334289551 764.83954886198
2024 170 917 22.7404838562012 764.852837140918
2024 171 918 20.2278610229492 727.136591007113
2024 172 919 18.6696487426758 746.297988021672
2024 173 920 20.0680328369141 752.425379714846
2024 174 921 23.0827651977539 755.630731615066
2024 175 922 26.4740234375 755.984936657071
2024 176 923 25.4652458190918 755.404946292996
2024 177 924 26.0375114440918 627.28309825331
2024 178 925 23.3094345092774 649.778242128193
2024 179 926 21.6231437683106 752.239421995342
2024 180 927 22.0654693603516 759.008779983759
2024 181 928 24.1563125610352 750.539338798702
2024 182 929 25.8556800842285 744.810404766262
2024 183 930 25.3365493774414 746.6875873968
2024 184 931 28.8288970947266 759.296563602745
2024 185 932 29.9852653503418 759.447083139658
2024 186 933 29.6786857604981 744.513788818538
2024 187 934 28.2715774536133 751.327399299681
2024 188 935 28.4982391357422 751.544334148407
2024 189 936 29.1356864929199 741.569612226367
2024 190 937 25.8428092956543 746.900094646275
2024 191 938 23.9221778869629 740.006776731253
2024 192 939 23.6241050720215 735.6503086887
2024 193 940 28.5862480163574 744.451786048472
2024 194 941 29.6022926330567 739.559608548522
2024 195 942 27.075154876709 661.360079160482
2024 196 943 24.0830398559571 675.784264113366
2024 197 944 22.1389480590821 714.315116434991
2024 198 945 20.9971138000489 721.084450041592
2024 199 946 19.6308914184571 731.298249124259
2024 200 947 23.0321174621582 737.058204229891
2024 201 948 25.5901962280274 723.793983876616
2024 202 949 26.9393974304199 723.506214307099
2024 203 950 23.0084587097168 713.903365959167
2024 204 951 23.787671661377 718.131446475863
2024 205 952 28.5289627075196 696.309235283583
2024 206 953 29.7033897399903 674.371936814785
2024 207 954 27.4998336791992 698.580455945372
2024 208 955 25.7755599975586 723.29366541323
2024 209 956 20.1330085754395 701.334234586865
2024 210 957 18.0863777160645 699.434931490406
2024 211 958 20.0744720458985 698.92577757968
2024 212 959 20.7729393005371 696.822813438699
2024 213 960 21.694955444336 685.325095633887
2024 214 961 23.4109359741211 689.77896767836
2024 215 962 24.6677680969239 635.513459379643
2024 216 963 26.3866401672364 594.565288291252
2024 217 964 24.8010231018067 681.530900592733
2024 218 965 22.7290702819824 687.946045470938
2024 219 966 23.0518394470215 693.807820134496
2024 220 967 26.0889907836914 686.569157914251
2024 221 968 23.7401443481446 679.1224375718
2024 222 969 22.3299118041992 678.43177311971
2024 223 970 22.344857788086 661.346803576469
2024 224 971 23.1597686767578 650.088172374725
2024 225 972 21.2619720458985 634.039174263
2024 226 973 20.8040748596192 673.893795660972
2024 227 974 22.434529876709 665.659002619743
2024 228 975 22.8091903686524 660.301950383186
2024 229 976 22.8388687133789 662.444772084236
2024 230 977 22.5775466918946 648.631574690819
2024 231 978 21.0392509460449 605.421055709839
2024 232 979 21.2104965209961 650.553006978988
2024 233 980 22.4347320556641 655.462916611671
2024 234 981 22.9314514160156 648.883920820236
2024 235 982 20.728101348877 623.50660558033
2024 236 983 19.5823226928711 618.207108038902
2024 237 984 20.0422988891602 440.68092632699
2024 238 985 20.6037727355957 557.734510024071
2024 239 986 23.1278091430664 637.164832904816
2024 240 987 24.348104095459 631.537745562553
2024 241 988 25.7655960083008 623.294080816269
2024 242 989 23.4040809631348 609.352485123634
2024 243 990 22.1204734802246 618.517023983955
2024 244 991 22.7525192260742 613.576156626701
2024 245 992 22.1165328979492 610.003313043594
2024 246 993 21.7248512268067 611.371343873977
2024 247 994 22.2084823608399 606.501314072609
2024 248 995 26.0640808105469 599.151971831322
2024 249 996 25.8035789489746 593.998595838547
2024 250 997 26.2847229003906 587.149544780731
2024 251 998 25.5870872497559 585.418483698845
2024 252 999 24.6889358520508 584.50203182888
2024 253 1000 25.2711616516114 577.661835339546
2024 254 1001 21.5907569885254 562.042276742935
2024 255 1002 19.1858688354492 572.911320035934
2024 256 1003 20.8877235412598 561.944890602112
2024 257 1004 21.8875862121582 566.620126953125
2024 258 1005 22.060075378418 557.101416441917
2024 259 1006 20.1699539184571 548.817912689686
2024 260 1007 17.2940879821778 436.842458037853
2024 261 1008 18.1488586425781 416.751322197437
2024 262 1009 18.5278717041016 402.871723604679
2024 263 1010 19.863168334961 456.539540884018
2024 264 1011 20.0562034606934 492.068694994449
2024 265 1012 20.2984405517578 506.785059885025
2024 266 1013 21.1399246215821 510.725345883369
2024 267 1014 22.1707054138184 512.150945017338
2024 268 1015 25.6927352905274 512.744218242168
2024 269 1016 22.4801956176758 497.757773388386
2024 270 1017 19.0160842895508 487.83617547512
2024 271 1018 20.8777633666992 505.549836493492
2024 272 1019 22.2846618652344 498.395309879303
2024 273 1020 19.4316307067871 487.291622537613
2024 274 1021 21.0365539550781 489.38573352766
2024 275 1022 23.8169380187989 484.692783503532
2024 276 1023 26.2934394836426 478.640656713486
2024 277 1024 26.1315361022949 473.336748520374
2024 278 1025 25.5638366699219 459.027679667473
2024 279 1026 25.7178512573242 454.812892469883
2024 280 1027 26.561410522461 453.542248788357
2024 281 1028 26.4354148864746 448.047958552599
2024 282 1029 24.5886779785156 448.419845388651
2024 283 1030 21.4020858764649 444.284755103588
2024 284 1031 20.3870674133301 396.491960644245
2024 285 1032 18.6339317321778 388.54051732254
2024 286 1033 19.0735717773438 404.691351036072
2024 287 1034 20.6980072021485 358.881994281053
2024 288 1035 19.9395538330078 396.332589247942
2024 289 1036 19.1549354553223 403.30116513586
2024 290 1037 19.5663467407227 280.96580513072
2024 291 1038 18.0670715332031 319.226594751716
2024 292 1039 17.9892288208008 376.794883342266
2024 293 1040 18.4863563537598 412.124798825502
2024 294 1041 16.8783203125 406.285168952584
2024 295 1042 17.886491394043 394.327009830236
2024 296 1043 16.8737617492676 366.288872946858
2024 297 1044 16.204965209961 381.045089443803
2024 298 1045 17.2154098510742 380.965402863622
2024 299 1046 16.3502708435059 326.465235986352
2024 300 1047 16.04140625 357.90354732728
2024 301 1048 19.1717544555664 256.270280638516
2024 302 1049 16.7573066711426 325.4912246961
2024 303 1050 13.8461585998535 348.535366433322
2024 304 1051 12.4747482299805 350.213329715311
2024 305 1052 14.5525108337403 265.718158366248
2024 306 1053 13.1325393676758 302.168180873275
2024 307 1054 15.1229148864746 272.89481332162
2024 308 1055 14.3804374694824 277.671894252241
2024 309 1056 15.7825675964356 336.984530660063
2024 310 1057 15.0569129943848 314.002383408129
2024 311 1058 17.1622825622559 335.129486466795
2024 312 1059 13.6940170288086 331.007660834879
2024 313 1060 12.9210258483887 326.062358412623
2024 314 1061 12.792123413086 318.987516677558
2024 315 1062 12.776139831543 311.124618331894
2024 316 1063 13.2290588378906 153.968478247374
2024 317 1064 10.4438987731934 180.656286160588
2024 318 1065 10.5626274108887 274.532919838943
2024 319 1066 13.4164901733399 214.379090809844
2024 320 1067 11.4061866760254 246.587755834054
2024 321 1068 10.2188888549805 288.695887272365
2024 322 1069 8.92801437377932 223.233714116907
2024 323 1070 12.6289764404297 255.623890285922
2024 324 1071 8.79435119628909 229.197292104519
2024 325 1072 13.0609298706055 109.584719673417
2024 326 1073 14.6455131530762 82.463034510374
2024 327 1074 16.569051361084 107.871351576328
2024 328 1075 14.7690101623535 150.639141030699
2024 329 1076 11.2193733215332 239.566049184322
2024 330 1077 12.2518211364746 135.165701557159
2024 331 1078 13.2687049865723 76.5437237274646
2024 332 1079 10.2664199829102 228.829822402477
2024 333 1080 8.0637031555176 272.806280961752
2024 334 1081 8.22664413452151 253.029484066486
2024 335 1082 8.78085861206057 262.641175359011
2024 336 1083 10.0480667114258 222.636019996643
2024 337 1084 11.0871520996094 223.353243823767
2024 338 1085 10.8436790466309 250.151740489721
2024 339 1086 11.0284133911133 252.971936679602
2024 340 1087 11.155233001709 226.266417266846
2024 341 1088 10.9140373229981 242.102889354467
2024 342 1089 10.4007202148438 219.868955249786
2024 343 1090 11.2521720886231 208.357958891988
2024 344 1091 10.4266639709473 254.29569920373
2024 345 1092 8.28310546875002 253.70243555522
2024 346 1093 7.93044052124026 247.096892564893
2024 347 1094 10.3926254272461 192.087599970341
2024 348 1095 11.6228843688965 97.2103959978222
2024 349 1096 13.2622695922852 105.144128985524
2024 350 1097 8.38128433227541 168.397077506065
2024 351 1098 8.43857727050784 115.902491054535
2024 352 1099 10.2267814636231 121.72882263118
2024 353 1100 9.56671295166018 217.841252011299
2024 354 1101 8.6040092468262 219.240277107477
