Year DOY_disc DOY TA_C PAR_umol_m2_day
2021 265 1 23.6786476135254 521.296969825745
2021 266 2 21.8812156677246 517.671442870617
2021 267 3 22.3999153137207 514.336856633186
2021 268 4 20.9654937744141 503.093254206657
2021 269 5 18.7266098022461 494.011531871319
2021 270 6 17.5793510437012 459.895787750721
2021 271 7 18.8766952514649 460.531364372015
2021 272 8 18.2197204589844 502.909733093739
2021 273 9 18.1740966796875 497.34164546299
2021 274 10 19.7483955383301 488.559802584648
2021 275 11 20.5990844726563 481.41618138361
2021 276 12 20.6080909729004 479.760056018829
2021 277 13 21.082162475586 474.500807753086
2021 278 14 20.1946502685547 442.153061591148
2021 279 15 17.7774673461914 402.066397123575
2021 280 16 16.6280075073242 345.342578098774
2021 281 17 15.6026168823242 376.813031603932
2021 282 18 14.8718048095703 449.914385967016
2021 283 19 16.035474395752 446.056104774475
2021 284 20 17.2217498779297 452.112070913076
2021 285 21 16.2429862976074 452.872993003368
2021 286 22 14.220231628418 389.842559743404
2021 287 23 14.4667678833008 400.311810549974
2021 288 24 15.13515625 428.201518117428
2021 289 25 17.2503601074219 424.732647923708
2021 290 26 17.7468467712403 389.439702078342
2021 291 27 13.4684005737305 328.065369360328
2021 292 28 11.9181190490723 316.638254641175
2021 293 29 15.9762321472168 163.470950941384
2021 294 30 17.7424446105957 180.43483198154
2021 295 31 18.3976264953614 189.189808240294
2021 296 32 15.019490814209 310.909022482753
2021 297 33 16.3034225463867 111.482696929857
2021 298 34 15.2043930053711 165.256858793229
2021 299 35 13.966886138916 293.98542442441
2021 300 36 15.8085418701172 257.134857579529
2021 301 37 16.9397903442383 336.650251956761
2021 302 38 16.8051124572754 337.74239346242
2021 303 39 17.3802391052246 284.621718318284
2021 304 40 15.1025367736817 218.637134255677
2021 305 41 15.9384132385254 157.517925682098
2021 306 42 16.2860160827637 123.06647357659
2021 307 43 15.4839569091797 261.337781826407
2021 308 44 17.2013412475586 278.910400242686
2021 309 45 14.1091705322266 301.639320532709
2021 310 46 13.5672546386719 232.136630820811
2021 311 47 12.4476142883301 280.700784142405
2021 312 48 10.6573921203614 314.292851042986
2021 313 49 14.3635154724121 170.901045955427
2021 314 50 14.6250587463379 186.190912410185
2021 315 51 14.2130294799805 305.385687156215
2021 316 52 13.7349487304688 279.268467944026
2021 317 53 14.0321212768555 281.349787773281
2021 318 54 14.0849586486817 265.321379073836
2021 319 55 13.5268341064453 243.424997955091
2021 320 56 13.4341789245606 229.992643053092
2021 321 57 12.5630813598633 264.569424262799
2021 322 58 11.1426635742188 230.350720005898
2021 323 59 13.4093605041504 168.569073878362
2021 324 60 14.2766662597656 244.033723105852
2021 325 61 11.5489059448242 288.027918019001
2021 326 62 11.0584197998047 286.013745329142
2021 327 63 10.7764602661133 260.872290834665
2021 328 64 11.5513092041016 280.987249788761
2021 329 65 10.2527557373047 278.247953095674
2021 330 66 10.8659111022949 267.196818585634
2021 331 67 11.3013626098633 265.111011525631
2021 332 68 12.1558471679688 255.174388365269
2021 333 69 12.3701683044434 250.058369095325
2021 334 70 12.1576477050781 259.471316453218
2021 335 71 12.0105682373047 251.938276189089
2021 336 72 11.8788848876953 254.744692557573
2021 337 73 11.0404106140137 236.241083117008
2021 338 74 10.7144218444824 211.126477097511
2021 339 75 10.8817153930664 242.690944492578
2021 340 76 10.1302925109864 190.214800018549
2021 341 77 10.84169921875 162.195302435279
2021 342 78 9.99020919799807 149.895370099187
2021 343 79 12.2446990966797 200.522937735498
2021 344 80 8.05810317993166 243.590607434392
2021 345 81 6.62027511596682 241.204922555447
2021 346 82 9.47230682373049 83.4050072748661
2021 347 83 11.1150489807129 29.930733610034
2021 348 84 9.44749603271487 124.659914110467
2021 349 85 7.20361099243166 188.867542999744
2021 350 86 10.4116531372071 125.944518445194
2021 351 87 7.65767059326174 190.326702853441
2021 352 88 6.03454360961916 192.152893592596
2021 353 89 5.0996032714844 208.691561992168
2021 354 90 5.98731765747073 190.31774344945
2021 355 91 6.5290237426758 195.935081341267
2021 356 92 8.00567016601565 117.458097561598
2021 357 93 11.6457572937012 60.9356952729225
2021 358 94 11.8070503234864 102.392023711562
2021 359 95 10.273568725586 136.597301138043
2021 360 96 7.88680419921877 152.231825696766
2021 361 97 8.69526062011721 124.964282168508
2021 362 98 6.46978912353518 156.040857069254
2021 363 99 7.41873321533205 119.266386629343
2021 364 100 7.15878829956057 168.79734591043
2021 365 101 7.0705390930176 202.3043615067
2022 1 102 6.02071151733401 227.944706269741
2022 2 103 3.9792190551758 256.006432528973
2022 3 104 7.11572036743166 193.546612399101
2022 4 105 11.732137298584 67.6651722329855
2022 5 106 12.0201049804688 125.458423968077
2022 6 107 12.4653144836426 132.124307858825
2022 7 108 12.1739059448242 128.179102781773
2022 8 109 9.4304023742676 147.566713721752
2022 9 110 7.73962173461916 221.519283412457
2022 10 111 8.97770843505862 221.314444401741
2022 11 112 9.37111053466799 251.745071651936
2022 12 113 8.41370544433596 245.506661736488
2022 13 114 9.91041717529299 236.026594703197
2022 14 115 9.63661346435549 243.596397958279
2022 15 116 8.5268379211426 220.615355857849
2022 16 117 10.4981018066406 229.325086017609
2022 17 118 10.1625724792481 245.653597272396
2022 18 119 9.52491149902346 237.175423553944
2022 19 120 8.5509086608887 240.425988162041
2022 20 121 8.86761627197268 256.736692500591
2022 21 122 10.6984382629395 279.659847254753
2022 22 123 12.3829551696778 298.027768548012
2022 23 124 9.33974227905276 300.833043822289
2022 24 125 8.62842712402346 295.739004728317
2022 25 126 8.40095672607424 283.66739732933
2022 26 127 8.26598129272463 283.400231087685
2022 27 128 9.19586715698244 309.841116691589
2022 28 129 8.96799240112307 311.02111092186
2022 29 130 8.65149078369143 308.21137812233
2022 30 131 8.27934036254885 319.494842235565
2022 31 132 8.91801605224612 309.128663636208
2022 32 133 9.60181579589846 297.978778107643
2022 33 134 10.8190475463867 343.299655062675
2022 34 135 8.82552490234377 341.157866596222
2022 35 136 8.1032768249512 337.729176879883
2022 36 137 9.0631042480469 300.739544659615
2022 37 138 8.67173156738284 346.492334844589
2022 38 139 9.17178115844729 353.429854976654
2022 39 140 10.1654106140137 351.092114829063
2022 40 141 11.2887474060059 358.701997506142
2022 41 142 12.4416366577149 358.27897614193
2022 42 143 13.4324279785156 362.464643764496
2022 43 144 13.541104888916 362.736264507294
2022 44 145 14.2220703125 364.53074200058
2022 45 146 13.6058555603028 363.671360969543
2022 46 147 11.3595748901367 376.375277700424
2022 47 148 11.8118644714356 394.3424383814
2022 48 149 13.4595504760742 400.478420475211
2022 49 150 10.8403030395508 398.946645327229
2022 50 151 11.5554672241211 393.572093644418
2022 51 152 11.2395721435547 345.953549592704
2022 52 153 10.2530265808106 355.219885769237
2022 53 154 9.25576171875002 410.434944013469
2022 54 155 6.05106506347659 417.666339635372
2022 55 156 6.00633773803713 438.567919555247
2022 56 157 6.57944641113284 441.671543303758
2022 57 158 7.6882148742676 438.135992669597
2022 58 159 11.5815750122071 394.409220337927
2022 59 160 12.5472770690918 443.087550713062
2022 60 161 13.9337020874024 413.244677923411
2022 61 162 13.6584754943848 381.78544720453
2022 62 163 13.5975624084473 360.229306710213
2022 63 164 13.1916137695313 312.815609174341
2022 64 165 8.88603363037112 378.859944122612
2022 65 166 8.38537750244143 449.428363438308
2022 66 167 10.0352760314942 490.995502318263
2022 67 168 12.5828872680664 489.886755409598
2022 68 169 13.0849624633789 488.221411324143
2022 69 170 12.8548751831055 505.680936575174
2022 70 171 11.6351982116699 515.169912106752
2022 71 172 12.1957679748535 505.387050886869
2022 72 173 14.0320487976074 409.744764983773
2022 73 174 12.7033020019531 488.960573871851
2022 74 175 15.4814010620117 283.444755812526
2022 75 176 13.9685073852539 436.408296136618
2022 76 177 13.8306900024414 461.682544587493
2022 77 178 12.6403556823731 532.798659637928
2022 78 179 14.6751724243164 321.854853880882
2022 79 180 12.5812698364258 458.236057153225
2022 80 181 14.301400756836 539.753969801664
2022 81 182 19.2942176818848 539.566953331709
2022 82 183 18.2125640869141 537.434045390606
2022 83 184 16.5294700622559 543.926267620563
2022 84 185 15.2604194641114 545.391267265797
2022 85 186 15.5178314208985 565.633796671391
2022 86 187 16.3404594421387 492.041917333841
2022 87 188 14.9928909301758 323.034848063901
2022 88 189 13.1238227844239 356.903063495636
2022 89 190 13.6740623474121 504.349537943363
2022 90 191 13.1501289367676 538.026286388874
2022 91 192 14.0156570434571 587.310177479267
2022 92 193 15.1359725952149 590.841262256145
2022 93 194 17.1762367248535 613.737698067665
2022 94 195 15.8697486877442 552.057146998405
2022 95 196 16.0547157287598 579.722570836067
2022 96 197 17.2986694335938 619.406162171364
2022 97 198 19.4472061157227 619.615447114944
2022 98 199 21.5783439636231 619.517474298477
2022 99 200 18.9137664794922 626.713245621681
2022 100 201 17.4579254150391 636.852336393356
2022 101 202 13.5034614562989 343.513391987324
2022 102 203 11.2998748779297 629.718919013977
2022 103 204 10.4258514404297 564.320221336365
2022 104 205 13.0722175598145 289.678710218787
2022 105 206 13.964860534668 351.466142224789
2022 106 207 15.4955726623535 427.587240493298
2022 107 208 12.8593231201172 597.097502272606
2022 108 209 12.7986122131348 655.465154446602
2022 109 210 15.8659034729004 439.47184099865
2022 110 211 14.7965942382813 639.711051568985
2022 111 212 15.7236419677735 521.720020422935
2022 112 213 13.5360466003418 510.35641460228
2022 113 214 14.5895668029785 650.477987091064
2022 114 215 16.4645095825196 684.51986149025
2022 115 216 17.1078353881836 672.270128479004
2022 116 217 17.3476387023926 650.540312809944
2022 117 218 15.2875381469727 667.091490152359
2022 118 219 14.4740158081055 686.95109979248
2022 119 220 15.0050331115723 694.249304481506
2022 120 221 17.4004570007324 677.426511436462
2022 121 222 16.0806137084961 685.281312042236
2022 122 223 17.6254974365235 677.724849105835
2022 123 224 17.410173034668 699.565956741333
2022 124 225 19.571664428711 710.965203611374
2022 125 226 19.5864387512207 592.484365840912
2022 126 227 18.3301445007324 532.535933280945
2022 127 228 17.3666625976563 647.810743894577
2022 128 229 14.8186470031739 683.028175159454
2022 129 230 12.9180122375489 661.819326454163
2022 130 231 12.3649459838867 692.628462818146
2022 131 232 13.0669570922852 711.477294837952
2022 132 233 15.1015602111817 696.845287090506
2022 133 234 16.9892440795899 711.72216976377
2022 134 235 20.4665313720703 702.754190106053
2022 135 236 22.1063209533692 699.971182297368
2022 136 237 18.9680000305176 717.782488863811
2022 137 238 17.9822708129883 728.49598047406
2022 138 239 21.5795608520508 737.535242933415
2022 139 240 26.0905433654785 725.20536250912
2022 140 241 21.3935829162598 747.384875163209
2022 141 242 20.7458053588867 758.307660117976
2022 142 243 20.9283424377442 744.112044983521
2022 143 244 22.3325668334961 737.935977435261
2022 144 245 23.8118759155274 742.602552783899
2022 145 246 27.0455146789551 736.693641751334
2022 146 247 24.0603881835938 702.108511769831
2022 147 248 18.2799507141114 610.994768192552
2022 148 249 18.5312934875489 650.544787046507
2022 149 250 18.9143768310547 719.772905500814
2022 150 251 19.7376037597656 756.237105955317
2022 151 252 19.9901596069336 765.463367431074
2022 152 253 22.2657867431641 757.44381851396
2022 153 254 22.4485298156739 718.530576022595
2022 154 255 20.9501968383789 663.106213056058
2022 155 256 19.2701393127442 447.798618789345
2022 156 257 21.443978881836 363.279499991938
2022 157 258 21.3272071838379 594.354553189725
2022 158 259 21.9486785888672 746.195975194931
2022 159 260 21.8986907958985 695.545051259071
2022 160 261 22.2194458007813 687.151500273079
2022 161 262 27.2163177490235 739.34751890853
2022 162 263 27.4053283691406 736.894023977071
2022 163 264 24.7158561706543 608.915306681395
2022 164 265 20.307878112793 696.391096854091
2022 165 266 22.5090270996094 772.351903013468
2022 166 267 24.012826538086 765.503436615229
2022 167 268 21.5077186584473 758.378923575997
2022 168 269 17.6663719177246 765.490084263146
2022 169 270 17.4484191894531 728.14421127671
2022 170 271 19.7479263305664 759.834980764806
2022 171 272 22.7943702697754 748.538160897374
2022 172 273 25.9976516723633 766.126843182027
2022 173 274 28.7534996032715 756.361780310094
2022 174 275 27.2110458374024 705.826635508418
2022 175 276 26.1597496032715 752.256271909535
2022 176 277 24.3750663757324 752.968715262592
2022 177 278 23.6368347167969 760.84131913048
2022 178 279 22.9431167602539 765.129390570879
2022 179 280 23.8517433166504 764.185412638247
2022 180 281 22.0674644470215 755.123913602054
2022 181 282 19.3583656311035 758.525865601122
2022 182 283 19.0673652648926 759.171529364169
2022 183 284 18.8188568115235 751.450325487673
2022 184 285 17.2958389282227 707.296053302586
2022 185 286 19.1185661315918 653.661756673634
2022 186 287 23.0493598937989 616.645407715797
2022 187 288 21.4338508605957 596.567607846916
2022 188 289 19.9972473144531 722.783014761388
2022 189 290 21.4816146850586 747.994916702688
2022 190 291 21.4071403503418 735.460192388952
2022 191 292 22.4839378356934 743.920590062201
2022 192 293 25.8495193481446 742.63818161875
2022 193 294 23.7185836791992 726.492207194924
2022 194 295 21.5400939941406 700.585656342387
2022 195 296 21.8901916503906 736.951910787821
2022 196 297 21.9936080932617 741.979151832163
2022 197 298 23.0078674316406 736.684741459071
2022 198 299 25.3122383117676 729.128292572141
2022 199 300 25.0817352294922 725.436903841734
2022 200 301 24.0571495056153 724.546329489738
2022 201 302 22.820272064209 736.555603389084
2022 202 303 22.1101699829102 735.665028375566
2022 203 304 22.7164627075196 742.874177976221
2022 204 305 21.6898475646973 737.548579007327
2022 205 306 21.1582275390625 727.449588826358
2022 206 307 20.8813949584961 702.081815885961
2022 207 308 21.2363410949707 666.419117243499
2022 208 309 21.1013694763184 689.787553219959
2022 209 310 21.5368591308594 689.19086909242
2022 210 311 21.0651374816895 685.000754339948
2022 211 312 21.2687240600586 658.208088786989
2022 212 313 21.2181335449219 636.117620432161
2022 213 314 21.8230072021485 498.471827020235
2022 214 315 25.0149551391602 590.916958172455
2022 215 316 24.37587890625 612.584424575597
2022 216 317 25.0465293884278 657.014726875435
2022 217 318 22.5798660278321 604.235367841113
2022 218 319 22.0189033508301 650.446822095459
2022 219 320 21.2144828796387 674.06907160119
2022 220 321 21.3545280456543 672.074219154973
2022 221 322 21.7879920959473 675.021971250739
2022 222 323 21.628736114502 675.351496476378
2022 223 324 22.4072395324707 677.99645573616
2022 224 325 21.8487106323242 682.542790779114
2022 225 326 22.5418106079102 688.313675144195
2022 226 327 22.87734375 688.848002587318
2022 227 328 23.7181793212891 686.180761406898
2022 228 329 25.2662979125977 677.350808101654
2022 229 330 27.1997161865235 644.480034050941
2022 230 331 24.3224578857422 626.677632797241
2022 231 332 23.757039642334 653.554890164375
2022 232 333 23.8804794311524 659.330213910103
2022 233 334 24.6563621520996 632.688945308685
2022 234 335 22.0652442932129 640.891046807289
2022 235 336 23.5581069946289 636.89687434864
2022 236 337 24.3289276123047 635.917244971275
2022 237 338 22.7702842712403 615.024578148842
2022 238 339 21.8600402832031 614.74404840374
2022 239 340 22.1627822875977 601.385566971779
2022 240 341 21.4164558410645 601.688346037865
2022 241 342 21.7446914672852 596.910472698212
2022 242 343 22.2164131164551 588.076050779343
2022 243 344 22.0553260803223 606.911515263557
2022 244 345 23.8681350708008 615.483227458
2022 245 346 24.9066864013672 610.807752202988
2022 246 347 24.9418998718262 603.616444453239
2022 247 348 25.8584228515625 597.983598214149
2022 248 349 28.6039520263672 592.261720417976
2022 249 350 30.8473983764649 590.182240533829
2022 250 351 30.3028312683106 578.239769314766
2022 251 352 29.3508926391602 579.045716492653
2022 252 353 27.8829170227051 578.992295743942
2022 253 354 25.063321685791 503.414436440945
2022 254 355 23.7612854003906 368.231040363312
2022 255 356 23.8110710144043 470.116212733746
2022 256 357 21.3571563720703 499.647357858181
2022 257 358 19.178670501709 543.111410432339
2022 258 359 19.3703132629395 536.436615145206
2022 259 360 18.9991661071778 529.503556066513
2022 260 361 19.5995956420899 540.332830915928
2022 261 362 18.9410873413086 355.602826715231
2022 262 363 19.1655097961426 259.648850853682
2022 263 364 18.9673934936524 367.344929805279
2022 264 365 19.6123443603516 413.966048832893
2022 265 366 19.6291366577149 481.043433686733
2022 266 367 20.6763931274414 521.394961794853
2022 267 368 22.6419921875 520.170443217754
2022 268 369 22.553556060791 500.631437200546
2022 269 370 21.0345779418946 487.504501121521
2022 270 371 19.3873039245606 494.726982315063
2022 271 372 19.6542297363281 493.555886502743
2022 272 373 20.286019897461 489.882312626839
2022 273 374 21.1044059753418 488.933857197285
2022 274 375 20.2781311035156 475.513039966106
2022 275 376 19.1406188964844 461.56678161335
2022 276 377 18.8516403198242 464.40323537159
2022 277 378 19.2820793151856 466.420352239609
2022 278 379 19.6001983642578 462.559754837513
2022 279 380 20.1314140319824 461.735980330706
2022 280 381 20.8342338562012 452.238091008663
2022 281 382 20.6112342834473 447.52700469327
2022 282 383 19.7533927917481 438.207239219427
2022 283 384 19.3875099182129 437.374555962324
2022 284 385 19.1547904968262 432.142478742361
2022 285 386 18.803067779541 424.154110892296
2022 286 387 17.182504272461 406.124604926348
2022 287 388 16.8417221069336 415.016920491695
2022 288 389 17.3571525573731 398.505822823286
2022 289 390 17.0993362426758 377.426128946543
2022 290 391 15.6400657653809 386.104700531006
2022 291 392 18.1822067260742 352.824261689305
2022 292 393 19.2363410949707 395.428923278093
2022 293 394 18.9238906860352 398.652771589637
2022 294 395 17.6483627319336 395.998877280116
2022 295 396 18.267407989502 337.110228279352
2022 296 397 15.7954803466797 392.596928431153
2022 297 398 14.9285331726074 381.077461313724
2022 298 399 15.5297752380371 369.896410279632
2022 299 400 14.4782691955567 364.855800250649
2022 300 401 13.3868957519531 372.189605541706
2022 301 402 13.6696067810059 342.965714523196
2022 302 403 13.8300872802735 328.663213514209
2022 303 404 14.4246383666992 348.095368205667
2022 304 405 14.2087150573731 276.208904437303
2022 305 406 13.7973037719727 197.843590384722
2022 306 407 11.1487060546875 233.3326365017
2022 307 408 9.8780456542969 321.405105509758
2022 308 409 10.2352233886719 287.763989482343
2022 309 410 13.2185264587403 165.168737805635
2022 310 411 15.1675354003906 195.011591222137
2022 311 412 13.0501571655274 274.592529749513
2022 312 413 10.9291397094727 109.548468476165
2022 313 414 9.94340286254885 260.236607913062
2022 314 415 10.516919708252 296.166478136599
2022 315 416 9.47330627441409 302.53848076494
2022 316 417 9.8762260437012 277.032681235813
2022 317 418 10.443864440918 309.965797543459
2022 318 419 8.8886657714844 309.155380452529
2022 319 420 9.84161529541018 306.581640088588
2022 320 421 10.2289482116699 308.692295822423
2022 321 422 10.0648323059082 277.175170279711
2022 322 423 9.54535446166994 290.453498323267
2022 323 424 10.2756935119629 298.508661240205
2022 324 425 9.46885070800784 297.110472469468
2022 325 426 8.86478576660159 289.607467145886
2022 326 427 8.97648773193362 273.915705107655
2022 327 428 9.57024536132815 279.227923440456
2022 328 429 10.3424774169922 280.358940082788
2022 329 430 9.88209304809573 267.735179927826
2022 330 431 10.7680526733399 270.745288416624
2022 331 432 9.47007141113284 271.818415444613
2022 332 433 10.2026382446289 247.252169202089
2022 333 434 8.80164489746096 261.501219977379
2022 334 435 7.06108245849612 266.336992507696
2022 335 436 10.0130210876465 107.843033640146
2022 336 437 6.11197814941409 187.806915023267
2022 337 438 7.45589981079104 124.060238059998
2022 338 439 10.3224388122559 152.705278170586
2022 339 440 11.408349609375 195.162994521141
2022 340 441 10.0033088684082 187.67778382051
2022 341 442 8.04701766967776 232.473228600264
2022 342 443 7.6835647583008 198.75197269249
2022 343 444 10.477254486084 106.253377768993
2022 344 445 11.5234962463379 66.7300795508623
2022 345 446 10.8433395385742 130.107178642392
2022 346 447 9.04610595703127 225.923121670127
2022 347 448 6.84171447753909 220.352639077187
2022 348 449 6.25768051147463 225.464484331369
2022 349 450 7.06411895751955 229.240480106711
2022 350 451 6.43617019653323 236.756854926825
2022 351 452 6.57681808471682 227.343572397709
2022 352 453 5.45589599609377 230.090967129946
2022 353 454 5.21326217651369 168.232283644199
2022 354 455 6.27994689941409 178.144280665994
2022 355 456 7.18654785156252 229.320638320684
2022 356 457 8.1459785461426 161.165646988869
2022 357 458 8.03244934082034 125.173441611886
2022 358 459 7.87966308593752 157.76369259572
2022 359 460 9.42453536987307 195.759673640013
2022 360 461 8.7261672973633 163.659234698772
2022 361 462 11.8707595825196 58.1806474224329
2022 362 463 8.92550430297854 174.875906873584
2022 363 464 10.1214920043946 102.432848700523
2022 364 465 12.0761619567871 32.1048881187141
2022 365 466 15.1276679992676 31.5260204207301
2023 1 467 11.3497901916504 169.39820406948
2023 2 468 9.00140151977541 180.085343277454
2023 3 469 8.58973846435549 100.394163186312
2023 4 470 10.5412002563477 68.3283142932654
2023 5 471 14.2483497619629 57.267749627471
2023 6 472 10.7297225952149 121.968482592821
2023 7 473 12.2252784729004 140.697645885706
2023 8 474 13.447885131836 144.809786581338
2023 9 475 14.5668273925781 108.929643875599
2023 10 476 12.9242149353028 113.428556978703
2023 11 477 11.1862808227539 55.3650507645608
2023 12 478 12.9876953125 158.070904364228
2023 13 479 14.0281959533692 135.767515851975
2023 14 480 13.4630599975586 68.7373031976224
2023 15 481 10.7870040893555 107.813810741663
2023 16 482 10.1474853515625 131.88208919251
2023 17 483 8.60747680664065 229.617811459065
2023 18 484 6.85756454467776 256.575703462124
2023 19 485 9.37608871459963 201.592976715088
2023 20 486 7.55714950561526 272.84202004242
2023 21 487 6.88685379028323 296.545760349274
2023 22 488 6.77997741699221 296.483525353432
2023 23 489 10.4244972229004 303.165209543228
2023 24 490 8.49739990234377 306.517170754433
2023 25 491 8.00343856811526 307.650791399956
2023 26 492 11.0535446166992 310.93605605793
2023 27 493 8.97575912475588 308.828854237557
2023 28 494 8.66155776977541 296.661348555565
2023 29 495 9.24463806152346 264.639952816963
2023 30 496 6.25930175781252 281.195240921021
2023 31 497 5.69609222412112 335.16438922596
2023 32 498 5.84999237060549 327.126806900024
2023 33 499 7.21515808105471 282.191041175842
2023 34 500 10.5882316589356 174.746210352898
2023 35 501 9.67725524902346 166.99760509491
2023 36 502 12.2622505187989 180.73439554596
2023 37 503 8.43306503295901 318.191216697693
2023 38 504 8.62457809448244 332.932713381767
2023 39 505 8.94817504882815 308.695501452446
2023 40 506 9.83927688598635 351.217308588982
2023 41 507 9.96516952514651 323.281387966156
2023 42 508 9.35365066528323 287.823573916435
2023 43 509 8.96783981323244 344.611206769943
2023 44 510 10.3657203674317 377.419455511093
2023 45 511 10.8030334472656 386.492860055924
2023 46 512 7.78457412719729 376.156923477173
2023 47 513 6.32770309448244 364.029420606613
2023 48 514 8.42728958129885 358.68141056768
2023 49 515 7.93290863037112 404.203983249898
2023 50 516 9.59689102172854 402.381299360743
2023 51 517 10.7318626403809 400.909812144159
2023 52 518 12.0356918334961 396.379793676946
2023 53 519 8.47902069091799 397.166653668791
2023 54 520 6.37002716064455 358.094601531558
2023 55 521 7.2070365905762 219.281880160678
2023 56 522 6.76886520385744 232.445184353121
2023 57 523 8.30631408691409 164.272465755485
2023 58 524 7.91751251220705 160.275910454676
2023 59 525 7.19891128540041 119.101094531044
2023 60 526 7.03946075439455 318.795806203932
2023 61 527 7.67000350952151 458.310934845388
2023 62 528 8.4354187011719 418.123043722898
2023 63 529 10.2971130371094 350.101477943629
2023 64 530 8.56109008789065 362.873582503423
2023 65 531 7.39470443725588 388.293318780482
2023 66 532 8.27532348632815 411.534709349275
2023 67 533 8.56216201782229 324.379439321697
2023 68 534 8.95865783691409 368.626138184547
2023 69 535 11.8206687927246 128.472342729956
2023 70 536 11.7879615783692 195.982670677722
2023 71 537 14.2333847045899 179.258464845717
2023 72 538 14.7256446838379 248.18248033911
2023 73 539 15.9290061950684 162.289746897355
2023 74 540 11.2488990783692 245.786317516327
2023 75 541 10.9332061767578 416.976078947067
2023 76 542 11.5652404785156 515.623151802778
2023 77 543 13.3564010620117 511.497665307283
2023 78 544 14.989820098877 195.911541485071
2023 79 545 12.6093765258789 327.437994857669
2023 80 546 11.2140556335449 231.658325798512
2023 81 547 10.5677047729492 306.188198561311
2023 82 548 11.9873825073242 326.042082443714
2023 83 549 10.4059043884278 514.711796299458
2023 84 550 9.83542785644534 565.28898864603
2023 85 551 9.58727035522463 582.275480828285
2023 86 552 8.95459136962893 587.107809159279
2023 87 553 11.6218811035156 283.787003306151
2023 88 554 8.56664810180666 239.069083000183
2023 89 555 8.86503372192385 434.055940255642
2023 90 556 10.8357406616211 479.200634583473
2023 91 557 11.5767799377442 471.589836611748
2023 92 558 12.815202331543 477.04453606987
2023 93 559 10.5392814636231 559.380828228474
2023 94 560 9.16448745727541 615.78614462471
2023 95 561 9.50177536010744 608.637665205002
2023 96 562 11.9991394042969 568.414214841366
2023 97 563 14.374887084961 307.175114384651
2023 98 564 13.9865165710449 356.863181648254
2023 99 565 14.7365394592285 537.610907432556
2023 100 566 17.2379623413086 612.51866470623
2023 101 567 16.9594551086426 509.443808381081
2023 102 568 13.5256858825684 623.77037474823
2023 103 569 12.7609153747559 651.69739947319
2023 104 570 12.5433288574219 651.875209570885
2023 105 571 13.1140190124512 646.029310358047
2023 106 572 13.5171333312989 653.831277898789
2023 107 573 13.2815872192383 544.843833871842
2023 108 574 11.9179130554199 584.378232179642
2023 109 575 11.9758354187012 652.871021922112
2023 110 576 13.7050186157227 665.825391695023
2023 111 577 16.9487663269043 648.541057291985
2023 112 578 19.6030250549317 650.679375098229
2023 113 579 18.6360527038574 638.605218381882
2023 114 580 17.0310684204102 664.936305925369
2023 115 581 17.9153114318848 685.025791614533
2023 116 582 18.6390396118164 684.27004250145
2023 117 583 20.6223579406739 682.002809274673
2023 118 584 21.0173545837403 679.015410526276
2023 119 585 19.7267814636231 666.056582220078
2023 120 586 17.9926887512207 655.142711666107
2023 121 587 14.0974441528321 567.533994224548
2023 122 588 12.8883110046387 441.995725667
2023 123 589 12.7585693359375 446.876945651054
2023 124 590 13.680005645752 451.882648731232
2023 125 591 13.5692840576172 370.453262866974
2023 126 592 14.1470314025879 356.054086380959
2023 127 593 14.0703025817871 551.049842054367
2023 128 594 15.1088768005371 457.221774095535
2023 129 595 15.2490859985352 576.225067695618
2023 130 596 15.3766952514649 591.691186418533
2023 131 597 15.2131820678711 692.387631458283
2023 132 598 17.3134132385254 705.37314846611
2023 133 599 20.1433578491211 708.52059891645
2023 134 600 23.2753311157227 711.556925876851
2023 135 601 20.6809173583985 668.368266107793
2023 136 602 20.7375617980957 713.899737577114
2023 137 603 21.8088432312012 716.100289774774
2023 138 604 19.9082466125489 720.136850188561
2023 139 605 19.3817993164063 722.3285296751
2023 140 606 18.2485366821289 713.704123792041
2023 141 607 17.9988876342774 707.129133190401
2023 142 608 20.5407119750977 722.524107576534
2023 143 609 19.6902290344239 726.436218566857
2023 144 610 16.9154220581055 737.661263493642
2023 145 611 16.7792716979981 716.407033518329
2023 146 612 16.6367050170899 676.797055123598
2023 147 613 16.9618087768555 695.321726074875
2023 148 614 16.8829399108887 598.768513256058
2023 149 615 17.6594673156739 644.895683270559
2023 150 616 17.2646728515625 706.71126947026
2023 151 617 16.668546295166 699.224924164638
2023 152 618 17.4561897277832 734.922803389818
2023 153 619 18.2763153076172 748.046101412028
2023 154 620 19.8428398132324 750.891271449119
2023 155 621 22.4560562133789 750.268879814804
2023 156 622 21.4129920959473 717.456171406329
2023 157 623 18.5995002746582 615.506064147651
2023 158 624 18.3053947448731 467.611055568457
2023 159 625 19.4621673583985 551.13875145036
2023 160 626 19.0996528625489 664.527299506426
2023 161 627 16.9286743164063 621.632055902451
2023 162 628 18.758317565918 603.53416319418
2023 163 629 18.8568473815918 591.637855951846
2023 164 630 19.3157516479492 677.094892965734
2023 165 631 20.2382637023926 688.368864362121
2023 166 632 21.0966545104981 726.854105456024
2023 167 633 21.2740531921387 725.956091436923
2023 168 634 21.9381538391114 736.496522593856
2023 169 635 21.8111892700196 738.821566997349
2023 170 636 18.0798889160156 766.286250426531
2023 171 637 17.5677619934082 769.984961514115
2023 172 638 18.5672241210938 772.683437754393
2023 173 639 18.7974258422852 735.88747483784
2023 174 640 18.2164741516114 723.515475648701
2023 175 641 18.3817001342774 742.760333195806
2023 176 642 18.3391662597656 737.070020968556
2023 177 643 18.174577331543 751.775935069203
2023 178 644 18.4969039916992 735.843042978108
2023 179 645 19.2710739135742 737.61236372906
2023 180 646 20.7670608520508 747.3392527408
2023 181 647 24.2358795166016 745.51213272053
2023 182 648 26.8790145874024 746.347879896224
2023 183 649 28.6522270202637 747.659336092293
2023 184 650 26.4090057373047 741.097693223894
2023 185 651 21.8524375915528 737.323409089863
2023 186 652 20.546475982666 732.237681234181
2023 187 653 19.3546501159668 726.845213558793
2023 188 654 18.5704322814942 731.361912409425
2023 189 655 18.298543548584 748.490652959645
2023 190 656 17.3219657897949 742.031256151795
2023 191 657 17.571607208252 749.833232953847
2023 192 658 21.5311904907227 760.209165728807
2023 193 659 22.6905265808106 757.008353067577
2023 194 660 22.5719047546387 748.730700069249
2023 195 661 23.3462882995606 741.346641397536
2023 196 662 24.574666595459 745.143162504137
2023 197 663 26.7924514770508 707.467015133977
2023 198 664 27.0562149047852 683.265343513668
2023 199 665 25.0355010986328 725.218118558049
2023 200 666 21.7793403625489 720.030173244774
2023 201 667 22.2059722900391 736.172004397869
2023 202 668 24.4026084899903 735.98973523137
2023 203 669 25.6320472717285 730.446123510659
2023 204 670 26.5274139404297 657.698916889161
2023 205 671 22.8172813415528 685.203610532522
2023 206 672 22.9908348083496 728.485627961516
2023 207 673 23.935147857666 715.335651034504
2023 208 674 22.616357421875 721.212688614711
2023 209 675 21.620320892334 722.45298663716
2023 210 676 22.1974273681641 713.704121929541
2023 211 677 22.4502807617188 718.994336818904
2023 212 678 22.8869567871094 714.922208400771
2023 213 679 21.7423645019531 703.425967711918
2023 214 680 20.3115745544434 690.284896314219
2023 215 681 19.7626853942871 692.698842395946
2023 216 682 19.7755142211914 693.303422065981
2023 217 683 22.3806015014649 696.028546288837
2023 218 684 24.9266983032227 695.619576509558
2023 219 685 26.8617073059082 697.780108960031
2023 220 686 24.2320304870606 668.230463996563
2023 221 687 21.1853538513184 641.921605478521
2023 222 688 21.5938125610352 656.298554550567
2023 223 689 21.8522315979004 644.411139984131
2023 224 690 23.0190483093262 637.258217151642
2023 225 691 25.155404663086 653.280033633232
2023 226 692 26.4915061950684 554.730769032478
2023 227 693 26.759538269043 584.133730568886
2023 228 694 26.7101722717285 636.524692158699
2023 229 695 27.0483070373535 621.476455843926
2023 230 696 24.0813461303711 627.500207491875
2023 231 697 23.9896484375 632.359202347756
2023 232 698 24.6357971191406 614.50138040638
2023 233 699 26.7332473754883 477.097896336556
2023 234 700 23.3279052734375 528.635310386658
2023 235 701 25.7402053833008 599.364230474472
2023 236 702 27.3789611816406 636.222402997017
2023 237 703 23.1964546203614 605.241259785652
2023 238 704 22.0790115356446 631.221137281418
2023 239 705 21.8507362365723 638.836392778397
2023 240 706 23.10390625 642.87296515274
2023 241 707 22.9431739807129 640.632399458885
2023 242 708 24.5237937927246 637.387120475769
2023 243 709 24.3408256530762 627.077882678986
2023 244 710 21.4677062988281 471.371998501778
2023 245 711 19.744515991211 331.2033820858
2023 246 712 20.870938873291 416.776035656929
2023 247 713 20.4306312561035 474.372751681328
2023 248 714 21.3356109619141 583.938124643326
2023 249 715 22.0054870605469 585.045073723793
2023 250 716 21.2892318725586 580.9062433815
2023 251 717 22.1258255004883 583.000123027802
2023 252 718 22.9149528503418 567.316164178848
2023 253 719 21.7088104248047 558.309440058708
2023 254 720 21.6369911193848 585.983078363419
2023 255 721 21.2321640014649 564.337627055168
2023 256 722 20.9254432678223 558.558400202751
2023 257 723 22.1602378845215 542.501023314476
2023 258 724 21.6532379150391 528.195207890511
2023 259 725 20.9810195922852 496.009320700169
2023 260 726 19.9736534118653 500.610490763187
2023 261 727 19.8317237854004 523.39399352932
2023 262 728 19.9379554748535 510.239567361832
2023 263 729 20.0204559326172 515.689832983494
2023 264 730 19.1597152709961 496.333838518143
2023 265 731 18.8004203796387 514.67623639679
2023 266 732 18.5873199462891 511.804408718109
2023 267 733 18.7029586791992 506.958740068436
2023 268 734 19.1515975952149 495.609220511436
2023 269 735 20.6155181884766 458.973326487541
2023 270 736 20.0362716674805 495.275802259445
2023 271 737 19.7964569091797 493.871019022465
2023 272 738 19.698129272461 486.020132107735
2023 273 739 18.3906761169434 349.216810921431
2023 274 740 17.8610168457031 361.388749935865
2023 275 741 18.4785285949707 440.284171046257
2023 276 742 19.1005111694336 462.618685498714
2023 277 743 21.3071914672852 465.388275622129
2023 278 744 23.6780181884766 461.871840599775
2023 279 745 24.1967712402344 459.915785628319
2023 280 746 24.3581520080567 457.546301741838
2023 281 747 23.9105659484864 450.655682144165
2023 282 748 20.3258987426758 375.281140224934
2023 283 749 19.5683914184571 280.403929133177
2023 284 750 18.1901794433594 411.316875901461
2023 285 751 17.7626930236817 444.24962437129
2023 286 752 17.5100570678711 434.865043083191
2023 287 753 19.6444831848145 390.658351126909
2023 288 754 19.1043601989746 391.11624819088
2023 289 755 19.528638458252 390.822833254337
2023 290 756 19.8625007629395 343.682086183786
2023 291 757 19.9475761413574 405.070876877904
2023 292 758 21.7985778808594 405.048633479118
2023 293 759 20.8625999450684 384.207835537434
2023 294 760 18.3239875793457 372.360402496576
2023 295 761 18.0841651916504 288.779364303589
2023 296 762 18.3111587524414 306.423818134666
2023 297 763 17.74111328125 365.700958807468
2023 298 764 16.9960075378418 323.156913942337
2023 299 765 14.4616638183594 321.00525480938
2023 300 766 12.0948959350586 381.411571706891
2023 301 767 12.4125114440918 378.459725615919
2023 302 768 14.2445045471192 381.167078412414
2023 303 769 13.068921661377 375.298929059565
2023 304 770 13.6475158691406 321.792120790362
2023 305 771 14.4163452148438 333.359474614203
2023 306 772 15.2283569335938 335.284403645456
2023 307 773 17.1560989379883 331.127812882483
2023 308 774 18.5246902465821 321.378696001977
2023 309 775 18.3361717224121 257.678205759198
2023 310 776 18.6097579956055 192.421775365934
2023 311 777 14.7440200805664 253.792782974362
2023 312 778 13.2437606811524 320.609596489877
2023 313 779 11.7396560668946 330.412084552184
2023 314 780 12.3419815063477 280.306124296084
2023 315 781 12.7245803833008 306.170419964522
2023 316 782 13.8251358032227 305.859226163432
2023 317 783 14.6409927368164 294.905351081222
2023 318 784 14.2359519958496 282.075464869075
2023 319 785 13.9369255065918 229.813416786105
2023 320 786 15.7475334167481 189.834457722535
2023 321 787 15.4572769165039 200.290427818297
2023 322 788 16.7185684204102 130.748473722019
2023 323 789 13.9933563232422 221.264601326261
2023 324 790 12.5009971618653 293.024883578773
2023 325 791 10.8697219848633 282.222163344779
2023 326 792 11.1499458312989 265.035616027989
2023 327 793 12.3862281799317 269.872382092714
2023 328 794 12.5330673217774 287.27676978755
2023 329 795 9.18244323730471 284.200438521385
2023 330 796 9.04607162475588 276.949728350639
2023 331 797 8.39608154296877 253.872807623863
2023 332 798 9.35579071044924 273.842275554419
2023 333 799 10.6993728637696 219.197406188011
2023 334 800 10.5087104797364 232.889743862629
2023 335 801 11.0772644042969 253.174848581791
2023 336 802 12.3958374023438 162.694294641256
2023 337 803 13.7133575439453 122.297455667973
2023 338 804 12.7361160278321 139.528459730327
2023 339 805 11.2884460449219 180.463211029768
2023 340 806 11.5171447753906 202.210912871718
2023 341 807 11.8046318054199 171.185319656015
2023 342 808 9.18158874511721 192.221724090278
2023 343 809 8.34671173095705 245.772987277985
2023 344 810 7.91559371948244 229.622253737807
2023 345 811 7.73925552368166 235.619318826199
2023 346 812 8.89090118408205 226.963810549975
2023 347 813 8.86867294311526 220.144308993578
2023 348 814 8.4078422546387 220.491068824291
2023 349 815 9.11126480102541 210.510775121689
2023 350 816 9.33013687133791 233.787747328878
2023 351 817 10.4559226989746 149.837718254805
2023 352 818 11.7464958190918 85.5415348131658
2023 353 819 15.7283035278321 107.342579281211
2023 354 820 14.9483543395996 86.2083721991778
2023 355 821 12.421704864502 141.613428988278
2023 356 822 12.2088218688965 191.861633832216
2023 357 823 11.2266708374024 216.356692227125
2023 358 824 8.50423583984377 223.58962521863
2023 359 825 9.38870773315432 216.850142389536
2023 360 826 10.5373550415039 200.205954024792
2023 361 827 10.9306427001953 172.843514640093
2023 362 828 13.4628463745117 87.6931908590198
2023 363 829 14.1701141357422 109.814314835429
2023 364 830 14.0286193847656 145.601099062204
2023 365 831 11.9450622558594 116.411532474995
2024 1 832 11.0871520996094 160.507616289735
2024 2 833 9.53350219726565 197.170146975517
2024 3 834 11.2278800964356 177.676717944384
2024 4 835 9.01810607910159 206.932364924192
2024 5 836 10.1427131652832 238.63188565731
2024 6 837 8.75491104125979 171.91235883379
2024 7 838 6.63293609619143 183.467630680084
2024 8 839 6.28546295166018 225.133018892765
2024 9 840 8.53053054809573 144.533884404182
2024 10 841 8.7627998352051 86.775229017496
2024 11 842 8.65112075805666 216.123453377485
2024 12 843 6.4805732727051 248.681869773388
2024 13 844 8.38709793090823 99.1141392467021
2024 14 845 11.7488761901856 102.709111438751
2024 15 846 10.7745567321778 143.068449288368
2024 16 847 9.72923431396487 162.482195519447
2024 17 848 12.1934982299805 141.04517150706
2024 18 849 10.6097465515137 165.01018288517
2024 19 850 10.5512100219727 191.122446965694
2024 20 851 13.7245231628418 158.944776258469
2024 21 852 13.7442489624024 108.973751148462
2024 22 853 14.6760192871094 85.7569498620032
2024 23 854 13.7600151062012 158.533039328098
2024 24 855 12.894662475586 113.113284342289
2024 25 856 12.869962310791 173.594736925602
2024 26 857 11.450814819336 237.817264853001
2024 27 858 12.5449081420899 175.215132282019
2024 28 859 13.4177337646485 237.60917543745
2024 29 860 13.6859146118164 285.707452005386
2024 30 861 14.4672103881836 289.869113304138
2024 31 862 15.3964859008789 187.310536585808
2024 32 863 12.7885948181153 108.938336717665
2024 33 864 11.2299591064453 239.242855922699
2024 34 865 9.35000762939455 213.307680691719
2024 35 866 11.5166145324707 110.115995270729
2024 36 867 13.4959846496582 202.6334494977
2024 37 868 10.8964019775391 213.174868716717
2024 38 869 9.84340438842776 190.214849160194
2024 39 870 8.05373916625979 181.196423280239
2024 40 871 7.43290100097659 229.675442764759
2024 41 872 9.0183158874512 329.497942701816
2024 42 873 8.49835357666018 356.752447124481
2024 43 874 9.59348449707034 329.657332494736
2024 44 875 10.141259765625 326.766303789139
2024 45 876 11.1730857849121 263.230003911018
2024 46 877 12.3657775878906 196.957638592005
2024 47 878 12.0521408081055 235.284843650818
2024 48 879 11.8790298461914 160.118012654088
2024 49 880 13.2348648071289 216.415661469243
2024 50 881 15.4921775817871 241.093460805214
2024 51 882 14.0769744873047 310.752736187531
2024 52 883 11.5101867675781 264.863682569206
2024 53 884 11.2640014648438 306.382980596471
2024 54 885 11.9195037841797 357.102215172045
2024 55 886 12.0633483886719 370.809154806211
2024 56 887 14.0680480957031 385.649495531425
2024 57 888 13.4808364868164 353.830426137656
2024 58 889 11.7470146179199 360.059657968789
2024 59 890 10.3965774536133 441.814324543565
2024 60 891 13.0434928894043 324.362276066512
2024 61 892 12.3744941711426 209.150445196658
2024 62 893 10.9406105041504 246.494785908788
2024 63 894 9.03408966064455 335.815727620512
2024 64 895 9.32780227661135 382.014675780892
2024 65 896 11.0286193847656 238.901950720519
2024 66 897 12.637899017334 269.184736023456
2024 67 898 11.8123947143555 315.751160620212
2024 68 899 11.6060806274414 440.742906668305
2024 69 900 12.7408500671387 439.104805955052
2024 70 901 12.5214553833008 342.748885140002
2024 71 902 13.0025993347168 322.170759562492
2024 72 903 12.9490447998047 231.508347953737
2024 73 904 11.9124504089356 404.319443535328
2024 74 905 14.5813690185547 523.90988252306
2024 75 906 15.9893089294434 530.727933518886
2024 76 907 14.403897857666 524.914885874033
2024 77 908 13.9653030395508 525.468297412157
2024 78 909 14.2976203918457 515.210227912664
2024 79 910 15.02431640625 511.898596619844
2024 80 911 14.8837982177735 535.92115960598
2024 81 912 14.8018089294434 530.294056639194
2024 82 913 15.2217155456543 452.435437304497
2024 83 914 13.4499069213867 423.215207086563
2024 84 915 12.0145698547364 451.324165523291
2024 85 916 12.5932708740235 471.977565202236
2024 86 917 12.5700241088867 427.19534569931
2024 87 918 12.6866813659668 360.604212638855
2024 88 919 13.2848907470703 351.52380477953
2024 89 920 11.4250770568848 307.932539857864
2024 90 921 11.4454132080078 341.070927213192
2024 91 922 12.3118072509766 545.276061608314
2024 92 923 12.8180671691895 507.28533594799
2024 93 924 15.2493263244629 594.273091493606
2024 94 925 15.6300064086914 569.342926417827
2024 95 926 11.0248771667481 398.196482717514
2024 96 927 7.81109771728518 454.255046591282
2024 97 928 9.06771240234377 482.638527647972
2024 98 929 11.4481101989746 510.295917456627
2024 99 930 12.988900756836 577.25894440937
2024 100 931 14.9875808715821 623.413641683578
2024 101 932 16.3336616516114 617.724521960258
2024 102 933 18.6378837585449 613.505318062782
2024 103 934 17.5979705810547 629.036310813904
2024 104 935 12.5972152709961 270.393382069588
2024 105 936 9.88180313110354 248.721720371723
2024 106 937 13.0538726806641 481.961143078804
2024 107 938 15.1179328918457 566.044572945595
2024 108 939 17.1361213684082 613.731097462654
2024 109 940 18.5341011047364 624.365495698929
2024 110 941 17.3086143493653 639.608706910133
2024 111 942 16.7905250549317 643.256825413704
2024 112 943 17.7463813781739 663.83050600338
2024 113 944 20.2336746215821 661.47519481945
2024 114 945 17.094197845459 622.235972987175
2024 115 946 15.3342262268067 503.898470560074
2024 116 947 15.3159500122071 518.464294178009
2024 117 948 15.670068359375 485.312619425774
2024 118 949 15.0328346252442 624.670990407944
2024 119 950 16.2994171142578 674.580019678116
2024 120 951 16.6973243713379 693.249982156753
2024 121 952 16.1647087097168 705.230267745972
2024 122 953 17.2042098999024 713.447359714508
2024 123 954 18.4452606201172 703.88881070137
2024 124 955 18.6019798278809 690.522748855591
2024 125 956 15.0436225891114 312.266861713886
2024 126 957 11.2548728942871 419.345730419159
2024 127 958 13.2201362609864 632.923478473663
2024 128 959 15.2943664550781 710.370381038666
2024 129 960 18.5056625366211 729.673425003052
2024 130 961 20.8821235656739 729.571615610123
2024 131 962 21.2036453247071 719.393240755081
2024 132 963 22.2545677185059 718.405934192657
2024 133 964 20.4711395263672 709.117439461492
2024 134 965 19.128995513916 717.887935911916
2024 135 966 18.4332252502442 707.988490090645
2024 136 967 19.3593955993653 687.892936062902
2024 137 968 18.7790313720703 683.673703985764
2024 138 969 17.3254257202149 683.107009610509
2024 139 970 18.6762825012207 714.129161747463
2024 140 971 17.3142219543457 734.950794490743
2024 141 972 17.7926689147949 739.953639870047
2024 142 973 19.7135063171387 749.83097763583
2024 143 974 20.2544342041016 744.367682744779
2024 144 975 19.4704528808594 737.204290513113
2024 145 976 17.4207015991211 725.259411172293
2024 146 977 15.5824676513672 681.473332190707
2024 147 978 16.2844711303711 704.707838991508
2024 148 979 19.1649032592774 736.699568391278
2024 149 980 18.813077545166 742.317806299731
2024 150 981 20.3237625122071 745.558624875247
2024 151 982 22.7736907958985 752.31468900904
2024 152 983 23.5948387145996 745.810974249273
2024 153 984 21.2053047180176 751.238847094148
2024 154 985 19.8739639282227 720.570889983833
2024 155 986 21.0674835205078 627.194546047777
2024 156 987 22.0036140441895 700.227422189474
2024 157 988 27.9593864440918 734.804667567223
2024 158 989 27.0170188903809 738.191568425327
2024 159 990 23.3827033996582 745.160142202675
2024 160 991 19.7685180664063 708.71456910938
2024 161 992 20.0111633300781 733.976788189471
2024 162 993 20.3125549316406 736.301116573989
2024 163 994 24.1756187438965 740.157291354
2024 164 995 26.0161262512207 746.182867669046
2024 165 996 21.1320358276367 748.808271479606
2024 166 997 19.2821823120117 756.609180773914
2024 167 998 20.8435150146485 761.333111392379
2024 168 999 21.5814262390137 764.43665988487
2024 169 1000 21.7746673583985 763.684021626949
2024 170 1001 22.750863647461 770.453377977311
2024 171 1002 20.3428550720215 734.928659656405
2024 172 1003 18.8608108520508 751.969353183508
2024 173 1004 19.6989799499512 755.922942329287
2024 174 1005 23.1352859497071 755.927357580125
2024 175 1006 26.6724639892578 755.36952801907
2024 176 1007 25.3189102172852 754.585882579923
2024 177 1008 25.9822975158692 633.074018297255
2024 178 1009 22.8847480773926 653.634422830403
2024 179 1010 21.4278198242188 753.957208280742
2024 180 1011 22.1833702087403 759.965069410622
2024 181 1012 23.8196350097656 748.144176008403
2024 182 1013 25.8106323242188 743.734566631496
2024 183 1014 25.7068534851074 743.38922025311
2024 184 1015 28.2695022583008 756.325823431134
2024 185 1016 29.9047218322754 761.492490537941
2024 186 1017 29.3806091308594 743.920514522672
2024 187 1018 27.9099937438965 746.01020068556
2024 188 1019 28.3095565795899 750.619023740828
2024 189 1020 28.9125457763672 745.199993431032
2024 190 1021 25.4820610046387 742.933223773777
2024 191 1022 23.7889190673828 739.054904571295
2024 192 1023 23.5747047424317 730.966217706203
2024 193 1024 28.2412696838379 743.672583959102
2024 194 1025 29.5873504638672 741.228696723342
2024 195 1026 26.7500968933106 692.590299857318
2024 196 1027 23.6139312744141 677.745536982536
2024 197 1028 22.071492767334 712.553049179911
2024 198 1029 21.0803428649903 726.941793461621
2024 199 1030 19.5337577819824 732.648580866515
2024 200 1031 22.8405281066895 734.16273409608
2024 201 1032 25.6532989501953 730.541197316557
2024 202 1033 26.9607788085938 724.723719426364
2024 203 1034 23.3820854187012 719.397651973784
2024 204 1035 23.8854385375977 714.195566593051
2024 205 1036 28.4363838195801 706.71785512802
2024 206 1037 29.1865364074707 669.284963029384
2024 207 1038 27.3375183105469 695.959479482054
2024 208 1039 25.9847846984864 722.979344360679
2024 209 1040 20.0225730895996 698.47862015456
2024 210 1041 18.218392944336 695.583170055419
2024 211 1042 19.9831405639649 691.855372390166
2024 212 1043 21.1461502075196 698.850511605516
2024 213 1044 22.0112930297852 686.361088210486
2024 214 1045 23.4325233459473 695.423787342362
2024 215 1046 24.761376953125 616.405205865137
2024 216 1047 26.3536354064942 569.254361239767
2024 217 1048 25.247087097168 683.483332942892
2024 218 1049 22.8463455200196 684.28467333959
2024 219 1050 23.0576492309571 694.99434037528
2024 220 1051 26.1398368835449 687.352803353399
2024 221 1052 23.728719329834 681.189979312218
2024 222 1053 22.4239479064942 670.861082794927
2024 223 1054 22.545785522461 677.971335535049
2024 224 1055 23.0649162292481 668.926344437599
2024 225 1056 21.1430335998535 634.566004959106
2024 226 1057 20.7557083129883 671.148866327286
2024 227 1058 22.2747016906739 663.042467553139
2024 228 1059 23.0157218933106 660.664995755195
2024 229 1060 22.8282867431641 661.072308929443
2024 230 1061 22.5769248962403 639.639711004257
2024 231 1062 21.2931114196778 603.822789970398
2024 232 1063 21.3279777526856 653.855778159141
2024 233 1064 22.5073829650879 657.78281355381
2024 234 1065 22.8826690673828 650.136842260361
2024 235 1066 20.6656280517578 640.994468046188
2024 236 1067 19.5237861633301 607.129978354454
2024 237 1068 20.0219551086426 415.22834095478
2024 238 1069 20.3920455932617 529.908895510673
2024 239 1070 23.090234375 637.80679718399
2024 240 1071 24.5303588867188 634.349083151817
2024 241 1072 25.9341369628906 626.747402845383
2024 242 1073 23.3351760864258 611.291658805847
2024 243 1074 21.9992576599121 616.661978782654
2024 244 1075 22.7587448120117 610.477026409149
2024 245 1076 21.8576904296875 609.503037988663
2024 246 1077 21.6681877136231 609.759796281814
2024 247 1078 22.7348838806153 605.739813118935
2024 248 1079 25.7919593811035 596.398201033592
2024 249 1080 25.5943466186524 591.926610685348
2024 250 1081 26.2068840026856 584.670265605926
2024 251 1082 25.7834449768067 581.783663176536
2024 252 1083 24.7680183410645 585.498146590233
2024 253 1084 25.1349998474121 574.575993022919
2024 254 1085 21.4213882446289 558.943173742294
2024 255 1086 19.3531661987305 566.659971503258
2024 256 1087 20.5356918334961 553.462156538963
2024 257 1088 21.8134819030762 567.496714112282
2024 258 1089 21.9683280944824 560.452878676414
2024 259 1090 20.0925270080567 547.179801392078
2024 260 1091 17.2828727722168 443.545392587185
2024 261 1092 18.0564895629883 434.637644781113
2024 262 1093 18.6725479125977 389.908559241295
2024 263 1094 20.0489364624024 456.313763500213
2024 264 1095 20.2135368347168 499.727926971912
2024 265 1096 20.353646850586 508.440872255325
2024 266 1097 21.3313041687012 506.60353568697
2024 267 1098 22.4586044311524 512.243926050663
2024 268 1099 25.5100761413574 513.780204770565
2024 269 1100 22.6794563293457 495.902749355793
2024 270 1101 18.7740493774414 484.484711224556
2024 271 1102 21.2885452270508 505.133679839134
2024 272 1103 22.4062973022461 500.852468761444
2024 273 1104 19.575269317627 487.592679378033
2024 274 1105 21.2227416992188 489.372451674938
2024 275 1106 24.4047752380371 484.18807310009
2024 276 1107 26.2282653808594 478.680509831905
2024 277 1108 26.4781776428223 474.155804673195
2024 278 1109 25.8457160949707 448.849313380718
2024 279 1110 25.736531829834 448.233915831089
2024 280 1111 26.8107086181641 452.546118150473
2024 281 1112 26.6012664794922 446.507265904903
2024 282 1113 24.958154296875 448.619092332125
2024 283 1114 21.5704246520996 437.325023703813
2024 284 1115 20.3225189208985 384.958833031416
2024 285 1116 18.7234130859375 397.975117497444
2024 286 1117 19.0137954711914 401.437273934364
2024 287 1118 20.7457481384278 341.929822875976
2024 288 1119 20.1242919921875 397.514682708502
2024 289 1120 19.4011207580567 410.814316138029
2024 290 1121 19.6404472351074 287.252578363538
2024 291 1122 17.9811416625977 310.101915436029
2024 292 1123 17.9840446472168 395.013243675709
2024 293 1124 18.5388771057129 411.079958610654
2024 294 1125 16.7857452392578 406.586224280953
2024 295 1126 18.0577369689942 393.884281406164
2024 296 1127 16.9148574829102 371.402410815716
2024 297 1128 16.4411903381348 381.766744965315
2024 298 1129 17.3071571350098 384.21505570519
2024 299 1130 16.3226600646973 340.977962434411
2024 300 1131 16.0129714965821 355.849295503855
2024 301 1132 19.2840476989746 270.065775258183
2024 302 1133 16.7176719665528 317.96924930346
2024 303 1134 13.8602806091309 351.948824255645
2024 304 1135 12.6742263793946 344.533091903388
2024 305 1136 14.2332740783692 234.806686683476
2024 306 1137 13.2419258117676 255.800991029084
2024 307 1138 15.2798400878906 271.013211786121
2024 308 1139 14.3430801391602 326.327998806179
2024 309 1140 16.0737930297852 334.487526692271
2024 310 1141 14.943994140625 310.358695716917
2024 311 1142 17.2843299865723 334.939121308714
2024 312 1143 14.0701232910156 330.786296622842
2024 313 1144 13.0849967956543 325.5532045964
2024 314 1145 13.1763282775879 318.775015098274
2024 315 1146 12.8008438110352 313.541931151852
2024 316 1147 13.5169540405274 166.475626789778
2024 317 1148 10.3303543090821 212.205286057375
2024 318 1149 10.4852043151856 282.626048368506
2024 319 1150 13.3976036071778 222.215427009366
2024 320 1151 11.3895774841309 238.782406316448
2024 321 1152 10.3154121398926 276.618186561353
2024 322 1153 8.88443527221682 224.114735364532
2024 323 1154 12.2582565307617 237.259422516299
2024 324 1155 8.9492012023926 250.032205145157
2024 325 1156 13.0534492492676 98.6802617606147
2024 326 1157 15.3508277893067 112.976036388755
2024 327 1158 16.4318481445313 81.7900810055732
2024 328 1159 14.5041519165039 140.155280822456
2024 329 1160 11.3914505004883 227.501631838083
2024 330 1161 12.133504486084 159.998473687887
2024 331 1162 13.4908042907715 99.9110505990385
2024 332 1163 10.4275032043457 221.799261763096
2024 333 1164 8.29348144531252 270.619186418295
2024 334 1165 8.11684570312502 270.459798893452
2024 335 1166 8.59840164184573 252.98078847599
2024 336 1167 9.95174560546877 213.976207920313
2024 337 1168 11.2592254638672 241.761987963915
2024 338 1169 10.9601188659668 252.737286582708
2024 339 1170 11.0111824035645 253.675878906011
2024 340 1171 11.3688217163086 239.995498275757
2024 341 1172 10.898885345459 244.484792468786
2024 342 1173 10.2786727905274 230.503356510162
2024 343 1174 11.2666946411133 212.776413261056
2024 344 1175 10.2431732177735 254.561344322443
2024 345 1176 8.5257507324219 255.61503066349
2024 346 1177 7.86858901977541 241.075749834299
2024 347 1178 10.2176490783692 195.934934924364
2024 348 1179 11.4643074035645 99.1008542438745
2024 349 1180 13.1775833129883 122.060877076507
2024 350 1181 8.56394348144534 172.634009315133
2024 351 1182 8.68911132812502 111.696545825004
2024 352 1183 10.1894203186035 118.253392090797
2024 353 1184 9.50983581542971 224.128027890205
2024 354 1185 8.39955291748049 232.154737816095
2024 355 1186 8.68184432983401 228.834248174667
2024 356 1187 9.89321289062502 112.81222813189
2024 357 1188 12.6522193908692 122.330936123013
2024 358 1189 14.1583419799805 133.651568708777
2024 359 1190 14.0007987976074 77.1812549262046
2024 360 1191 9.40252456665041 199.773405481577
2024 361 1192 10.9582458496094 99.826934025526
2024 362 1193 13.834115600586 86.6645469744801
2024 363 1194 14.022176361084 95.0764338424205
2024 364 1195 14.924275970459 64.3686255352496
2024 365 1196 10.43642578125 207.153726364136
2024 366 1197 8.95209655761721 247.45108097434
