Year DOY_disc DOY TA_C PAR_umol_m2_day
2021 265 1 23.5165534973145 522.232439260483
2021 266 2 21.95986328125 517.617738864422
2021 267 3 22.6426483154297 514.493515158653
2021 268 4 21.1279846191406 502.20701210022
2021 269 5 18.6279579162598 492.668747246265
2021 270 6 17.5819602966309 465.884603468895
2021 271 7 18.9757553100586 470.494837267399
2021 272 8 17.9661804199219 502.967918817997
2021 273 9 18.1881080627442 497.842936615944
2021 274 10 19.8806777954102 488.805981059551
2021 275 11 20.5250411987305 481.469896982193
2021 276 12 20.9588943481446 480.606021128654
2021 277 13 21.1660133361817 474.030850321293
2021 278 14 20.2941070556641 445.040073030233
2021 279 15 17.705224609375 387.130126645803
2021 280 16 16.773095703125 356.492174321651
2021 281 17 15.2556243896485 387.595612439871
2021 282 18 15.1049362182617 450.814060123205
2021 283 19 16.1017051696778 446.834918203831
2021 284 20 17.3558250427246 451.995709544897
2021 285 21 15.8573699951172 453.463813430071
2021 286 22 13.9720893859864 386.131985736608
2021 287 23 14.4493614196778 402.236476610422
2021 288 24 14.8407875061035 428.161227764368
2021 289 25 17.0522476196289 424.164187449694
2021 290 26 17.5673461914063 387.904465413332
2021 291 27 13.7097373962403 334.918060428023
2021 292 28 12.2170845031739 323.240282239795
2021 293 29 16.2453895568848 201.42260124433
2021 294 30 18.4714637756348 172.610858307958
2021 295 31 17.7378440856934 155.494791703105
2021 296 32 15.3770919799805 299.584841429174
2021 297 33 16.1281219482422 99.9123448750004
2021 298 34 15.2440200805664 213.08247835967
2021 299 35 13.8822380065918 276.511284007013
2021 300 36 16.1299263000489 277.903302512586
2021 301 37 16.8515373229981 340.468262893915
2021 302 38 16.5297561645508 323.182101744711
2021 303 39 17.2595726013184 291.093950482905
2021 304 40 14.9716621398926 230.404431794822
2021 305 41 15.6750579833985 165.619411173731
2021 306 42 16.850732421875 140.889747035414
2021 307 43 15.4525352478028 253.361626305252
2021 308 44 16.974008178711 268.624640560031
2021 309 45 13.9378715515137 292.682923442692
2021 310 46 13.6224914550781 239.656242279798
2021 311 47 13.0811782836914 291.098433555514
2021 312 48 10.9017272949219 311.414809340239
2021 313 49 14.1680007934571 175.511277954433
2021 314 50 14.7387252807617 179.315845442392
2021 315 51 14.133187866211 304.544212836757
2021 316 52 13.9104515075684 287.719082019687
2021 317 53 14.2808662414551 279.178950294167
2021 318 54 14.0329261779785 269.851055603005
2021 319 55 13.305509185791 234.678973540075
2021 320 56 13.5894752502442 227.566679110277
2021 321 57 12.7499938964844 262.881987101592
2021 322 58 11.3065582275391 230.901269232182
2021 323 59 13.5226303100586 186.432621325447
2021 324 60 14.0499320983887 262.707427783792
2021 325 61 11.4968658447266 287.960790531342
2021 326 62 11.0432144165039 280.664977113962
2021 327 63 10.7674537658692 274.617956014872
2021 328 64 11.7378021240235 282.271838861227
2021 329 65 10.0490432739258 278.189765355349
2021 330 66 10.8759094238281 266.373237369299
2021 331 67 11.1312652587891 264.506758797169
2021 332 68 11.9329238891602 254.910305698872
2021 333 69 12.1374374389649 247.09976256299
2021 334 70 12.3171401977539 252.811079441547
2021 335 71 11.5697151184082 254.077779443026
2021 336 72 11.6141372680664 252.990113040209
2021 337 73 11.2721420288086 232.740876430035
2021 338 74 10.9713722229004 202.944430934429
2021 339 75 11.0598159790039 243.792025052547
2021 340 76 9.50712738037112 175.820120371103
2021 341 77 10.6337753295899 127.488720499396
2021 342 78 9.9257637023926 157.701441471338
2021 343 79 12.516259765625 200.607978612959
2021 344 80 7.94063339233401 232.682694359899
2021 345 81 6.80818328857424 237.749479119301
2021 346 82 9.36104354858401 78.0293813863993
2021 347 83 11.1022430419922 24.4297809090689
2021 348 84 9.40446243286135 125.725194493473
2021 349 85 7.23322448730471 200.415513909578
2021 350 86 10.0036140441895 117.816175658286
2021 351 87 7.64886627197268 195.089122909665
2021 352 88 6.06875762939455 195.456147116899
2021 353 89 5.57487640380862 196.306581848383
2021 354 90 5.7659851074219 192.143938220739
2021 355 91 6.34731826782229 186.768317876458
2021 356 92 7.5237976074219 110.417420547485
2021 357 93 11.8780838012696 57.7130070822239
2021 358 94 11.6897750854492 162.745849519491
2021 359 95 10.2429519653321 130.415998098731
2021 360 96 7.67527923583987 154.792065228403
2021 361 97 8.8293395996094 121.66102612412
2021 362 98 6.41555557250979 161.962553616047
2021 363 99 7.39272460937502 104.101840041101
2021 364 100 7.27845916748049 173.309107852757
2021 365 101 6.6342826843262 183.393440403938
2022 1 102 5.40369186401369 220.829092026472
2022 2 103 4.12836227416994 254.960015371323
2022 3 104 7.18452224731448 196.111446674585
2022 4 105 11.5817810058594 74.7941477116346
2022 5 106 12.1164337158203 110.162961579323
2022 6 107 12.2528244018555 131.888307878733
2022 7 108 11.7114959716797 109.802280298471
2022 8 109 9.5174270629883 140.598033754349
2022 9 110 7.70562515258791 232.001233680248
2022 10 111 9.02040634155276 216.594450848103
2022 11 112 9.3725296020508 250.182131447315
2022 12 113 8.17957458496096 247.74198263073
2022 13 114 9.65969238281252 255.53443231678
2022 14 115 9.34723434448244 238.693829835415
2022 15 116 8.6421829223633 234.86885483408
2022 16 117 10.48818359375 240.884622350693
2022 17 118 9.69125900268557 242.857228984356
2022 18 119 9.30170211791994 241.93549804163
2022 19 120 8.65877685546877 238.328701865673
2022 20 121 8.76501617431643 257.373440709114
2022 21 122 10.827352142334 290.382271030426
2022 22 123 13.0183883666992 297.845206579208
2022 23 124 9.46278533935549 300.548061592102
2022 24 125 8.8791557312012 297.359837319374
2022 25 126 8.29997787475588 289.972594017029
2022 26 127 8.45600662231448 295.111160985947
2022 27 128 8.60616073608401 308.670026423454
2022 28 129 8.54888687133791 308.478559484482
2022 29 130 9.1519485473633 293.236515576363
2022 30 131 8.59138641357424 319.54382360363
2022 31 132 9.01858673095705 307.271831191063
2022 32 133 9.48625717163088 318.871458034515
2022 33 134 10.638745880127 344.194695287704
2022 34 135 9.19342956542971 341.656573150635
2022 35 136 8.24979171752932 328.787896327019
2022 36 137 9.07059631347659 301.741420333862
2022 37 138 8.69864425659182 334.01106252861
2022 38 139 9.71412429809573 355.518218662262
2022 39 140 10.1755233764649 356.404335772514
2022 40 141 11.3816352844239 362.130674118042
2022 41 142 12.7085586547852 364.419429873466
2022 42 143 13.5469718933106 360.358456026077
2022 43 144 13.2545524597168 362.998986328125
2022 44 145 14.0361000061035 369.161695428848
2022 45 146 13.4878746032715 362.019358966827
2022 46 147 11.3029151916504 375.751877370834
2022 47 148 11.6997543334961 394.774352619376
2022 48 149 13.6780982971192 400.126659033026
2022 49 150 11.0627075195313 395.722808230061
2022 50 151 11.3828521728516 396.84936862687
2022 51 152 11.5097328186035 342.311138576239
2022 52 153 10.0761581420899 334.411821203578
2022 53 154 9.36666259765627 400.75006416259
2022 54 155 5.88674697875979 399.057966002941
2022 55 156 5.81469497680666 437.877732957423
2022 56 157 6.83443222045901 441.591386475831
2022 57 158 8.24837646484377 440.081880864635
2022 58 159 11.958585357666 402.166037070364
2022 59 160 12.2906700134278 443.283453347057
2022 60 161 13.7349716186524 427.88558055675
2022 61 162 13.589673614502 386.924016882539
2022 62 163 13.4816108703614 350.25498815918
2022 63 164 13.0904289245606 259.368312634796
2022 64 165 9.12239990234377 389.065828218758
2022 65 166 8.56791839599612 457.051617368102
2022 66 167 10.1763359069824 491.943959259868
2022 67 168 12.3918510437012 491.231506708503
2022 68 169 13.0028053283692 487.793926386476
2022 69 170 12.6759773254395 504.901691581368
2022 70 171 11.7278877258301 514.604393075228
2022 71 172 12.0326553344727 510.307428950071
2022 72 173 14.048844909668 399.138139778435
2022 73 174 12.3293281555176 478.803664717555
2022 74 175 15.472299194336 292.332593943953
2022 75 176 14.1919227600098 447.722939237833
2022 76 177 13.4812026977539 466.936882972836
2022 77 178 12.4944549560547 530.772614110947
2022 78 179 14.3689933776856 296.340148869693
2022 79 180 12.1728950500489 430.437042382479
2022 80 181 14.0638175964356 538.850055351496
2022 81 182 18.8376747131348 538.974723925829
2022 82 183 18.2807670593262 540.101292115211
2022 83 184 16.5990844726563 540.087939700127
2022 84 185 15.1920181274414 547.550868192673
2022 85 186 15.6813446044922 561.617361283302
2022 86 187 16.4422508239746 473.429105580807
2022 87 188 14.6901489257813 287.919850779116
2022 88 189 12.984994506836 372.639342320442
2022 89 190 13.3941856384278 491.770301379204
2022 90 191 12.8710609436035 532.807563096046
2022 91 192 13.8869453430176 587.661944969654
2022 92 193 15.1566024780274 590.302489888191
2022 93 194 17.1835227966309 611.159510117054
2022 94 195 15.4591384887696 527.174720889091
2022 95 196 16.01748046875 578.653884700775
2022 96 197 16.9538398742676 619.076650050163
2022 97 198 19.2308784484864 620.105260795593
2022 98 199 21.2403923034668 617.972363186836
2022 99 200 18.3178001403809 627.928863764763
2022 100 201 17.3381324768067 643.598372449875
2022 101 202 13.6681877136231 350.784867149353
2022 102 203 10.9119430541992 628.712572710037
2022 103 204 10.9981513977051 569.031320504188
2022 104 205 13.2956329345703 310.059309377432
2022 105 206 14.1848350524903 324.949565382481
2022 106 207 15.0011878967285 376.780482068062
2022 107 208 13.0685783386231 598.121644404411
2022 108 209 12.7231269836426 648.420780720711
2022 109 210 15.8545738220215 409.094654153824
2022 110 211 14.4598556518555 647.441149327278
2022 111 212 15.6159759521485 511.678890371323
2022 112 213 13.160848236084 441.226263262749
2022 113 214 14.3702026367188 628.240581066132
2022 114 215 16.286222076416 685.717677757263
2022 115 216 17.128678894043 669.219947372436
2022 116 217 16.8860450744629 650.197464402199
2022 117 218 15.1308990478516 674.875038900375
2022 118 219 14.4238258361817 689.738583271027
2022 119 220 14.829175567627 688.745591398239
2022 120 221 17.2681098937989 680.672615999222
2022 121 222 15.8076225280762 686.675037652969
2022 122 223 17.3848739624024 680.356472421646
2022 123 224 17.4245391845703 693.171700271606
2022 124 225 19.221768951416 711.348137489319
2022 125 226 19.1531730651856 609.311597258568
2022 126 227 18.2224746704102 557.725587917328
2022 127 228 17.0558296203614 652.504032114029
2022 128 229 15.0782867431641 676.927784721374
2022 129 230 12.9416976928711 657.259649076462
2022 130 231 12.2866264343262 675.164467567444
2022 131 232 13.3087783813477 680.694883464813
2022 132 233 15.0400444030762 695.692003738608
2022 133 234 17.006852722168 706.000298015799
2022 134 235 20.6632400512696 705.995857304234
2022 135 236 21.997445678711 699.962265230793
2022 136 237 18.6415763854981 720.494244814739
2022 137 238 17.6910606384278 725.579381984299
2022 138 239 20.9678054809571 737.446162990712
2022 139 240 26.2174240112305 724.902553202022
2022 140 241 21.9150825500489 746.236057400834
2022 141 242 20.5918022155762 755.836350458018
2022 142 243 21.1143203735352 743.582159945145
2022 143 244 22.2607322692871 739.035845078617
2022 144 245 23.8145118713379 741.422544441156
2022 145 246 26.9730659484864 735.994552199408
2022 146 247 23.5038772583008 694.298274320185
2022 147 248 17.844857788086 618.346391291335
2022 148 249 18.4487281799317 678.504094414651
2022 149 250 18.7834449768067 696.831932238027
2022 150 251 19.3170867919922 761.179747451976
2022 151 252 19.9810539245606 766.678991622358
2022 152 253 21.9150863647461 758.134008450896
2022 153 254 22.3669754028321 732.476816388249
2022 154 255 20.9516120910645 653.581634780377
2022 155 256 19.0444999694824 419.037808459371
2022 156 257 21.4022842407227 362.495807836726
2022 157 258 21.2154975891114 561.118640049398
2022 158 259 21.9069915771485 747.629797679245
2022 159 260 21.9223724365235 683.063784298271
2022 160 261 22.0826469421387 702.954569083244
2022 161 262 27.2559791564942 739.717107112616
2022 162 263 27.6835800170899 738.581651877165
2022 163 264 24.3957153320313 630.912260367155
2022 164 265 20.2866340637207 651.747041292369
2022 165 266 22.4612747192383 771.358905092478
2022 166 267 23.9041572570801 766.995122946024
2022 167 268 21.5536628723145 757.880197553933
2022 168 269 17.8244262695313 761.936726917505
2022 169 270 17.3098007202149 743.078997424781
2022 170 271 19.6060653686524 757.595219103873
2022 171 272 22.9945121765137 767.079744229436
2022 172 273 25.9213615417481 768.941031490743
2022 173 274 28.6697174072266 765.63701072675
2022 174 275 26.7571350097656 706.067100479513
2022 175 276 26.6308609008789 754.843370374501
2022 176 277 24.5199600219727 752.318614134967
2022 177 278 23.3595901489258 761.874395087421
2022 178 279 23.0153518676758 768.130598688662
2022 179 280 23.7084671020508 761.001632156312
2022 180 281 22.6061721801758 756.980713160098
2022 181 282 19.540902709961 753.431827515185
2022 182 283 18.910531616211 761.095136674166
2022 183 284 18.7702880859375 755.805187228441
2022 184 285 17.8106590270996 699.499174316227
2022 185 286 19.1195770263672 677.270661165059
2022 186 287 22.9983535766602 604.689562156916
2022 187 288 21.5749031066895 591.388970150292
2022 188 289 19.737191772461 718.169871210456
2022 189 290 21.5135818481446 745.038234758794
2022 190 291 21.6036392211914 731.278998042166
2022 191 292 22.0875030517578 746.057946204245
2022 192 293 25.6754814147949 745.674998843849
2022 193 294 23.6777130126953 721.304676624536
2022 194 295 21.5823913574219 697.624532308757
2022 195 296 22.0496574401856 734.885796423197
2022 196 297 22.0393386840821 740.67002444607
2022 197 298 23.0412612915039 736.813862518489
2022 198 299 25.2057891845703 729.582484356046
2022 199 300 25.4941650390625 716.0369736332
2022 200 301 24.4519706726074 724.230175831824
2022 201 302 22.7095809936524 737.232452377319
2022 202 303 21.9826789855957 737.713354976594
2022 203 304 22.4711929321289 742.611442042917
2022 204 305 21.868741607666 735.954478463352
2022 205 306 21.3235641479492 733.483138562381
2022 206 307 20.9338050842285 701.934871435255
2022 207 308 21.3887268066406 661.823789744109
2022 208 309 21.0279022216797 672.488323102161
2022 209 310 21.2652870178223 690.744916407525
2022 210 311 20.9078994750977 689.979031845823
2022 211 312 21.4069381713867 644.230681340754
2022 212 313 21.296647644043 628.92185011699
2022 213 314 21.3492599487305 456.918033184119
2022 214 315 24.6755844116211 559.462188947961
2022 215 316 24.4220138549805 632.497470084935
2022 216 317 25.3682914733887 655.905983494889
2022 217 318 22.9236885070801 614.712867639888
2022 218 319 22.1896949768067 643.967942540854
2022 219 320 21.4466033935547 676.219784190454
2022 220 321 21.3211380004883 666.472551399846
2022 221 322 21.8460708618164 648.149150240149
2022 222 323 21.5054946899414 679.960169334616
2022 223 324 22.4600616455078 678.392756141663
2022 224 325 22.0324531555176 686.826438274383
2022 225 326 22.3088928222656 687.632374363899
2022 226 327 22.4420486450196 688.166713903427
2022 227 328 23.7038093566895 685.788921550751
2022 228 329 24.8868537902832 680.098207118034
2022 229 330 26.9062858581543 641.741533956528
2022 230 331 24.6824584960938 602.993034043312
2022 231 332 23.4965911865235 661.984088562965
2022 232 333 23.5198608398438 658.506453767776
2022 233 334 24.3173957824707 634.665990818977
2022 234 335 22.1281753540039 643.139733221054
2022 235 336 24.0322586059571 638.486523415565
2022 236 337 24.6413818359375 638.157025406837
2022 237 338 22.8109680175781 622.977336450577
2022 238 339 21.8331237792969 618.016869893074
2022 239 340 22.1917205810547 605.20164103508
2022 240 341 21.4644104003906 597.480435142517
2022 241 342 21.5993896484375 588.004815050125
2022 242 343 22.3653541564942 589.305041498184
2022 243 344 21.9361282348633 606.555292263985
2022 244 345 23.7527862548828 615.055749576568
2022 245 346 24.620133972168 610.393635808945
2022 246 347 24.8706680297852 603.090992747307
2022 247 348 25.8298965454102 597.49824105072
2022 248 349 28.7176795959473 591.736290888786
2022 249 350 31.129296875 589.785938112259
2022 250 351 30.2012382507324 578.885426021576
2022 251 352 28.927938079834 579.112514857292
2022 252 353 28.149430847168 577.594112607956
2022 253 354 24.9323936462403 501.842593282223
2022 254 355 23.6076904296875 375.587127862453
2022 255 356 23.6360183715821 474.350834507465
2022 256 357 20.9172073364258 454.749488154888
2022 257 358 19.4397293090821 542.888773073673
2022 258 359 19.252530670166 531.511792157173
2022 259 360 18.5774360656739 532.941140672684
2022 260 361 19.4621826171875 544.229072895527
2022 261 362 18.5737930297852 371.619650405645
2022 262 363 18.9874282836914 258.923035050869
2022 263 364 18.8783508300781 411.183030439854
2022 264 365 19.9341102600098 424.109575457096
2022 265 366 19.3263946533203 485.389409924984
2022 266 367 20.8200698852539 522.138596358299
2022 267 368 22.825944519043 523.621375198841
2022 268 369 22.5442481994629 499.718595099449
2022 269 370 20.987020111084 494.090229570389
2022 270 371 19.3958106994629 489.062989345074
2022 271 372 19.7653289794922 491.525390002728
2022 272 373 20.4242340087891 489.263361254215
2022 273 374 21.1052070617676 489.178744380951
2022 274 375 20.4048171997071 477.303059430122
2022 275 376 19.152963256836 459.451679328442
2022 276 377 18.5664993286133 462.831377596378
2022 277 378 18.9588943481446 467.248571671247
2022 278 379 19.4878860473633 465.342775498629
2022 279 380 20.3159729003906 460.64503832221
2022 280 381 20.9447265625 451.066997716427
2022 281 382 20.8569046020508 446.485035736561
2022 282 383 19.9235855102539 433.277958958149
2022 283 384 19.6234680175781 433.215614086628
2022 284 385 19.3545242309571 433.269059028149
2022 285 386 18.514291381836 418.726119792461
2022 286 387 17.2774215698242 394.06189770937
2022 287 388 17.1851440429688 417.978042824268
2022 288 389 17.4468017578125 390.250277391195
2022 289 390 17.2057853698731 361.070908829451
2022 290 391 15.9504943847656 388.798655613899
2022 291 392 18.0727249145508 336.121707540274
2022 292 393 19.2723556518555 385.962201729655
2022 293 394 19.4437690734864 399.066889621735
2022 294 395 17.8875671386719 397.379260556102
2022 295 396 18.2536407470703 343.793934332848
2022 296 397 15.7888046264649 388.602728755593
2022 297 398 15.2778221130371 390.272535154462
2022 298 399 15.8760238647461 371.837842713475
2022 299 400 14.2688232421875 367.033241736889
2022 300 401 13.2069946289063 373.396333331108
2022 301 402 13.6554428100586 357.156858043551
2022 302 403 14.049649810791 321.525329033256
2022 303 404 15.1048027038574 346.278612977445
2022 304 405 13.9634452819824 263.923558916628
2022 305 406 14.1034866333008 173.344137970686
2022 306 407 11.1661201477051 245.858440346748
2022 307 408 10.1386962890625 313.425652647197
2022 308 409 10.2483726501465 279.08098317939
2022 309 410 13.5524345397949 160.809419358641
2022 310 411 15.2090164184571 198.881104462266
2022 311 412 13.2258201599121 262.02665835049
2022 312 413 11.0021911621094 115.764616875783
2022 313 414 9.81976089477541 237.990289845973
2022 314 415 9.8444534301758 294.327462688029
2022 315 416 9.5852104187012 294.857355302408
2022 316 417 9.59958801269534 260.356837996654
2022 317 418 10.5223861694336 309.502699781351
2022 318 419 8.8662048339844 312.174398447648
2022 319 420 10.1544776916504 307.49001685217
2022 320 421 10.2829795837403 308.621038672488
2022 321 422 9.76289520263674 269.828005895346
2022 322 423 9.60929641723635 282.45621794278
2022 323 424 10.274488067627 299.813349749669
2022 324 425 9.24928436279299 298.112361248154
2022 325 426 8.69358978271487 288.507621931281
2022 326 427 8.84596405029299 275.238192469086
2022 327 428 9.41057357788088 275.469739747524
2022 328 429 10.1093498229981 278.243847374201
2022 329 430 10.3600860595703 267.107321568966
2022 330 431 10.2212539672852 262.979554901123
2022 331 432 9.88735351562502 271.582422646761
2022 332 433 10.0779853820801 256.131110427618
2022 333 434 9.10195693969729 259.831407278299
2022 334 435 7.18816909790041 265.798193174839
2022 335 436 9.97396621704104 105.518664052248
2022 336 437 5.76411209106448 188.278913975418
2022 337 438 7.23916397094729 155.417046469927
2022 338 439 10.9202362060547 104.75277544266
2022 339 440 11.244229888916 200.141251866341
2022 340 441 9.94300613403323 205.213021730661
2022 341 442 7.72343215942385 210.022072294235
2022 342 443 7.44780502319338 193.542162182093
2022 343 444 10.315763092041 130.601441406012
2022 344 445 11.9735618591309 65.5189065216184
2022 345 446 10.869645690918 104.690436304331
2022 346 447 8.7787796020508 210.387207698226
2022 347 448 6.53877410888674 216.269398016214
2022 348 449 6.30645523071291 232.553380892038
2022 349 450 6.4600540161133 207.737780112267
2022 350 451 5.4546829223633 232.299576893806
2022 351 452 6.23501739501955 231.262066974401
2022 352 453 5.33832321166994 214.38139943552
2022 353 454 5.05702743530276 180.116884653568
2022 354 455 6.19595870971682 194.357025166512
2022 355 456 7.9051567077637 231.916628903389
2022 356 457 7.9743705749512 161.69553605938
2022 357 458 7.91507492065432 144.721354993343
2022 358 459 7.98064193725588 167.368439039707
2022 359 460 9.2925964355469 189.904206422806
2022 360 461 8.67678604125979 166.709422861576
2022 361 462 11.837777709961 61.9032136287689
2022 362 463 9.16995773315432 164.086704515934
2022 363 464 10.0619979858399 100.326661970139
2022 364 465 12.1615653991699 25.9555337011516
2022 365 466 14.8320060729981 20.6789321658611
2023 1 467 11.3217903137207 170.41623494941
2023 2 468 9.00611267089846 191.963886759996
2023 3 469 8.39030990600588 102.034578660071
2023 4 470 10.4514289855957 78.1974650924207
2023 5 471 14.1528068542481 64.8652189989091
2023 6 472 10.8434387207031 138.079206643343
2023 7 473 12.3231788635254 136.781104626417
2023 8 474 13.3630310058594 142.009086331248
2023 9 475 14.6405654907227 105.226491895318
2023 10 476 12.4616752624512 128.058907105208
2023 11 477 11.2273193359375 67.5236676049233
2023 12 478 13.1360374450684 168.353496930838
2023 13 479 14.173112487793 123.022079218865
2023 14 480 13.3611045837403 47.5097387076617
2023 15 481 10.7737518310547 117.078364442825
2023 16 482 9.84461364746096 124.324631956816
2023 17 483 7.84249267578127 240.011540124893
2023 18 484 6.72397766113284 274.224594279766
2023 19 485 9.33933029174807 205.954074971676
2023 20 486 7.28099212646487 256.735749989033
2023 21 487 6.75262222290041 294.976484652519
2023 22 488 7.24016723632815 294.892019488335
2023 23 489 10.4204383850098 303.223006166458
2023 24 490 8.5367256164551 306.228207798958
2023 25 491 7.95065078735354 307.428501812935
2023 26 492 11.3440185546875 310.078074177742
2023 27 493 8.6981025695801 309.713526835442
2023 28 494 8.72994766235354 294.514147955895
2023 29 495 9.30555877685549 254.059521683693
2023 30 496 6.35719833374026 269.445623695374
2023 31 497 5.81087646484377 336.093510064125
2023 32 498 5.97930297851565 321.658755026817
2023 33 499 7.38038024902346 275.322650990486
2023 34 500 10.720532989502 174.146065865994
2023 35 501 9.48852310180666 186.709230340004
2023 36 502 12.7117553710938 228.244128583431
2023 37 503 8.80925140380862 326.815613776207
2023 38 504 8.4638381958008 338.209602742195
2023 39 505 9.00139770507815 304.79673233223
2023 40 506 9.97414550781252 351.79967992878
2023 41 507 10.1284652709961 335.995695508957
2023 42 508 9.83457336425784 278.16780408001
2023 43 509 8.58054122924807 351.083949755669
2023 44 510 10.6384559631348 380.891444309235
2023 45 511 10.6741500854492 390.893967676163
2023 46 512 7.77516708374026 384.0833670578
2023 47 513 6.33624801635744 367.150214477539
2023 48 514 8.28172836303713 365.060802571693
2023 49 515 8.1058288574219 399.389446714635
2023 50 516 9.57936248779299 406.124469398966
2023 51 517 10.3251091003418 401.127648238061
2023 52 518 12.0532203674317 395.792970860098
2023 53 519 8.43691024780276 398.375846604735
2023 54 520 6.46791229248049 342.148364672259
2023 55 521 7.03924713134768 254.544085595436
2023 56 522 6.92853317260744 233.792195663698
2023 57 523 8.38860855102541 165.597246291325
2023 58 524 8.06051025390627 156.683893471077
2023 59 525 6.8723197937012 113.744190412447
2023 60 526 7.05057296752932 316.653045866937
2023 61 527 7.70398864746096 445.01869937557
2023 62 528 8.59102401733401 428.636795723021
2023 63 529 10.4306999206543 364.002753971472
2023 64 530 8.63141021728518 350.728293349817
2023 65 531 7.10444030761721 378.010727851927
2023 66 532 8.15690765380862 407.20472506249
2023 67 533 8.16267547607424 321.801015617192
2023 68 534 8.52219543457034 357.725618596613
2023 69 535 11.8574234008789 89.3424924338162
2023 70 536 11.7629524230957 237.35309006983
2023 71 537 14.1220222473145 183.535092456937
2023 72 538 14.8989845275879 299.844375469267
2023 73 539 15.6192947387696 147.846113035753
2023 74 540 11.3805709838867 223.358456114292
2023 75 541 10.4918266296387 483.19720817852
2023 76 542 11.8557182312012 500.757177314758
2023 77 543 13.1255584716797 498.205421773195
2023 78 544 14.9936653137207 190.963627971888
2023 79 545 12.7925468444824 305.067916092396
2023 80 546 11.3111053466797 199.134576061368
2023 81 547 10.85390625 316.950903365731
2023 82 548 11.6163307189942 354.173610756159
2023 83 549 10.017106628418 513.43593805933
2023 84 550 10.4533554077149 578.314478728294
2023 85 551 9.53297958374026 580.861791109085
2023 86 552 9.04842910766604 584.827241662026
2023 87 553 11.5656639099121 312.407541896343
2023 88 554 8.81010589599612 271.632827106476
2023 89 555 8.88320693969729 365.598705375671
2023 90 556 10.4467292785645 452.749532557488
2023 91 557 11.5400215148926 559.238570977211
2023 92 558 12.9549880981446 480.609888954163
2023 93 559 10.385385131836 522.042544350147
2023 94 560 9.19740066528323 608.944404835701
2023 95 561 9.81683502197268 586.925529439926
2023 96 562 11.337174987793 584.133727544785
2023 97 563 14.3364082336426 314.656992903709
2023 98 564 14.210092163086 351.688533623219
2023 99 565 14.3246513366699 531.987258493423
2023 100 566 16.9934440612793 612.936530985832
2023 101 567 16.8602806091309 505.998503748417
2023 102 568 13.3871780395508 568.205284221649
2023 103 569 12.7384735107422 652.626510231018
2023 104 570 12.7730995178223 652.799908164978
2023 105 571 13.185620880127 650.603798775673
2023 106 572 13.3006187438965 648.034267314911
2023 107 573 13.2102066040039 557.224727194786
2023 108 574 11.9275337219239 613.194387027741
2023 109 575 11.5793472290039 600.817926029205
2023 110 576 13.5945106506348 657.089868975639
2023 111 577 16.7474189758301 651.759647573471
2023 112 578 19.3948341369629 647.460768688202
2023 113 579 18.5776992797852 645.967059233666
2023 114 580 17.0436683654785 662.797963926315
2023 115 581 17.0795799255371 683.39872231865
2023 116 582 18.672811126709 683.852178237915
2023 117 583 20.5793930053711 681.856112138748
2023 118 584 21.2107902526856 677.134929609299
2023 119 585 20.1177116394043 670.50657141304
2023 120 586 17.8640151977539 652.848795785904
2023 121 587 14.1085601806641 554.015029787064
2023 122 588 12.8526092529297 439.301710102081
2023 123 589 12.7647644042969 437.461254173279
2023 124 590 13.2875762939453 408.840712306976
2023 125 591 13.6270004272461 381.882807199478
2023 126 592 14.3780876159668 378.233004271507
2023 127 593 14.538404083252 477.413524808884
2023 128 594 15.0977607727051 390.000418333054
2023 129 595 15.4049087524414 553.672725717545
2023 130 596 14.9955917358399 603.77421887207
2023 131 597 15.2052703857422 685.577051000595
2023 132 598 17.4442192077637 701.06539081955
2023 133 599 20.1095901489258 706.33782077352
2023 134 600 23.5057388305664 704.155077173467
2023 135 601 20.470174407959 679.179871637578
2023 136 602 20.9758850097656 718.118566486035
2023 137 603 21.7130867004395 717.660675621865
2023 138 604 19.8368507385254 719.092142152138
2023 139 605 19.5211578369141 727.636530989263
2023 140 606 18.6796508789063 707.06245955025
2023 141 607 17.7532974243164 707.164706701525
2023 142 608 20.6627555847168 724.893621956036
2023 143 609 19.7526412963867 731.121843579844
2023 144 610 16.9799705505371 731.232981852636
2023 145 611 16.8485275268555 716.335898592487
2023 146 612 16.521501159668 676.027963675767
2023 147 613 16.8292785644531 686.595081376508
2023 148 614 17.1484046936035 533.592102141365
2023 149 615 17.0695358276367 593.624993407801
2023 150 616 17.2826324462891 705.710989387438
2023 151 617 17.1092887878418 707.609260619596
2023 152 618 17.5840087890625 735.807460016668
2023 153 619 18.3733535766602 751.522545719355
2023 154 620 20.0405555725098 748.730718434364
2023 155 621 22.2961708068848 750.83792482239
2023 156 622 21.6237350463867 711.881450535476
2023 157 623 18.705941772461 594.73195330888
2023 158 624 18.5411430358887 551.129859663382
2023 159 625 19.5803695678711 533.94775448358
2023 160 626 19.1954132080078 669.257377177715
2023 161 627 17.427335357666 626.780011697739
2023 162 628 18.7538162231446 579.594804826021
2023 163 629 19.2732215881348 566.604872882366
2023 164 630 19.5495811462403 629.162833603323
2023 165 631 20.2226615905762 696.406438970298
2023 166 632 21.4901519775391 734.242645121276
2023 167 633 21.485440826416 733.589139044642
2023 168 634 21.8244453430176 735.647419348955
2023 169 635 21.8689018249512 737.016654338658
2023 170 636 18.0610900878906 763.218807749987
2023 171 637 17.5724655151367 768.753547482133
2023 172 638 18.6360488891602 774.270482062101
2023 173 639 18.6127563476563 732.437735171676
2023 174 640 18.0384269714356 721.150432906926
2023 175 641 18.4272247314453 738.41255862534
2023 176 642 18.1384635925293 731.272994697154
2023 177 643 18.167310333252 746.543520031929
2023 178 644 18.8209358215332 734.158162253499
2023 179 645 19.0207878112793 749.353104461491
2023 180 646 20.3367973327637 745.31207834202
2023 181 647 24.7362533569336 749.321972473085
2023 182 648 26.8501640319824 750.259988327086
2023 183 649 29.2735763549805 749.428675239861
2023 184 650 26.602010345459 740.795396123946
2023 185 651 21.730184173584 728.556759422243
2023 186 652 20.7386260986328 726.33396826154
2023 187 653 19.1674095153809 722.168467551231
2023 188 654 18.4936958312989 738.399241176426
2023 189 655 18.2923522949219 751.131332135677
2023 190 656 17.6489883422852 748.299504370332
2023 191 657 17.7094779968262 748.966339740276
2023 192 658 21.585050201416 757.893035241783
2023 193 659 22.7358413696289 750.611195602715
2023 194 660 22.4188591003418 745.916675062001
2023 195 661 23.2896438598633 739.426156157076
2023 196 662 24.7041946411133 742.938153310835
2023 197 663 27.2673889160156 710.805634892464
2023 198 664 26.9912429809571 690.640552153051
2023 199 665 24.6789642333985 727.26309820351
2023 200 666 21.8558631896973 721.692810003579
2023 201 667 22.237393951416 737.296744549543
2023 202 668 24.8072105407715 735.242890962452
2023 203 669 25.6267066955567 727.494261574656
2023 204 670 26.5979476928711 661.277585615814
2023 205 671 22.8386512756348 699.567232943565
2023 206 672 22.7529388427735 726.978583070964
2023 207 673 23.7972846984864 719.216619286686
2023 208 674 22.4765678405762 716.673754555568
2023 209 675 21.4093566894531 721.826175121352
2023 210 676 22.4645973205567 713.370724846259
2023 211 677 22.5795951843262 718.411973543376
2023 212 678 23.0049453735352 719.163280582473
2023 213 679 22.1779724121094 694.548194293492
2023 214 680 20.1469932556153 687.181890340768
2023 215 681 19.9580474853516 692.592145787626
2023 216 682 19.9873291015625 693.427922298677
2023 217 683 22.8471961975098 690.462730262149
2023 218 684 25.1883140563965 697.21553788384
2023 219 685 27.1040855407715 697.909032444833
2023 220 686 24.2237030029297 658.645823037777
2023 221 687 21.1853538513184 641.699333028074
2023 222 688 21.9018188476563 654.973792560973
2023 223 689 21.761605834961 637.636079611778
2023 224 690 23.108602142334 625.348541302681
2023 225 691 25.1449295043946 647.811991840363
2023 226 692 26.6958442687989 500.001445338249
2023 227 693 26.6601501464844 610.220289284706
2023 228 694 27.0273529052735 645.264679459572
2023 229 695 26.919206237793 615.883940027237
2023 230 696 24.0302635192871 620.827416175842
2023 231 697 23.4422546386719 638.787487012863
2023 232 698 24.0172248840332 578.759040261746
2023 233 699 26.5936752319336 438.839364333153
2023 234 700 23.3326049804688 539.411362565994
2023 235 701 25.5950675964356 611.220562185288
2023 236 702 27.2900482177735 636.169052810669
2023 237 703 23.1624694824219 604.489964165688
2023 238 704 21.7855430603028 633.27497984314
2023 239 705 22.3337875366211 642.535080303192
2023 240 706 23.1868339538574 642.31725227356
2023 241 707 23.152848815918 642.824063419342
2023 242 708 24.6131378173828 639.512117115974
2023 243 709 24.233960723877 627.593567545891
2023 244 710 21.3956771850586 448.366213708878
2023 245 711 19.9227806091309 328.922810052395
2023 246 712 21.1699615478516 440.061901619911
2023 247 713 20.1521202087403 487.42048554039
2023 248 714 21.2531143188477 588.481493042946
2023 249 715 21.827222442627 582.720038833618
2023 250 716 21.0898071289063 581.217441545487
2023 251 717 22.0172401428223 582.519990503311
2023 252 718 22.7505889892578 565.142273869515
2023 253 719 22.2175117492676 560.038760266304
2023 254 720 22.2113166809082 581.9331777668
2023 255 721 21.6491790771485 567.582895957947
2023 256 722 21.3078285217285 561.91036242199
2023 257 723 22.1897293090821 542.58548696661
2023 258 724 21.7252708435059 532.320680273533
2023 259 725 21.0276123046875 470.927451080799
2023 260 726 20.5635772705078 509.581625747681
2023 261 727 19.9601837158203 513.160305846214
2023 262 728 19.9969497680664 518.35716841507
2023 263 729 20.0916381835938 503.984650893688
2023 264 730 18.867318725586 513.87158857441
2023 265 731 18.7337280273438 514.787376150131
2023 266 732 18.4037147521973 512.444565088749
2023 267 733 18.220532989502 496.982900866985
2023 268 734 19.0455833435059 494.871256641865
2023 269 735 20.6394554138184 436.936664336205
2023 270 736 19.8293701171875 492.941881551743
2023 271 737 19.6940704345703 489.05200379324
2023 272 738 19.6327339172364 479.196202763081
2023 273 739 18.1679588317871 353.066660919666
2023 274 740 17.6417175292969 366.718981922388
2023 275 741 18.5552574157715 448.259512328148
2023 276 742 18.9365707397461 468.002280272007
2023 277 743 21.2920127868653 467.677744561434
2023 278 744 23.5352416992188 462.134132998228
2023 279 745 24.2076736450196 459.866893975258
2023 280 746 24.3038497924805 457.426267098665
2023 281 747 23.5955101013184 450.242237100601
2023 282 748 20.1779800415039 383.087557478666
2023 283 749 19.5611282348633 267.049452178299
2023 284 750 18.1698738098145 401.154324656248
2023 285 751 17.7750946044922 446.098978466034
2023 286 752 17.458325958252 434.358249073982
2023 287 753 19.5162368774414 392.045364744902
2023 288 754 19.0378890991211 394.743828006744
2023 289 755 19.9896827697754 396.086398424625
2023 290 756 20.0817962646485 356.236352491856
2023 291 757 19.9187141418457 406.097792110562
2023 292 758 21.6006523132324 402.514674395442
2023 293 759 21.019490814209 382.851948741674
2023 294 760 18.1416641235352 368.675039665937
2023 295 761 18.0495391845703 274.784731419087
2023 296 762 18.4768119812012 302.151626060963
2023 297 763 17.5453277587891 369.346314416528
2023 298 764 16.7335258483887 347.563050151825
2023 299 765 14.1107002258301 340.899161915898
2023 300 766 11.9642997741699 380.260178859293
2023 301 767 12.433251953125 377.583953326047
2023 302 768 14.4201980590821 381.633862679958
2023 303 769 13.2020812988281 375.530093501747
2023 304 770 13.4483085632324 344.548966733933
2023 305 771 14.3415428161621 340.943616645396
2023 306 772 14.770093536377 332.665978452563
2023 307 773 17.423917388916 331.025556993604
2023 308 774 18.1835571289063 322.961316900075
2023 309 775 18.169450378418 258.865167046249
2023 310 776 19.108415222168 180.467658679441
2023 311 777 15.0714736938477 273.740024611205
2023 312 778 13.4389015197754 324.792871544331
2023 313 779 12.0089698791504 329.531861415282
2023 314 780 11.9623771667481 279.208071459994
2023 315 781 12.7921195983887 309.780206976622
2023 316 782 13.3303237915039 306.023707267076
2023 317 783 14.2201324462891 290.304192122325
2023 318 784 14.3778739929199 270.832629052214
2023 319 785 14.1934143066406 236.152787196182
2023 320 786 15.4318367004395 184.979908303378
2023 321 787 15.6646057128906 202.041977448054
2023 322 788 16.6234565734864 131.602019389386
2023 323 789 13.7687126159668 235.12141734818
2023 324 790 12.4593215942383 292.949319100614
2023 325 791 10.8787017822266 275.562711339393
2023 326 792 10.9689002990723 258.029404821911
2023 327 793 12.8295265197754 271.45056968987
2023 328 794 13.1120887756348 287.74356048131
2023 329 795 9.21835098266604 284.733898299456
2023 330 796 9.13349685668948 273.882279625893
2023 331 797 9.0792060852051 259.865417329073
2023 332 798 9.41178283691409 273.548866162062
2023 333 799 10.9783111572266 213.075868209839
2023 334 800 10.6063972473145 238.909036473274
2023 335 801 10.9242301940918 257.393686815024
2023 336 802 12.2797790527344 161.156129512191
2023 337 803 13.7943550109864 115.402386609316
2023 338 804 12.9284912109375 148.939721025765
2023 339 805 11.3222175598145 184.099682711363
2023 340 806 11.5186515808106 209.617212926149
2023 341 807 11.4940620422364 163.214425441027
2023 342 808 9.30983123779299 171.794366025984
2023 343 809 8.37085876464846 243.35904456687
2023 344 810 7.73647842407229 229.422198855281
2023 345 811 7.8241020202637 228.021852856875
2023 346 812 8.8259216308594 223.060603057146
2023 347 813 9.01636657714846 219.379673054934
2023 348 814 8.27211532592776 212.733561872244
2023 349 815 9.2739311218262 207.732302960873
2023 350 816 9.62104568481448 231.747235635519
2023 351 817 10.3535362243653 147.823880772591
2023 352 818 11.4523826599121 77.4506105541588
2023 353 819 15.7629219055176 95.0683800307513
2023 354 820 15.1169982910156 91.6364037463666
2023 355 821 12.1605163574219 134.958423356772
2023 356 822 12.6053100585938 205.878500161171
2023 357 823 11.0691467285156 217.027974159956
2023 358 824 8.57071075439455 216.227765214205
2023 359 825 9.61634216308596 219.03736885941
2023 360 826 10.2513710021973 210.684152642965
2023 361 827 10.6700874328614 170.816333311081
2023 362 828 13.4525810241699 73.8274761671425
2023 363 829 14.2596755981446 102.079034271598
2023 364 830 14.1260887145996 155.834788005352
2023 365 831 12.0510803222656 110.85902072978
2024 1 832 11.0126396179199 160.241975203156
2024 2 833 9.7529006958008 195.253126095056
2024 3 834 11.0566459655762 156.02717855525
2024 4 835 8.81323394775393 184.671858041763
2024 5 836 9.82803878784182 226.288552680015
2024 6 837 8.29888305664065 175.919071232319
2024 7 838 6.88368377685549 182.10402410984
2024 8 839 6.19330368041994 228.8519653759
2024 9 840 8.52347717285159 141.023031116724
2024 10 841 9.31202087402346 91.9330466589927
2024 11 842 8.47054061889651 201.114881048798
2024 12 843 6.51689682006838 239.942362800598
2024 13 844 8.38729629516604 96.8694927802085
2024 14 845 11.3426681518555 100.978035236359
2024 15 846 10.6392189025879 159.635433104038
2024 16 847 9.70536575317385 152.768678453445
2024 17 848 12.0135284423828 125.974609575748
2024 18 849 10.4409881591797 174.537748972893
2024 19 850 10.6010261535645 193.358236091614
2024 20 851 13.7351051330567 159.445059629679
2024 21 852 13.4829193115235 157.585591176271
2024 22 853 14.5840698242188 100.017309011936
2024 23 854 13.9526420593262 143.249965422153
2024 24 855 12.8259559631348 114.72925165844
2024 25 856 12.8462997436524 194.274687457561
2024 26 857 11.541520690918 239.043616539478
2024 27 858 12.3059936523438 197.209996061802
2024 28 859 13.4185653686524 223.255844326496
2024 29 860 13.6379638671875 279.2745686903
2024 30 861 14.7478385925293 290.980365680694
2024 31 862 15.7551742553711 204.231704652786
2024 32 863 13.0214897155762 131.787669380009
2024 33 864 11.3175598144531 227.302407827377
2024 34 865 9.31907806396487 268.432094142914
2024 35 866 11.3596893310547 108.013025176048
2024 36 867 13.4526153564453 159.69741155529
2024 37 868 11.0771881103516 227.373238327026
2024 38 869 9.81849060058596 175.396649171829
2024 39 870 8.01700363159182 214.17100918293
2024 40 871 7.22636947631838 231.623455894947
2024 41 872 8.8825622558594 358.164757853508
2024 42 873 8.65527114868166 352.320719470978
2024 43 874 9.70599517822268 321.944956977844
2024 44 875 10.0725570678711 318.960945222854
2024 45 876 11.3621841430664 291.423093096733
2024 46 877 12.3950401306153 201.358378279924
2024 47 878 12.2692619323731 246.601041644096
2024 48 879 11.8026405334473 155.115153237127
2024 49 880 13.2774215698242 232.181297765039
2024 50 881 15.5170913696289 243.395669779099
2024 51 882 13.7533737182617 291.772856755806
2024 52 883 11.7447334289551 275.825697728723
2024 53 884 11.6492515563965 324.114336639333
2024 54 885 11.7928863525391 345.701893738024
2024 55 886 12.236459350586 378.875705045342
2024 56 887 13.7500587463379 396.69119686161
2024 57 888 13.3969779968262 359.399992223158
2024 58 889 11.7638221740723 360.019806409672
2024 59 890 10.3909660339356 441.880725742906
2024 60 891 12.7717834472656 314.232593305349
2024 61 892 12.5040145874024 175.972199966252
2024 62 893 10.9451766967774 285.198315278485
2024 63 894 9.12355575561526 272.102329694539
2024 64 895 8.99340591430666 376.684197204113
2024 65 896 11.4375358581543 282.462233220786
2024 66 897 12.6046844482422 276.857263493597
2024 67 898 11.4441772460938 346.268594318986
2024 68 899 11.1722541809082 441.65936660254
2024 69 900 12.5887084960938 439.596234379768
2024 70 901 12.3865295410156 360.387279491186
2024 71 902 12.7697044372559 310.2081640836
2024 72 903 12.9129272460938 190.263551680922
2024 73 904 11.8078285217285 407.126353336334
2024 74 905 14.3555313110352 523.436155045032
2024 75 906 16.3436256408692 530.161249452353
2024 76 907 14.4518486022949 525.760505228281
2024 77 908 13.7838836669922 526.017276625872
2024 78 909 14.2860008239746 515.648520988226
2024 79 910 14.8115631103516 519.323188580751
2024 80 911 14.8686424255371 539.210664053917
2024 81 912 14.3596855163574 536.62510989666
2024 82 913 15.0814033508301 479.450861321926
2024 83 914 13.5744491577149 401.915426932573
2024 84 915 11.9948516845703 439.91500539732
2024 85 916 12.4245239257813 447.494558354855
2024 86 917 12.788591003418 412.195633105278
2024 87 918 12.6036506652832 415.852585008621
2024 88 919 13.3924156188965 346.923826968431
2024 89 920 11.4956489562989 306.892108656645
2024 90 921 11.422380065918 343.975243819714
2024 91 922 12.4415412902832 515.245644422531
2024 92 923 13.1541229248047 503.287490214348
2024 93 924 14.9369369506836 593.719672899246
2024 94 925 15.533277130127 561.240941319465
2024 95 926 11.3059288024903 401.986266756534
2024 96 927 7.89225540161135 450.527248563766
2024 97 928 9.05235443115237 551.115688835144
2024 98 929 11.3493095397949 608.046437280655
2024 99 930 13.0466018676758 576.098975777626
2024 100 931 15.0413452148438 623.674835325241
2024 101 932 16.2888275146485 613.067011882782
2024 102 933 18.6412063598633 615.847355458259
2024 103 934 17.437100982666 626.773952438354
2024 104 935 12.4857536315918 280.248570215225
2024 105 936 9.9073310852051 308.38411277008
2024 106 937 13.0943466186524 479.778471787453
2024 107 938 15.2277313232422 549.442162287712
2024 108 939 17.1714111328125 617.950311440468
2024 109 940 18.6300064086914 626.964331708908
2024 110 941 17.4952217102051 637.093991316795
2024 111 942 17.078630065918 652.452343167305
2024 112 943 17.7521949768067 662.847648901939
2024 113 944 20.1998420715332 660.687130160332
2024 114 945 17.0288177490235 606.811230017662
2024 115 946 15.5177169799805 530.387038176536
2024 116 947 14.9136863708496 583.656417514801
2024 117 948 16.2309242248535 480.38057942009
2024 118 949 15.1627632141114 601.998742815018
2024 119 950 16.5144554138184 671.737695131302
2024 120 951 16.7137275695801 690.907932664871
2024 121 952 16.5590835571289 704.61045601654
2024 122 953 17.4474769592285 713.141877101898
2024 123 954 18.6391311645508 704.809673727035
2024 124 955 18.6733795166016 690.660006763458
2024 125 956 15.4203659057617 315.945962638855
2024 126 957 11.2305809020996 377.432404712677
2024 127 958 13.270150756836 693.772399681091
2024 128 959 15.4060379028321 708.687996898651
2024 129 960 18.6663185119629 730.620883991241
2024 130 961 21.4873901367188 726.870964159012
2024 131 962 21.3883796691895 719.207286752701
2024 132 963 22.1385322570801 719.539327022552
2024 133 964 20.6984268188477 701.639716057561
2024 134 965 19.2616325378418 720.123730582021
2024 135 966 18.6179595947266 704.982347962654
2024 136 967 19.682992553711 694.533886616796
2024 137 968 18.9565063476563 683.996907831741
2024 138 969 17.8904319763184 680.424063289821
2024 139 970 18.7132316589356 709.259132954128
2024 140 971 17.7513633728028 736.566753238607
2024 141 972 17.9809280395508 737.94806398046
2024 142 973 19.3122764587403 749.029633140057
2024 143 974 20.2280746459961 743.557467551984
2024 144 975 19.5376945495606 737.67356651409
2024 145 976 17.3989082336426 716.657151452139
2024 146 977 15.5513397216797 683.633867123857
2024 147 978 16.4866424560547 700.014909632072
2024 148 979 19.4320465087891 736.247991446927
2024 149 980 18.9247489929199 741.383653357074
2024 150 981 20.2735305786133 747.10373902674
2024 151 982 22.9258399963379 753.054045477241
2024 152 983 23.8754745483399 747.913942359388
2024 153 984 21.1664901733399 747.918375786334
2024 154 985 19.8548637390137 728.646308856666
2024 155 986 21.3279815673828 612.889928167909
2024 156 987 22.0883041381836 688.096580679625
2024 157 988 28.1069732666016 733.936934000015
2024 158 989 27.2239700317383 739.595025562405
2024 159 990 23.6166320800781 751.128151600182
2024 160 991 19.6709571838379 718.667158547848
2024 161 992 19.8592239379883 739.41352555716
2024 162 993 20.3706680297852 740.971927656829
2024 163 994 24.0539833068848 742.937658114254
2024 164 995 25.9123435974121 745.554183226526
2024 165 996 20.8090530395508 749.653858576774
2024 166 997 19.1345993041992 757.990493457019
2024 167 998 20.6861740112305 764.861675076842
2024 168 999 21.8547912597656 766.269555560529
2024 169 1000 21.6181655883789 765.5124880023
2024 170 1001 22.5181823730469 753.138170461535
2024 171 1002 20.452035522461 727.840521137118
2024 172 1003 18.4917579650879 744.287974767506
2024 173 1004 19.7533622741699 738.005626109838
2024 174 1005 23.1927734375 755.316408483446
2024 175 1006 26.3768859863281 755.891947559476
2024 176 1007 25.5318733215332 756.14430074513
2024 177 1008 25.9331069946289 602.41490350151
2024 178 1009 23.3279129028321 674.898782064378
2024 179 1010 21.2567764282227 750.180718694866
2024 180 1011 22.342359161377 757.587619726419
2024 181 1012 23.9149108886719 750.862530548274
2024 182 1013 25.6464553833008 741.485492124736
2024 183 1014 25.3863693237305 745.138029785275
2024 184 1015 27.7719551086426 755.644013593793
2024 185 1016 29.9072166442871 762.262854124367
2024 186 1017 29.4929100036621 748.37881186682
2024 187 1018 28.2431312561035 752.266007751524
2024 188 1019 28.3853164672852 750.242696516096
2024 189 1020 28.6416641235352 742.003486018956
2024 190 1021 25.6308799743653 745.421381709874
2024 191 1022 23.8424736022949 743.991358819783
2024 192 1023 23.5390029907227 733.091306140482
2024 193 1024 28.0457397460938 743.34053770405
2024 194 1025 29.3168922424317 738.399660077453
2024 195 1026 26.8082099914551 694.352375050664
2024 196 1027 23.9097229003906 681.548616262227
2024 197 1028 22.1549392700196 718.228853722393
2024 198 1029 20.9979454040528 714.540911837399
2024 199 1030 19.5310569763184 731.156594173163
2024 200 1031 22.9106880187989 736.017774288714
2024 201 1032 25.5214973449707 722.66500217092
2024 202 1033 26.6465126037598 722.970490674227
2024 203 1034 23.366716003418 720.743552368164
2024 204 1035 23.7864242553711 716.032897617221
2024 205 1036 28.6074234008789 675.239686762541
2024 206 1037 29.6027160644531 638.714395997524
2024 207 1038 27.136792755127 696.659006489128
2024 208 1039 25.8050323486328 724.506765487999
2024 209 1040 19.9671646118164 700.537333535373
2024 210 1041 18.0631309509278 700.24070533374
2024 211 1042 20.1593605041504 698.354672025099
2024 212 1043 20.8538871765137 706.195414497659
2024 213 1044 21.6914344787598 684.156296626471
2024 214 1045 23.3831192016602 696.570470089249
2024 215 1046 24.6667228698731 637.116151418917
2024 216 1047 26.4503646850586 542.092834322309
2024 217 1048 25.0069290161133 686.994195554662
2024 218 1049 22.702294921875 686.591288429007
2024 219 1050 22.9669471740723 694.830522794103
2024 220 1051 26.1784416198731 686.790546319097
2024 221 1052 23.8279357910156 681.854080012596
2024 222 1053 22.2653594970703 672.175984198354
2024 223 1054 22.3685279846192 669.116712619781
2024 224 1055 22.8637825012207 671.688982908249
2024 225 1056 21.3549667358399 642.09243252182
2024 226 1057 20.8445487976074 672.689542090416
2024 227 1058 22.7479606628418 670.387363357544
2024 228 1059 22.9345642089844 666.774672200203
2024 229 1060 22.7454696655274 664.339654779434
2024 230 1061 22.3151832580567 644.120151888847
2024 231 1062 21.226895904541 610.260101577759
2024 232 1063 21.1870361328125 657.26482532978
2024 233 1064 22.3479705810547 658.548733727455
2024 234 1065 23.1682907104492 650.07044106102
2024 235 1066 20.8976837158203 637.195820870399
2024 236 1067 19.4799934387207 617.423482760429
2024 237 1068 20.0833984375 434.566819825649
2024 238 1069 20.3551040649414 569.347335053444
2024 239 1070 23.1051803588867 634.079023853302
2024 240 1071 24.4562507629395 633.543304315567
2024 241 1072 25.9795967102051 622.882343381882
2024 242 1073 23.369832611084 608.821230167389
2024 243 1074 22.0567527770996 618.100850193023
2024 244 1075 22.8361717224121 613.686834700584
2024 245 1076 21.9722763061524 609.224110009193
2024 246 1077 21.6023803710938 611.654698129654
2024 247 1078 22.4436660766602 609.237383797645
2024 248 1079 25.8000503540039 599.528299056053
2024 249 1080 25.6568237304688 594.910616392136
2024 250 1081 26.3602806091309 589.403052619934
2024 251 1082 25.6811080932617 584.882758112907
2024 252 1083 24.663404083252 586.317202239036
2024 253 1084 25.1125846862793 576.072423160553
2024 254 1085 21.8055931091309 565.632832487106
2024 255 1086 19.3025260925293 569.480166685104
2024 256 1087 20.8103042602539 557.123545806885
2024 257 1088 21.8423400878906 566.075555366993
2024 258 1089 22.185865020752 559.217657804966
2024 259 1090 20.2938705444336 545.57713205719
2024 260 1091 17.2035881042481 440.118668536663
2024 261 1092 18.0415435791016 423.206340421677
2024 262 1093 18.8714080810547 400.26402622199
2024 263 1094 19.8932662963867 449.739200033188
2024 264 1095 20.073014831543 506.811621574402
2024 265 1096 20.1751419067383 512.12881414032
2024 266 1097 21.1733413696289 503.300766018867
2024 267 1098 22.3820167541504 511.779061205387
2024 268 1099 25.8031707763672 511.367334859371
2024 269 1100 22.9733787536621 492.338753788948
2024 270 1101 18.9542213439942 485.905877530098
2024 271 1102 21.0353103637696 505.824328620434
2024 272 1103 22.4710594177246 493.866173908234
2024 273 1104 19.5607429504395 484.400587783813
2024 274 1105 21.1307884216309 488.752639945507
2024 275 1106 24.1934715270996 484.55554575634
2024 276 1107 26.2716461181641 478.290893194198
2024 277 1108 26.3772979736328 472.721347946644
2024 278 1109 25.9924713134766 463.269057787418
2024 279 1110 25.5042625427246 455.981711637974
2024 280 1111 26.7204109191895 452.129937051296
2024 281 1112 26.9962669372559 443.549813319206
2024 282 1113 25.0272727966309 452.457564905405
2024 283 1114 21.5870262145996 443.346178908825
2024 284 1115 20.2751861572266 396.443266313791
2024 285 1116 18.6820960998535 393.893137738705
2024 286 1117 18.9598251342774 403.783741638183
2024 287 1118 20.8304382324219 347.973100389719
2024 288 1119 20.1732688903809 384.896847019911
2024 289 1120 19.4301811218262 411.881283575773
2024 290 1121 19.6539360046387 288.735730806589
2024 291 1122 17.7310157775879 329.537797836304
2024 292 1123 17.9960762023926 381.948260343075
2024 293 1124 18.8159843444824 411.221617719889
2024 294 1125 16.8911987304688 407.892281196237
2024 295 1126 17.7353759765625 394.309309765577
2024 296 1127 16.9086318969727 369.618206194401
2024 297 1128 16.1491333007813 383.506675610185
2024 298 1129 17.2029663085938 383.577510645986
2024 299 1130 16.5653091430664 334.584923795462
2024 300 1131 15.9286972045899 353.303574808359
2024 301 1132 18.9689575195313 240.602039429843
2024 302 1133 16.9298072814942 313.139043639541
2024 303 1134 14.0217643737793 351.532658528984
2024 304 1135 12.6484886169434 346.68917932862
2024 305 1136 14.3150535583496 266.793990941077
2024 306 1137 13.1885810852051 302.557781760454
2024 307 1138 15.5098205566406 273.842263158753
2024 308 1139 14.4503952026367 332.477536433876
2024 309 1140 15.9060760498047 337.971823110014
2024 310 1141 14.7331062316895 309.858412597716
2024 311 1142 17.1732803344727 336.559505828768
2024 312 1143 14.1909271240235 330.958952643961
2024 313 1144 13.1927276611328 325.964966223597
2024 314 1145 12.9349342346192 321.546503065735
2024 315 1146 12.8967376708985 310.32328338094
2024 316 1147 13.6603828430176 149.824515863493
2024 317 1148 10.4644485473633 172.452487566285
2024 318 1149 10.6950508117676 280.647031648211
2024 319 1150 13.5431114196778 217.473778725028
2024 320 1151 11.3266845703125 241.518486625839
2024 321 1152 10.0816856384278 281.643171311147
2024 322 1153 9.11836013793948 220.280695115661
2024 323 1154 12.4367652893067 239.676721853806
2024 324 1155 9.06667861938479 230.777845178879
2024 325 1156 12.8415275573731 113.179692243479
2024 326 1157 14.8732124328614 62.0752815251946
2024 327 1158 16.4957748413086 89.0641490194201
2024 328 1159 14.7297760009766 145.051878991425
2024 329 1160 11.0113922119141 227.59903511548
2024 330 1161 12.0438362121582 144.719831602335
2024 331 1162 13.1605583190918 76.9643182819187
2024 332 1163 10.3195663452149 232.624028055549
2024 333 1164 8.21211395263674 273.341978322744
2024 334 1165 8.10646209716799 261.361681645155
2024 335 1166 8.57245407104494 255.982499539614
2024 336 1167 9.99990615844729 220.165582789898
2024 337 1168 11.0886093139649 224.606176100254
2024 338 1169 10.9410186767578 251.329402129888
2024 339 1170 11.3451629638672 251.121319770574
2024 340 1171 11.3233695983887 242.395090366363
2024 341 1172 11.4007888793946 243.46650096488
2024 342 1173 10.3708320617676 220.435647632599
2024 343 1174 11.5110107421875 209.69942790699
2024 344 1175 10.4476371765137 253.813125221491
2024 345 1176 8.39996871948244 255.411383652687
2024 346 1177 7.58215103149416 242.572192194343
2024 347 1178 10.469010925293 161.450628211021
2024 348 1179 11.391446685791 92.5484395464658
2024 349 1180 13.2112060546875 114.339650141239
2024 350 1181 8.87841949462893 176.742550259232
2024 351 1182 8.4647270202637 102.970323981047
2024 352 1183 10.3299423217774 123.75210286957
2024 353 1184 9.65721282958987 216.526340527534
2024 354 1185 8.28352127075198 231.835965286493
2024 355 1186 8.49690399169924 235.523914983749
2024 356 1187 9.99824676513674 113.113286484361
2024 357 1188 12.8490005493164 123.508605575442
2024 358 1189 14.0389915466309 149.001034867763
2024 359 1190 14.0012107849121 77.0440088627337
2024 360 1191 9.73795089721682 205.404938000679
2024 361 1192 11.304891204834 83.4149062923192
2024 362 1193 13.8168922424317 80.9798850914239
2024 363 1194 13.6780258178711 91.9905969439744
2024 364 1195 14.7991081237793 71.1778264987468
2024 365 1196 10.0663238525391 193.769977054119
2024 366 1197 8.92635498046877 246.840104660749
