Year DOY_disc DOY TA_C PAR_umol_m2_day
2021 349 1 7.18159637451174 207.832173904896
2021 350 2 10.3195892333985 133.978861706674
2021 351 3 7.33868942260744 195.78736873734
2021 352 4 5.99112091064455 195.832126821995
2021 353 5 5.23268280029299 202.653487192631
2021 354 6 5.89245758056643 192.900380609035
2021 355 7 6.56364974975588 184.279683896422
2021 356 8 8.3444648742676 105.928029835224
2021 357 9 11.5194755554199 60.434389503479
2021 358 10 11.8914962768555 102.087657748342
2021 359 11 9.98460540771487 132.877778437614
2021 360 12 7.8549858093262 146.583164542139
2021 361 13 8.49494705200198 142.116151990175
2021 362 14 6.7587600708008 176.885396328211
2021 363 15 7.59182891845705 114.154844730318
2021 364 16 7.29666290283205 160.830141476989
2021 365 17 6.67390594482424 200.223048513174
2022 1 18 5.90859756469729 230.745535611153
2022 2 19 4.40965805053713 255.026811719894
2022 3 20 7.29117355346682 183.514394373894
2022 4 21 11.0661445617676 65.0647184548378
2022 5 22 12.1148124694824 121.936235719085
2022 6 23 12.2785316467285 132.3914749825
2022 7 24 11.6576629638672 96.6040971498489
2022 8 25 8.81439743041994 134.003402603388
2022 9 26 7.5309768676758 226.760255018234
2022 10 27 9.05379638671877 211.202073076725
2022 11 28 9.2122512817383 250.204389840603
2022 12 29 8.45094451904299 253.60190258503
2022 13 30 10.1030746459961 250.894582486629
2022 14 31 9.6113220214844 225.998814546585
2022 15 32 8.32102355957034 234.477005401611
2022 16 33 10.4452873229981 243.703261632442
2022 17 34 10.1603485107422 239.277158807278
2022 18 35 9.44618759155276 256.340391591072
2022 19 36 8.70289382934573 242.287266036034
2022 20 37 8.87854919433596 257.337820828438
2022 21 38 10.9056678771973 279.860230756283
2022 22 39 12.8160148620606 297.75614679718
2022 23 40 9.51337585449221 300.467921900749
2022 24 41 8.60090408325198 298.161350156784
2022 25 42 8.61769638061526 289.104299951553
2022 26 43 8.49384078979494 291.802713567734
2022 27 44 8.99308547973635 308.05107353878
2022 28 45 8.97467193603518 308.607673487663
2022 29 46 8.90646896362307 292.88029257679
2022 30 47 8.18948135375979 324.94065587616
2022 31 48 8.85750350952151 302.912519674301
2022 32 49 9.41421279907229 316.360047783852
2022 33 50 10.5715576171875 344.02547867775
2022 34 51 8.84536132812502 340.623525040627
2022 35 52 8.1558891296387 336.892057266235
2022 36 53 9.02081832885744 304.600141557694
2022 37 54 8.33580169677737 329.776428658485
2022 38 55 9.37030563354494 353.345244655609
2022 39 56 9.94927368164065 358.572874430656
2022 40 57 11.0780807495117 362.335499520302
2022 41 58 12.9062705993653 364.526296571732
2022 42 59 13.5649848937989 362.754079487801
2022 43 60 13.6971336364746 367.166820825577
2022 44 61 14.0182853698731 367.647731552124
2022 45 62 13.867318725586 368.186511480331
2022 46 63 11.49111328125 379.323045601845
2022 47 64 11.760270690918 396.025592659201
2022 48 65 13.7289024353028 400.166728374686
2022 49 66 11.0416580200196 399.04906760468
2022 50 67 11.5020500183106 398.11396914605
2022 51 68 11.4002510070801 341.843590345114
2022 52 69 9.62104187011721 338.949263372768
2022 53 70 9.44335708618166 414.366790414602
2022 54 71 5.68558654785159 407.705357339382
2022 55 72 5.94077453613284 440.326791280329
2022 56 73 6.67496261596682 442.602178208619
2022 57 74 7.77240905761721 436.639840749279
2022 58 75 11.3806205749512 390.53526733914
2022 59 76 12.257886505127 443.21666909489
2022 60 77 13.9616218566895 424.069512258142
2022 61 78 13.371110534668 384.145464583039
2022 62 79 13.0904327392578 348.932494245529
2022 63 80 12.8520408630371 262.623328845948
2022 64 81 8.86074218750002 381.504932642937
2022 65 82 8.10772857666018 454.4199913432
2022 66 83 10.2056785583496 490.648200417399
2022 67 84 12.7795883178711 489.77542551589
2022 68 85 12.9036460876465 486.569392436862
2022 69 86 12.9293418884278 504.527653223276
2022 70 87 11.5178352355957 513.713840868473
2022 71 88 12.3169876098633 510.124861941099
2022 72 89 13.9549385070801 383.918355964661
2022 73 90 12.3234535217285 463.401340292692
2022 74 91 15.434457397461 293.468069308579
2022 75 92 14.1735054016114 425.997582354069
2022 76 93 13.4988075256348 470.000436025143
2022 77 94 12.6310554504395 528.82673372817
2022 78 95 14.4740158081055 333.498984028459
2022 79 96 12.6488624572754 463.637340398788
2022 80 97 14.2763038635254 540.519870066643
2022 81 98 19.385083770752 540.435262769699
2022 82 99 17.8889709472656 538.297898059368
2022 83 100 16.7539001464844 542.341070030689
2022 84 101 15.4188781738281 541.09427088356
2022 85 102 15.3986373901367 564.093144597054
2022 86 103 16.596452331543 492.910242900372
2022 87 104 15.4741264343262 358.853395355463
2022 88 105 12.9730583190918 360.785913746834
2022 89 106 13.5279479980469 494.517701403618
2022 90 107 12.9121452331543 539.571411612988
2022 91 108 14.0652328491211 588.05824638319
2022 92 109 15.5670066833496 586.544295610905
2022 93 110 17.3130393981934 611.82299490881
2022 94 111 15.6467376708985 549.403252184868
2022 95 112 15.9249969482422 578.373346891403
2022 96 113 17.5783401489258 619.134528324127
2022 97 114 19.5141921997071 620.154227043152
2022 98 115 21.7463050842285 618.769422531128
2022 99 116 18.9323860168457 625.697999387741
2022 100 117 17.4484268188477 637.662737064362
2022 101 118 13.7117019653321 361.146605360031
2022 102 119 11.1406227111817 644.386535896301
2022 103 120 11.3747573852539 620.074078279495
2022 104 121 13.3106018066406 297.203986984968
2022 105 122 14.0537010192871 360.193696941376
2022 106 123 15.0596710205078 423.312532241344
2022 107 124 12.8309989929199 600.410402175903
2022 108 125 13.251309967041 657.673757406235
2022 109 126 16.1927314758301 399.16039180851
2022 110 127 14.4209953308106 610.580631110191
2022 111 128 16.0352912902832 515.633003064632
2022 112 129 13.4051109313965 446.24459599781
2022 113 130 14.7397247314453 657.15277532196
2022 114 131 16.8075233459473 681.705681245804
2022 115 132 17.4095664978028 658.24817636776
2022 116 133 17.3375221252442 659.797754076958
2022 117 134 15.5052848815918 675.048692874908
2022 118 135 14.4535804748535 680.075954772949
2022 119 136 14.9981513977051 682.943554758072
2022 120 137 17.5585075378418 672.746577648163
2022 121 138 16.0953956604004 684.755868400574
2022 122 139 17.5991836547852 687.16038977623
2022 123 140 17.2021385192871 692.036226860046
2022 124 141 19.3990417480469 709.816371736526
2022 125 142 19.4227233886719 605.597941440582
2022 126 143 17.946851348877 556.830572893143
2022 127 144 17.3939872741699 653.964562137604
2022 128 145 15.0428787231446 685.67315089035
2022 129 146 12.6446090698242 613.768883607864
2022 130 147 12.2706428527832 662.798980024338
2022 131 148 13.1788612365723 687.03126266861
2022 132 149 15.0161643981934 679.176467445578
2022 133 150 17.1610580444336 710.243839880195
2022 134 151 20.5541625976563 699.485810013432
2022 135 152 22.0136352539063 704.989521080632
2022 136 153 19.0242553710938 716.793958548412
2022 137 154 17.8990913391114 726.474399024552
2022 138 155 21.4401336669922 738.875530658863
2022 139 156 26.1271682739258 725.717417446483
2022 140 157 21.3069702148438 746.886154496323
2022 141 158 20.7800041198731 758.129566762797
2022 142 159 21.1145149230957 743.746921045914
2022 143 160 22.3283210754395 741.288961800724
2022 144 161 24.1243301391602 740.469646102838
2022 145 162 27.0165687561035 732.917638037726
2022 146 163 23.7291122436524 697.980762742579
2022 147 164 18.0581565856934 599.559899425767
2022 148 165 18.3888298034668 660.679406542718
2022 149 166 18.5790496826172 707.425225897729
2022 150 167 19.6147705078125 760.017563162044
2022 151 168 20.2107444763184 766.536508067518
2022 152 169 22.6397644042969 756.682397509962
2022 153 170 22.3989501953125 718.788816125363
2022 154 171 20.9803443908692 676.544838558018
2022 155 172 19.5020500183106 431.942113857955
2022 156 173 21.2063919067383 354.124488058612
2022 157 174 21.0410514831543 620.354612560749
2022 158 175 22.1142135620117 752.095970539093
2022 159 176 21.7495513916016 676.696241384506
2022 160 177 22.2461563110352 694.841521633476
2022 161 178 27.1080490112305 735.553728754371
2022 162 179 27.5902839660645 737.602012419462
2022 163 180 24.5001388549805 597.75205931893
2022 164 181 20.332162475586 648.81262750709
2022 165 182 22.595044708252 771.167435822427
2022 166 183 24.0794082641602 766.336128944635
2022 167 184 21.2946220397949 756.290545777917
2022 168 185 18.0460220336914 753.013256682992
2022 169 186 17.3992477416992 718.499393348992
2022 170 187 19.4308143615723 758.160726038992
2022 171 188 22.8797737121582 756.989630100667
2022 172 189 26.0834594726563 765.160567542791
2022 173 190 28.8166404724121 764.675231611073
2022 174 191 26.9963356018067 698.581872736812
2022 175 192 26.3882194519043 747.362622869313
2022 176 193 24.5132843017578 752.05144486922
2022 177 194 23.5178314208985 760.712190636814
2022 178 195 23.7246566772461 764.839961210787
2022 179 196 23.4775711059571 764.777622387469
2022 180 197 22.6970344543457 755.44452478522
2022 181 198 19.4105773925781 751.116349793017
2022 182 199 18.6130500793457 757.550694442034
2022 183 200 18.3578620910645 758.365574815035
2022 184 201 17.3419738769531 704.081133271992
2022 185 202 18.4891983032227 641.848402166843
2022 186 203 23.1938491821289 576.543228978753
2022 187 204 21.1321197509766 615.122537482858
2022 188 205 19.6008049011231 722.057212252021
2022 189 206 21.1699615478516 745.154018208623
2022 190 207 21.6283317565918 736.978620469153
2022 191 208 22.4050193786621 734.516209731161
2022 192 209 25.7898231506348 746.062392263114
2022 193 210 24.0059524536133 726.550106637597
2022 194 211 21.6817489624024 708.872381959498
2022 195 212 21.9974494934082 736.791599148035
2022 196 213 22.3360076904297 741.94352993542
2022 197 214 23.1114784240723 736.088045959651
2022 198 215 25.499227142334 728.785403843045
2022 199 216 25.6214500427246 725.592753924131
2022 200 217 24.3321662902832 716.678192597419
2022 201 218 22.8338333129883 738.212045465469
2022 202 219 22.2241035461426 734.004142256379
2022 203 220 22.6905570983887 742.914243947268
2022 204 221 21.8274589538574 740.255905657947
2022 205 222 21.3025184631348 728.843304356754
2022 206 223 21.1839309692383 707.999635282934
2022 207 224 21.6779075622559 688.732242070258
2022 208 225 21.2770248413086 677.061371039554
2022 209 226 21.4269691467285 683.353211248532
2022 210 227 21.2701316833496 684.604461998716
2022 211 228 21.8049980163574 670.039259975344
2022 212 229 21.4682594299317 622.986227835916
2022 213 230 21.8013549804688 502.443735880047
2022 214 231 24.738729095459 577.179992985055
2022 215 232 24.2054878234864 642.062143911153
2022 216 233 25.2889610290528 657.201776610505
2022 217 234 23.0928703308106 603.959295621265
2022 218 235 22.0286155700684 629.80352300331
2022 219 236 21.3982406616211 679.808761353768
2022 220 237 21.3905464172364 674.901749798436
2022 221 238 21.9681030273438 642.013176210608
2022 222 239 21.6702209472656 663.97004745027
2022 223 240 22.5199600219727 681.184685049057
2022 224 241 21.5370651245117 684.199262403488
2022 225 242 22.4096694946289 687.712536231995
2022 226 243 22.894548034668 688.705533144951
2022 227 244 24.1332412719727 687.356317264557
2022 228 245 25.1469017028809 678.633223601341
2022 229 246 27.0908447265625 627.439061172485
2022 230 247 24.6371322631836 630.199810587883
2022 231 248 23.3478485107422 661.008933847427
2022 232 249 23.8373771667481 657.940924655914
2022 233 250 24.5094390869141 630.95679655838
2022 234 251 22.1814018249512 644.074816578865
2022 235 252 23.9551597595215 639.715500021935
2022 236 253 24.6796318054199 637.168495091438
2022 237 254 22.3264976501465 606.301484485626
2022 238 255 21.7485366821289 621.837398457527
2022 239 256 22.4191795349121 610.322396047592
2022 240 257 21.0509735107422 597.511612618446
2022 241 258 21.8661056518555 597.217705257416
2022 242 259 22.155290222168 587.025182648659
2022 243 260 22.2087226867676 606.332644824982
2022 244 261 23.8047996520996 615.879522823334
2022 245 262 24.8443542480469 610.46043316555
2022 246 263 24.6136604309082 603.456126765251
2022 247 264 25.5311981201172 597.832202632904
2022 248 265 28.595849609375 591.513646473885
2022 249 266 30.7150512695313 591.010483402252
2022 250 267 30.0104042053223 579.7893540802
2022 251 268 29.5048919677735 577.852369847298
2022 252 269 28.1542907714844 577.611914484024
2022 253 270 25.2784400939942 494.361853841305
2022 254 271 23.2312866210938 343.183887930393
2022 255 272 23.6034446716309 416.829210949421
2022 256 273 21.0428787231446 493.77407188034
2022 257 274 19.3747650146485 548.472613247871
2022 258 275 19.2650810241699 540.978503247261
2022 259 276 18.8682342529297 537.006588677883
2022 260 277 19.5307861328125 546.655851656437
2022 261 278 19.2401863098145 347.707965084076
2022 262 279 18.6134544372559 271.564603382111
2022 263 280 19.1984992980957 439.075538073063
2022 264 281 19.7538009643555 442.726859099865
2022 265 282 19.4953704833985 478.857101216793
2022 266 283 20.841325378418 521.292542541504
2022 267 284 22.438809967041 523.336391960621
2022 268 285 22.3754783630371 503.165091228008
2022 269 286 20.877946472168 489.775440384388
2022 270 287 19.4099746704102 489.70419507885
2022 271 288 19.5241104125977 490.919809693813
2022 272 289 20.2451492309571 488.902689297676
2022 273 290 21.1155258178711 488.65778598547
2022 274 291 20.1704727172852 478.095665785313
2022 275 292 19.1588302612305 462.04767419529
2022 276 293 18.3906455993653 466.910163400173
2022 277 294 18.9277320861817 466.010693370819
2022 278 295 19.3790069580078 462.582010206699
2022 279 296 20.2277465820313 459.473943769932
2022 280 297 20.9546447753906 450.011683148861
2022 281 298 20.5231948852539 445.345106815815
2022 282 299 19.6603065490723 435.784906643391
2022 283 300 19.2426162719727 438.233959422112
2022 284 301 18.9291511535645 434.422339103937
2022 285 302 18.5068031311035 423.766709912777
2022 286 303 17.389535522461 410.501737723827
2022 287 304 17.0382247924805 419.122410117626
2022 288 305 17.0483413696289 397.072013002396
2022 289 306 17.2264228820801 374.108788402557
2022 290 307 15.5989776611328 396.270503189087
2022 291 308 18.2097259521485 349.008191658139
2022 292 309 19.5000244140625 387.569671573281
2022 293 310 19.054818725586 400.643177957296
2022 294 311 18.1550956726074 394.916838981748
2022 295 312 18.4922309875489 337.773705006838
2022 296 313 15.7446876525879 393.238125974655
2022 297 314 14.8925186157227 390.14786960423
2022 298 315 15.3049407958985 368.124176689148
2022 299 316 14.2609268188477 367.01988440764
2022 300 317 13.357755279541 371.085311496139
2022 301 318 13.1946502685547 346.955431472659
2022 302 319 13.6453186035156 325.657554738402
2022 303 320 14.76259765625 352.610517519414
2022 304 321 13.9339004516602 272.504149179339
2022 305 322 14.0486465454102 189.075968972564
2022 306 323 10.7132164001465 231.796408403993
2022 307 324 10.2105346679688 324.130239297122
2022 308 325 10.4276710510254 297.54686724028
2022 309 326 13.478776550293 174.613185257509
2022 310 327 14.7913299560547 185.380130434662
2022 311 328 12.9522109985352 271.190566819578
2022 312 329 10.6743675231934 109.886881696843
2022 313 330 10.0976043701172 256.576388940826
2022 314 331 9.86245880126955 280.007166685954
2022 315 332 9.2144828796387 301.264966045782
2022 316 333 9.7066360473633 260.494883525394
2022 317 334 10.5407958984375 308.224740546875
2022 318 335 8.59583816528323 312.726556495801
2022 319 336 10.0184875488281 303.865423084289
2022 320 337 10.1728950500489 308.064430659335
2022 321 338 10.0941711425781 275.540983438633
2022 322 339 9.5633598327637 286.245586419886
2022 323 340 10.1917091369629 299.029651892766
2022 324 341 9.17521820068362 297.426624111313
2022 325 342 8.99430236816409 286.316831180062
2022 326 343 8.81257019042971 276.596297947135
2022 327 344 10.0249610900879 277.411177725554
2022 328 345 10.1154228210449 280.372302578211
2022 329 346 10.1077247619629 264.515779691219
2022 330 347 10.5177360534668 260.561673046112
2022 331 348 9.8248229980469 270.754195402861
2022 332 349 10.1131988525391 257.195327949286
2022 333 350 9.07423553466799 260.917896549702
2022 334 351 7.38325653076174 267.093965373754
2022 335 352 10.2101264953614 99.1065883178711
2022 336 353 5.67365036010744 183.937412083983
2022 337 354 7.40409622192385 132.988155109406
2022 338 355 10.55556640625 147.553356171995
2022 339 356 11.3037239074707 173.762704077721
2022 340 357 10.1860481262207 191.649704312086
2022 341 358 8.21336517333987 221.795351348162
2022 342 359 7.8596244812012 200.960573888063
2022 343 360 10.6342903137207 108.782582713485
2022 344 361 11.4399162292481 76.4149781606197
2022 345 362 11.1527572631836 143.033738339126
2022 346 363 9.04165420532229 212.337549890399
2022 347 364 6.62821731567385 208.053929234028
2022 348 365 6.1127868652344 222.129321246624
2022 349 366 6.79841003417971 219.421996108055
2022 350 367 5.95757064819338 225.589161978006
2022 351 368 5.94766006469729 230.117685316563
2022 352 369 5.20557174682619 215.035958844423
2022 353 370 5.02364501953127 167.332813110828
2022 354 371 6.24736175537112 168.000741567373
2022 355 372 7.46258697509768 231.355569665194
2022 356 373 7.82562789916994 165.996968798161
2022 357 374 8.05976257324221 152.714186668873
2022 358 375 8.00573501586916 183.086920524597
2022 359 376 9.27114257812502 195.247593753815
2022 360 377 9.16327819824221 160.653579199076
2022 361 378 12.0114036560059 62.7937781839371
2022 362 379 9.04955062866213 174.684436406493
2022 363 380 10.0678649902344 108.074583025217
2022 364 381 12.406625366211 36.8115274302065
2022 365 382 14.876123046875 33.0533403036594
2023 1 383 11.3643280029297 171.38092784965
2023 2 384 9.0689407348633 178.235986914635
2023 3 385 8.71819839477541 104.96420081991
2023 4 386 10.8855377197266 70.3065872106553
2023 5 387 13.8663879394531 62.9491801953317
2023 6 388 10.8256889343262 151.544815854311
2023 7 389 12.515756225586 143.729522359371
2023 8 390 13.4459548950196 157.417408556938
2023 9 391 14.2521911621094 101.363296034217
2023 10 392 12.7752395629883 144.187410855055
2023 11 393 10.9751029968262 64.651833626032
2023 12 394 13.1317611694336 157.075102628857
2023 13 395 14.4133544921875 144.369684274197
2023 14 396 13.3773551940918 57.61005936718
2023 15 397 10.8769927978516 107.413712442994
2023 16 398 9.76018676757815 130.659564758182
2023 17 399 8.2988334655762 232.027308489323
2023 18 400 6.87701950073244 258.807385354519
2023 19 401 9.21044692993166 211.475461910725
2023 20 402 7.33207855224612 267.347302148342
2023 21 403 6.96145019531252 293.88732131958
2023 22 404 7.33442459106448 296.470201163292
2023 23 405 10.2470985412598 303.387497114182
2023 24 406 8.6741653442383 306.085948027611
2023 25 407 8.53758773803713 307.241788761139
2023 26 408 11.2559562683106 310.162519181252
2023 27 409 9.47441253662112 308.255381819725
2023 28 410 8.56536636352541 296.239023742676
2023 29 411 9.36284027099612 254.935289311409
2023 30 412 6.58825836181643 271.810646276474
2023 31 413 5.70057449340823 335.924570663452
2023 32 414 5.70165023803713 318.689130937576
2023 33 415 7.0242858886719 279.652622676849
2023 34 416 10.4561363220215 168.50464125967
2023 35 417 9.47975692749026 168.895858654976
2023 36 418 12.6476341247559 212.880261276245
2023 37 419 8.71968994140627 319.747172236443
2023 38 420 8.44160995483401 328.798332500458
2023 39 421 8.9005180358887 305.890340085983
2023 40 422 9.9202819824219 351.555171261788
2023 41 423 9.80315551757815 325.450827806473
2023 42 424 9.56012496948244 292.406949159622
2023 43 425 8.82185897827151 347.140731387138
2023 44 426 10.5298706054688 380.753631982803
2023 45 427 10.6337524414063 391.591914117813
2023 46 428 8.00130233764651 374.076400278091
2023 47 429 6.34843215942385 364.865181390762
2023 48 430 8.37407073974612 362.824683314719
2023 49 431 8.26078567504885 405.395390438314
2023 50 432 9.56589279174807 402.768073847285
2023 51 433 10.8868232727051 398.50032317817
2023 52 434 11.9796920776367 397.313355911825
2023 53 435 8.57006988525393 399.593940344833
2023 54 436 6.36980972290041 366.40780072172
2023 55 437 6.70432052612307 205.638434708109
2023 56 438 6.82743606567385 247.253364887625
2023 57 439 8.21355209350588 171.207544461303
2023 58 440 7.88845214843752 158.528799286127
2023 59 441 6.6158271789551 118.94994806014
2023 60 442 7.43724212646487 313.398893887222
2023 61 443 8.00643310546877 461.845157631338
2023 62 444 8.7211853027344 418.918793914855
2023 63 445 10.3477722167969 358.147955096394
2023 64 446 8.2981887817383 338.529679084703
2023 65 447 7.06810150146487 383.398742979229
2023 66 448 8.23214111328127 424.511323781014
2023 67 449 8.41617355346682 342.192819323003
2023 68 450 8.91056594848635 396.553155664265
2023 69 451 11.7437149047852 83.9144599258453
2023 70 452 11.9467674255371 219.77088988322
2023 71 453 13.8330398559571 205.104973490834
2023 72 454 14.7213607788086 294.238518325865
2023 73 455 15.7366348266602 148.753010226294
2023 74 456 11.484880065918 238.597843349457
2023 75 457 11.0184875488281 411.543605373144
2023 76 458 11.8059173583985 482.903815670729
2023 77 459 13.401929473877 518.606125030994
2023 78 460 14.7474342346192 193.493156306207
2023 79 461 12.7564254760742 322.765700201154
2023 80 462 11.4246040344239 208.977053783417
2023 81 463 10.7055679321289 298.439574276686
2023 82 464 11.980973815918 354.99159713316
2023 83 465 10.4125228881836 507.758950022221
2023 84 466 10.4693885803223 565.764657093048
2023 85 467 9.73860321044924 584.084830347538
2023 86 468 9.09160766601565 587.303411556721
2023 87 469 11.7193542480469 301.68483914733
2023 88 470 8.83254394531252 229.066553081036
2023 89 471 9.00268325805666 386.759598387241
2023 90 472 10.6696601867676 422.648638187885
2023 91 473 11.5148025512696 555.184225959778
2023 92 474 13.0325828552246 503.97577969265
2023 93 475 10.2928367614746 533.196453445435
2023 94 476 8.97255096435549 601.715923825264
2023 95 477 9.64327011108401 602.902901713371
2023 96 478 11.9277397155762 564.573241840363
2023 97 479 14.5033470153809 354.524812487602
2023 98 480 14.1333557128906 372.70716232729
2023 99 481 14.8109146118164 559.812049443245
2023 100 482 16.8880668640137 614.790325217247
2023 101 483 17.014176940918 505.691750509262
2023 102 484 13.2567993164063 602.947337857247
2023 103 485 12.7292839050293 649.452390366554
2023 104 486 12.667081451416 649.990301369667
2023 105 487 12.7361236572266 646.656131954193
2023 106 488 13.4532257080078 650.719378917694
2023 107 489 13.1103797912598 568.765420352936
2023 108 490 11.8112579345703 588.325903033257
2023 109 491 11.7610260009766 621.7254109478
2023 110 492 13.5188461303711 649.412392595291
2023 111 493 17.063550567627 650.76827460289
2023 112 494 19.4741302490235 656.276329287529
2023 113 495 18.7074409484864 642.690674345017
2023 114 496 17.579305267334 671.088936704636
2023 115 497 17.3134170532227 684.087781934738
2023 116 498 18.6281410217285 685.439238674164
2023 117 499 20.3053756713867 681.962796382904
2023 118 500 21.3140312194824 671.653554553986
2023 119 501 19.8360000610352 671.773575084686
2023 120 502 17.7402549743653 658.628052879334
2023 121 503 14.1429763793946 546.488686899185
2023 122 504 12.6784111022949 475.101834269524
2023 123 505 12.9673934936524 413.513000159264
2023 124 506 13.6028457641602 450.731249394417
2023 125 507 13.590234375 377.16606808281
2023 126 508 14.4977813720703 350.05701839447
2023 127 509 14.3440986633301 504.060234776497
2023 128 510 14.949422454834 445.974490329742
2023 129 511 15.0282913208008 550.178517839432
2023 130 512 14.988111114502 562.550513248444
2023 131 513 14.8784614562989 704.235076343537
2023 132 514 17.4591842651367 707.400330551147
2023 133 515 19.8661399841309 706.368942807593
2023 134 516 23.2689147949219 706.982424354787
2023 135 517 20.5201927185059 682.509604696508
2023 136 518 20.8918853759766 715.806874938641
2023 137 519 21.4379974365235 715.891352602838
2023 138 520 19.8037200927735 723.519914281197
2023 139 521 19.0716606140137 722.986453144644
2023 140 522 18.0478302001953 711.005679934848
2023 141 523 17.9926811218262 713.170666415926
2023 142 524 20.2660537719727 695.090549646541
2023 143 525 19.6609474182129 728.178870894983
2023 144 526 16.8307891845703 732.882288373098
2023 145 527 16.9094367980957 715.477898567692
2023 146 528 16.6211029052735 691.418510108262
2023 147 529 17.0111824035645 688.64448832196
2023 148 530 16.9861694335938 578.994659063324
2023 149 531 17.2426658630371 592.51805555746
2023 150 532 17.2422348022461 681.953904060408
2023 151 533 16.8141036987305 707.791524808928
2023 152 534 17.6703582763672 730.686184701234
2023 153 535 18.4212432861328 749.308641510218
2023 154 536 20.0482460021973 749.246416405708
2023 155 537 22.1097961425781 751.064631361306
2023 156 538 21.6594367980957 688.3466288701
2023 157 539 18.5426460266114 540.953973848432
2023 158 540 18.5561080932617 494.057714591175
2023 159 541 19.774015045166 536.112743760377
2023 160 542 19.0868316650391 674.569828236371
2023 161 543 17.5233016967774 623.637013394833
2023 162 544 18.7623764038086 602.213824204683
2023 163 545 18.885701751709 577.665438304186
2023 164 546 19.690446472168 663.620408899605
2023 165 547 19.8065048217774 697.175528528064
2023 166 548 20.8703018188477 725.360388787747
2023 167 549 21.528409576416 741.048782481194
2023 168 550 22.0522933959961 732.002079427421
2023 169 551 21.5856910705567 736.772153609931
2023 170 552 17.9133926391602 765.477166247606
2023 171 553 17.5735412597656 767.433216619909
2023 172 554 18.7230392456055 775.172936627388
2023 173 555 18.4842964172364 729.574802382827
2023 174 556 18.1348243713379 704.34176411581
2023 175 557 18.1707359313965 733.495773194432
2023 176 558 18.0474067687989 727.627633606911
2023 177 559 18.0354286193848 746.183426182747
2023 178 560 18.6375480651856 730.263862187922
2023 179 561 19.0468612670899 749.79764892137
2023 180 562 20.6187225341797 732.26435557133
2023 181 563 24.5276390075684 746.330124263704
2023 182 564 26.811483001709 748.486205766737
2023 183 565 29.0713745117188 749.895465429604
2023 184 566 26.5417304992676 743.000385282576
2023 185 567 22.0907684326172 738.070255500853
2023 186 568 20.6050430297852 730.979588139892
2023 187 569 19.2441459655762 737.58569474709
2023 188 570 18.5813308715821 738.114713947475
2023 189 571 18.3310409545899 749.099700778663
2023 190 572 17.3215347290039 744.294068142533
2023 191 573 17.6996437072754 756.181480180025
2023 192 574 21.7695137023926 757.546285743415
2023 193 575 22.6338859558106 757.168400728524
2023 194 576 22.7093368530274 747.588220823109
2023 195 577 23.607266998291 740.413067066252
2023 196 578 24.5022102355957 745.783302368224
2023 197 579 26.8360534667969 708.91625505352
2023 198 580 26.9008193969727 696.068573052883
2023 199 581 24.9380241394043 718.492007013172
2023 200 582 21.9558959960938 717.691791641206
2023 201 583 22.2852684020996 734.718307110578
2023 202 584 24.8138481140137 738.937137216538
2023 203 585 25.6376091003418 732.03317386657
2023 204 586 26.4491821289063 666.910129066765
2023 205 587 22.7366958618164 718.136347693473
2023 206 588 22.7411857604981 729.477000932098
2023 207 589 24.0088859558106 719.856791281849
2023 208 590 22.4128776550293 717.909636193141
2023 209 591 20.966268157959 721.257144100234
2023 210 592 22.447713470459 714.895539198294
2023 211 593 22.3893676757813 719.04769204542
2023 212 594 22.8912330627442 718.331953130767
2023 213 595 22.3104873657227 697.179966798298
2023 214 596 20.0614906311035 684.727941038095
2023 215 597 19.6891532897949 686.132752192885
2023 216 598 19.8827987670899 696.161929586656
2023 217 599 22.4859786987305 696.9043481897
2023 218 600 25.2094856262207 696.393099273764
2023 219 601 27.0412460327149 697.006588211892
2023 220 602 24.2506309509278 669.230695567761
2023 221 603 21.244344329834 644.913475864644
2023 222 604 21.4946342468262 652.061940902152
2023 223 605 21.6944938659668 633.866240024567
2023 224 606 22.9906173706055 639.014221020699
2023 225 607 25.2428298950196 646.287148255348
2023 226 608 27.0730987548828 536.303905989647
2023 227 609 26.7142272949219 626.153208277702
2023 228 610 26.9935813903809 626.073174429894
2023 229 611 26.8367019653321 629.545157179833
2023 230 612 24.4207702636719 613.407769628525
2023 231 613 23.5108695983887 626.19765853405
2023 232 614 24.3705421447754 607.597409653664
2023 233 615 26.3619781494141 457.399603345871
2023 234 616 23.3554817199707 499.179009752274
2023 235 617 25.5488983154297 616.324058651924
2023 236 618 27.3195434570313 628.496013794899
2023 237 619 23.0318771362305 612.558654413223
2023 238 620 21.3548484802246 634.830929333687
2023 239 621 22.1384368896485 638.440742554665
2023 240 622 22.7614837646485 644.23775515461
2023 241 623 22.8897338867188 643.530909790993
2023 242 624 24.5853477478028 638.831959445954
2023 243 625 24.4286743164063 627.838056052208
2023 244 626 21.1686836242676 426.507370727539
2023 245 627 19.528207397461 321.02748699379
2023 246 628 21.001107788086 439.479525743961
2023 247 629 20.4654747009278 523.162832237244
2023 248 630 21.333268737793 589.139429616928
2023 249 631 21.8693290710449 584.880578743935
2023 250 632 21.1366172790528 579.185816047669
2023 251 633 22.3038688659668 581.613093785286
2023 252 634 23.0502563476563 576.451794647217
2023 253 635 22.1044441223145 566.462626719475
2023 254 636 21.868051147461 585.178427516937
2023 255 637 21.3347602844239 563.275148391724
2023 256 638 21.1438919067383 561.012347489357
2023 257 639 22.171346282959 547.617864635944
2023 258 640 21.5891166687012 526.381409414291
2023 259 641 20.9600692749024 453.838707482815
2023 260 642 19.9516387939453 504.206939976692
2023 261 643 20.0644889831543 520.113169260025
2023 262 644 19.992032623291 507.087658009052
2023 263 645 20.138013458252 504.815982881546
2023 264 646 19.0267692565918 501.063921481609
2023 265 647 19.0276237487793 508.216842298031
2023 266 648 18.7536140441895 516.516702909947
2023 267 649 18.3755012512207 502.735466738701
2023 268 650 19.1032920837403 497.48523432684
2023 269 651 20.8730789184571 468.651324476242
2023 270 652 20.2418914794922 474.070463527679
2023 271 653 19.7547737121582 487.118192346573
2023 272 654 20.1786247253418 484.24635861969
2023 273 655 18.0843826293946 368.457215920448
2023 274 656 17.9215103149414 345.558107307434
2023 275 657 18.3030410766602 429.863773839474
2023 276 658 19.4102226257324 470.62515335083
2023 277 659 21.2608085632324 461.551746033907
2023 278 660 23.7778335571289 461.711793316841
2023 279 661 23.8586250305176 460.658188878536
2023 280 662 24.2660194396973 457.332920401096
2023 281 663 23.6491600036621 450.455641878128
2023 282 664 20.3395744323731 323.930440234661
2023 283 665 19.529916381836 245.017239361942
2023 284 666 18.3648086547852 412.810589388132
2023 285 667 17.680192565918 445.676644580841
2023 286 668 17.532071685791 434.704989248037
2023 287 669 19.5378356933594 376.757067712069
2023 288 670 19.1518112182617 394.792733772278
2023 289 671 19.7958160400391 386.661784084082
2023 290 672 20.1016822814942 344.851258541703
2023 291 673 19.6393524169922 400.874249408364
2023 292 674 21.7173629760742 405.141993533135
2023 293 675 21.0524078369141 384.554594234109
2023 294 676 18.552693939209 368.737281970024
2023 295 677 17.7740264892578 293.32273660934
2023 296 678 18.1668907165528 307.166216974735
2023 297 679 17.820199584961 366.985722899795
2023 298 680 16.900033569336 339.592159338951
2023 299 681 14.0679527282715 327.042328127384
2023 300 682 11.7864585876465 368.310494087696
2023 301 683 12.2056137084961 377.254975147724
2023 302 684 14.3186698913574 380.771411052108
2023 303 685 13.0663543701172 375.792384262145
2023 304 686 13.4115501403809 311.78515212059
2023 305 687 14.1910606384278 341.414829079211
2023 306 688 14.8314376831055 337.836158367992
2023 307 689 17.4506393432617 334.844300771296
2023 308 690 18.2592216491699 321.983287933797
2023 309 691 18.0055099487305 265.133414760768
2023 310 692 19.1133399963379 216.08106302236
2023 311 693 15.0349174499512 253.988390065461
2023 312 694 13.2431198120117 317.608848350495
2023 313 695 11.929029083252 324.428342771903
2023 314 696 11.9690032958985 279.670398816556
2023 315 697 13.1351829528809 304.721164294452
2023 316 698 13.6881309509278 301.311413342997
2023 317 699 14.4432846069336 299.346465812787
2023 318 700 14.4396453857422 278.621258038335
2023 319 701 13.7661453247071 174.190519170068
2023 320 702 15.4500099182129 161.547335637994
2023 321 703 15.277734375 194.137764144054
2023 322 704 16.6604324340821 142.097997589741
2023 323 705 13.8287750244141 227.581736031685
2023 324 706 12.9304138183594 293.184928845639
2023 325 707 10.8365989685059 262.741703423896
2023 326 708 11.2117134094239 261.345796932139
2023 327 709 12.7348419189453 269.934633091092
2023 328 710 13.1120964050293 287.561278997898
2023 329 711 8.57156524658205 284.818367495775
2023 330 712 8.96314392089846 275.491577538729
2023 331 713 8.57050094604494 272.761999803066
2023 332 714 9.34402999877932 273.259902954579
2023 333 715 10.646573638916 217.823725328446
2023 334 716 10.1199127197266 232.823060161829
2023 335 717 11.0584579467774 253.526054093361
2023 336 718 12.3962722778321 166.330765818834
2023 337 719 13.726823425293 112.797287433624
2023 338 720 12.7376190185547 159.248985724449
2023 339 721 10.9830070495606 176.431081564188
2023 340 722 11.4957748413086 208.57250766182
2023 341 723 11.5789237976074 161.582902526021
2023 342 724 9.45175704956057 190.221221697569
2023 343 725 8.58973846435549 244.29706457901
2023 344 726 7.87519226074221 230.484690875173
2023 345 727 7.6843200683594 237.375323577285
2023 346 728 9.01208648681643 227.017155696154
2023 347 729 8.99648437500002 222.558250444651
2023 348 730 8.72182998657229 211.18205856657
2023 349 731 9.21429214477541 207.879003876925
2023 350 732 9.38464126586916 239.767025409699
2023 351 733 10.7218185424805 140.021917515993
2023 352 734 11.1067596435547 81.5627567309738
2023 353 735 15.6428047180176 101.452209147334
2023 354 736 14.9483505249024 92.512177926302
2023 355 737 12.3297973632813 127.009754521966
2023 356 738 12.2376762390137 201.899718361855
2023 357 739 10.9614196777344 215.632065148115
2023 358 740 8.58353576660159 227.608418145657
2023 359 741 9.19334945678713 230.155727754355
2023 360 742 10.1795478820801 175.933178412676
2023 361 743 10.986215209961 163.227761349559
2023 362 744 13.6665435791016 138.954982902348
2023 363 745 14.7500015258789 119.341155516863
2023 364 746 13.6430297851563 152.242774644375
2023 365 747 11.7321754455567 126.280682140112
2024 1 748 10.7888771057129 158.364800258875
2024 2 749 9.78880844116213 187.137869476318
2024 3 750 10.772477722168 159.63543285203
2024 4 751 9.20221862792971 195.036183623075
2024 5 752 9.8552299499512 230.777842588901
2024 6 753 8.28870925903323 183.348090477466
2024 7 754 6.42744216918948 185.04818274641
2024 8 755 6.00379333496096 224.752268415928
2024 9 756 8.3268981933594 155.916492921114
2024 10 757 9.28628692626955 89.8787756829261
2024 11 758 8.31714019775393 212.293832600593
2024 12 759 6.17254791259768 214.002767845631
2024 13 760 8.29763946533205 108.331792413473
2024 14 761 11.2760368347168 98.8440726399421
2024 15 762 10.4800163269043 143.905208529949
2024 16 763 9.76411590576174 159.617727495193
2024 17 764 12.2632423400879 138.348936188817
2024 18 765 10.672437286377 170.889649117947
2024 19 766 10.8505226135254 192.680860090732
2024 20 767 13.8168922424317 141.341799236178
2024 21 768 13.7365661621094 120.878779205799
2024 22 769 14.4719787597656 82.2770850441455
2024 23 770 13.742993927002 175.538321763515
2024 24 771 12.6038604736328 105.135277819157
2024 25 772 12.9986549377442 174.524471908331
2024 26 773 11.2930618286133 214.029337095261
2024 27 774 12.1243797302246 155.836805080891
2024 28 775 13.431226348877 240.362968411922
2024 29 776 13.4584251403809 278.393535094261
2024 30 777 14.522836303711 273.939669003487
2024 31 778 15.4820037841797 182.28554276371
2024 32 779 12.9801765441895 154.451056419253
2024 33 780 11.395394897461 237.396665289879
2024 34 781 9.02786407470705 232.336252185821
2024 35 782 11.1577239990235 100.960323579311
2024 36 783 13.4374557495117 185.40236674571
2024 37 784 11.1139312744141 216.862809089661
2024 38 785 9.62587127685549 177.008185675621
2024 39 786 8.10812149047854 170.588592781544
2024 40 787 6.91086349487307 227.802692962646
2024 41 788 8.87613067626955 353.861411362648
2024 42 789 8.46473083496096 354.565373749733
2024 43 790 9.65160140991213 322.60905969429
2024 44 791 10.2014633178711 326.903547584534
2024 45 792 11.3821044921875 277.202591601372
2024 46 793 12.3371368408203 209.57103817606
2024 47 794 12.135587310791 267.462513854027
2024 48 795 11.8130203247071 150.971193011068
2024 49 796 13.3025337219239 190.608876473211
2024 50 797 15.5640045166016 237.029203791893
2024 51 798 14.0018363952637 296.169177178472
2024 52 799 11.6330657958985 288.169028758859
2024 53 800 11.6679321289063 350.49224535818
2024 54 801 11.7864585876465 373.22647106766
2024 55 802 12.2632385253906 370.977397702813
2024 56 803 13.8573699951172 395.070804781303
2024 57 804 13.505330657959 366.430545633048
2024 58 805 11.7681823730469 353.153046214893
2024 59 806 10.3625312805176 442.186216419786
2024 60 807 12.6985069274903 315.507663263082
2024 61 808 12.6904121398926 219.815825980335
2024 62 809 10.7280593872071 316.384255367905
2024 63 810 9.11857376098635 306.843412530631
2024 64 811 9.47392807006838 381.447967206538
2024 65 812 11.3459983825684 251.395805313796
2024 66 813 12.5893341064453 266.829406379908
2024 67 814 11.6581741333008 298.936235152602
2024 68 815 11.4057670593262 452.811758103013
2024 69 816 12.1272827148438 418.07066537559
2024 70 817 12.4344841003418 358.952834546029
2024 71 818 12.7144981384278 291.666610992551
2024 72 819 12.7809158325196 209.004342769146
2024 73 820 11.9987922668457 409.809298044562
2024 74 821 14.376294708252 524.069264755726
2024 75 822 16.1292053222656 532.335041982412
2024 76 823 14.3366447448731 525.300051538706
2024 77 824 13.7106147766114 526.003990741014
2024 78 825 14.1838699340821 513.288786552191
2024 79 826 15.0697799682617 521.249081418276
2024 80 827 14.9624649047852 537.355608016252
2024 81 828 14.5332122802735 528.408033552647
2024 82 829 15.4546142578125 499.112541644692
2024 83 830 13.276383972168 407.976410307169
2024 84 831 11.9477325439453 414.710331814051
2024 85 832 12.6657119750977 460.873882900715
2024 86 833 12.8355041503906 430.808035848618
2024 87 834 12.5897499084473 431.19320957756
2024 88 835 13.4922538757324 373.518678891659
2024 89 836 11.4090934753418 338.418975384712
2024 90 837 11.4730239868164 391.303160329342
2024 91 838 12.558194732666 552.581129495144
2024 92 839 13.3587852478028 506.107670275688
2024 93 840 15.2381187438965 594.81322420311
2024 94 841 15.7155242919922 574.766371789455
2024 95 842 11.2017379760742 393.596505158424
2024 96 843 7.88436660766604 436.359878511429
2024 97 844 9.16111907958987 503.287482150078
2024 98 845 11.1398788452149 603.499584108352
2024 99 846 12.719686126709 594.928332585334
2024 100 847 14.8074012756348 624.697558145523
2024 101 848 16.4409767150879 613.341498465538
2024 102 849 18.5008903503418 617.348200783729
2024 103 850 17.5280128479004 624.135274902343
2024 104 851 12.5170913696289 285.269142297268
2024 105 852 9.97396621704104 292.950525312424
2024 106 853 13.2709785461426 487.628095131874
2024 107 854 15.2399765014649 583.922035416603
2024 108 855 16.8185440063477 617.751085665703
2024 109 856 18.6507545471192 621.806501214981
2024 110 857 17.583024597168 634.530582653045
2024 111 858 16.8745933532715 635.827805160522
2024 112 859 17.8177772521973 663.870358617782
2024 113 860 20.0566230773926 662.40050226593
2024 114 861 17.2266250610352 604.181412090301
2024 115 862 15.5652481079102 567.811067421913
2024 116 863 15.3450103759766 573.429312292099
2024 117 864 16.1856666564942 491.966856872559
2024 118 865 14.7256294250489 645.913213094711
2024 119 866 16.2788673400879 670.923060718536
2024 120 867 16.2329917907715 693.945069814682
2024 121 868 16.2522979736328 706.633737010956
2024 122 869 17.4582725524903 712.778823665619
2024 123 870 18.6275077819824 704.08804050827
2024 124 871 18.6262680053711 691.518895874023
2024 125 872 15.5287109375 309.194322922706
2024 126 873 11.2486434936524 434.057674577713
2024 127 874 13.4223114013672 649.100851699829
2024 128 875 15.4253402709961 712.606165628433
2024 129 876 18.5834976196289 729.775252540588
2024 130 877 21.0654045104981 730.058608812332
2024 131 878 21.1581855773926 720.154717515945
2024 132 879 22.1142517089844 720.650587463379
2024 133 880 20.6176811218262 696.973346371435
2024 134 881 19.106778717041 717.640020090841
2024 135 882 18.5646110534668 702.64471164254
2024 136 883 19.2356811523438 687.68042440328
2024 137 884 19.0465866088867 680.933208992554
2024 138 885 17.354695892334 687.547612018764
2024 139 886 18.0681091308594 707.218144815192
2024 140 887 17.448934173584 734.034338588644
2024 141 888 17.8949943542481 739.183292412162
2024 142 889 19.5698715209961 749.21558512637
2024 143 890 20.1060195922852 745.107031148709
2024 144 891 19.5250373840332 737.06261741741
2024 145 892 17.5803276062012 715.346671355627
2024 146 893 15.5266395568848 680.618870427385
2024 147 894 16.3816123962403 692.550456015959
2024 148 895 19.1128059387207 738.895517503217
2024 149 896 18.6532417297364 742.747283112094
2024 150 897 20.2214294433594 746.528200123966
2024 151 898 22.5835624694824 753.058496938541
2024 152 899 23.6706024169922 739.550754011542
2024 153 900 21.1077476501465 748.976504784137
2024 154 901 19.334073638916 736.841250291526
2024 155 902 21.1679397583008 605.717679312319
2024 156 903 22.0671325683594 688.078881591499
2024 157 904 27.7152877807617 735.344818421334
2024 158 905 27.38857421875 737.700147938877
2024 159 906 23.539208984375 749.467930090249
2024 160 907 19.6568428039551 726.441513996541
2024 161 908 19.9208656311035 733.463215153277
2024 162 909 20.2544303894043 743.030628878236
2024 163 910 24.1336875915528 740.723999865353
2024 164 911 26.0159202575684 745.970358025491
2024 165 912 20.841024017334 748.064463597357
2024 166 913 19.1995674133301 756.684436541736
2024 167 914 20.9350486755371 760.212986302733
2024 168 915 21.7454010009766 765.879970675885
2024 169 916 21.4093490600586 762.280570506573
2024 170 917 23.0175910949707 768.983509529054
2024 171 918 20.4480987548828 733.04260229671
2024 172 919 18.6175399780274 749.937231733084
2024 173 920 19.8069129943848 749.428086044133
2024 174 921 22.9463973999024 756.710995018005
2024 175 922 26.4547248840332 754.311407085538
2024 176 923 25.0912071228028 756.312563755154
2024 177 924 25.5910316467285 655.029029714644
2024 178 925 23.0337768554688 689.672710092366
2024 179 926 21.0405021667481 755.546603323161
2024 180 927 22.1063667297364 759.008786094963
2024 181 928 23.8376976013184 749.870816862285
2024 182 929 25.6599403381348 744.066614965618
2024 183 930 25.5055099487305 750.149723610043
2024 184 931 28.0762496948242 755.692713783443
2024 185 932 30.0273986816406 760.841679754555
2024 186 933 29.451188659668 751.774565151334
2024 187 934 27.9463096618653 743.291834049284
2024 188 935 28.1974731445313 750.76514018631
2024 189 936 28.8060661315918 744.389800351977
2024 190 937 25.6472755432129 742.561323770285
2024 191 938 23.6593948364258 739.435657064199
2024 192 939 23.8063522338867 729.522902946055
2024 193 940 28.2360816955567 744.133021520138
2024 194 941 29.7091918945313 739.705708928466
2024 195 942 26.7237335205078 698.394497469842
2024 196 943 23.4819236755371 675.186564612329
2024 197 944 22.0891357421875 709.298971007168
2024 198 945 21.2453628540039 723.962213023007
2024 199 946 19.6398216247559 731.183165911376
2024 200 947 22.8336845397949 736.093021992266
2024 201 948 25.5239883422852 731.028206615806
2024 202 949 26.944165802002 726.946224242478
2024 203 950 23.3557220458985 724.896387386382
2024 204 951 23.8545051574707 715.851387027621
2024 205 952 28.3379951477051 704.220850687712
2024 206 953 29.2840972900391 669.488634232998
2024 207 954 27.0680862426758 689.522192067504
2024 208 955 25.7865615844727 723.329099815696
2024 209 956 19.9746299743653 701.564457431018
2024 210 957 18.1158462524414 704.4997627749
2024 211 958 19.9920593261719 691.536609940901
2024 212 959 20.9024635314942 701.289967430398
2024 213 960 21.7748733520508 681.920497924231
2024 214 961 23.4198585510254 690.744133787446
2024 215 962 24.8962951660156 658.145854381792
2024 216 963 26.3158546447754 600.254368820369
2024 217 964 24.9614768981934 672.255685674596
2024 218 965 22.6821571350098 693.059599090323
2024 219 966 22.8174911499024 695.166996396398
2024 220 967 25.7749382019043 687.007475182623
2024 221 968 23.6674896240235 678.414074109352
2024 222 969 22.1518188476563 674.938615612768
2024 223 970 22.2852912902832 667.642421927452
2024 224 971 22.9737945556641 667.832814302444
2024 225 972 21.1625457763672 645.505886816025
2024 226 973 20.9142967224121 672.46376168251
2024 227 974 22.2688919067383 670.090727249145
2024 228 975 22.9034286499024 662.661718084335
2024 229 976 22.5696617126465 662.15255015564
2024 230 977 22.3558631896973 638.041445264816
2024 231 978 21.2798210144043 613.996742581367
2024 232 979 21.3022361755371 645.917637354851
2024 233 980 22.3647857666016 657.118720917702
2024 234 981 22.7506576538086 651.225986440658
2024 235 982 20.8563819885254 633.653984405517
2024 236 983 19.767896270752 611.322648787498
2024 237 984 19.9289642333985 357.500672273636
2024 238 985 20.4217315673828 553.324903671265
2024 239 986 23.2299324035645 638.470897884369
2024 240 987 24.4408889770508 634.264960719108
2024 241 988 26.0289970397949 622.213823461532
2024 242 989 23.2116676330567 610.999471150398
2024 243 990 21.9961372375489 617.357074504852
2024 244 991 22.5314651489258 610.1671195364
2024 245 992 22.0858131408692 607.479743889808
2024 246 993 21.4687133789063 609.051430803299
2024 247 994 22.3280502319336 607.351352646828
2024 248 995 25.4961715698242 596.0484254179
2024 249 996 25.6692825317383 591.833636708259
2024 250 997 26.166822052002 589.792653633118
2024 251 998 25.7215934753418 586.80864792633
2024 252 999 24.8035140991211 586.113547163963
2024 253 1000 25.0407653808594 573.097263957977
2024 254 1001 21.539697265625 563.485571405411
2024 255 1002 19.0930839538574 569.909613256454
2024 256 1003 20.5720153808594 562.281366220474
2024 257 1004 21.7674041748047 566.106553916931
2024 258 1005 22.0789657592774 557.349344359398
2024 259 1006 20.2340866088867 546.679526337147
2024 260 1007 17.0993896484375 440.915570627689
2024 261 1008 18.1862159729004 431.038244548797
2024 262 1009 18.6410041809082 406.701324472904
2024 263 1010 19.6956611633301 454.290471921444
2024 264 1011 19.7568908691406 501.321746274471
2024 265 1012 20.3646522521973 513.443737216473
2024 266 1013 21.211328125 512.553830403328
2024 267 1014 22.3722511291504 514.271638361454
2024 268 1015 25.3741203308106 511.619687541008
2024 269 1016 23.1504302978516 496.518133800983
2024 270 1017 18.9764266967774 488.380731940746
2024 271 1018 20.9655662536621 504.456304846287
2024 272 1019 22.4195762634278 494.51699275589
2024 273 1020 19.5563751220703 482.92628801918
2024 274 1021 20.9383750915528 489.700086837292
2024 275 1022 24.4116226196289 485.015983317375
2024 276 1023 25.889306640625 478.738073095322
2024 277 1024 26.2818161010742 473.597966354847
2024 278 1025 25.9816680908203 462.47213024354
2024 279 1026 25.6987586975098 457.584388533115
2024 280 1027 26.8899932861328 452.984410974026
2024 281 1028 26.9530960083008 445.077242762804
2024 282 1029 25.1366668701172 451.031979379892
2024 283 1030 21.6081977844239 444.696484221697
2024 284 1031 20.4503723144531 390.005959494591
2024 285 1032 18.8792892456055 394.53510831809
2024 286 1033 19.0015464782715 405.864575563669
2024 287 1034 20.4539085388184 365.71332259345
2024 288 1035 20.2658477783203 385.954972489595
2024 289 1036 19.6097274780274 409.835885060787
2024 290 1037 19.6174026489258 264.221724149227
2024 291 1038 17.8883529663086 333.420549300194
2024 292 1039 17.9863258361817 379.805438642025
2024 293 1040 18.534513092041 411.261469326258
2024 294 1041 16.7452713012696 406.68805181849
2024 295 1042 17.6330429077149 394.875994210124
2024 296 1043 16.7444473266602 367.072510195732
2024 297 1044 16.1653228759766 383.626212284684
2024 298 1045 17.122216796875 379.969249796987
2024 299 1046 16.3440414428711 330.37456022799
2024 300 1047 15.8116317749024 355.955534197092
2024 301 1048 19.0712829589844 278.659176558852
2024 302 1049 16.9300094604492 326.394398682475
2024 303 1050 13.7631317138672 350.921690342665
2024 304 1051 12.6405960083008 338.299435371101
2024 305 1052 14.1861549377442 252.157304298654
2024 306 1053 13.2232452392578 267.148179949045
2024 307 1054 15.154256439209 262.605755714789
2024 308 1055 14.3171325683594 302.659615220189
2024 309 1056 15.7690750122071 334.762018315196
2024 310 1057 15.0614753723145 320.4795239411
2024 311 1058 17.1446395874024 336.107916788012
2024 312 1059 13.5572219848633 331.105061088175
2024 313 1060 12.9787269592285 326.004803717494
2024 314 1061 12.5050598144531 321.245447737366
2024 315 1062 12.7715774536133 317.154611220822
2024 316 1063 13.2657981872559 162.707989614561
2024 317 1064 10.2537628173828 184.118448645711
2024 318 1065 10.7699867248535 276.644754330434
2024 319 1066 13.2927719116211 207.822249686599
2024 320 1067 11.2590156555176 240.641881597709
2024 321 1068 10.0366416931153 276.175451333053
2024 322 1069 8.86699447631838 194.079881822204
2024 323 1070 12.2020050048828 233.013636012746
2024 324 1071 8.71235809326174 263.097189737833
2024 325 1072 13.1200843811035 98.839645883344
2024 326 1073 14.9705558776856 87.1825442708134
2024 327 1074 16.3801589965821 86.3856275002955
2024 328 1075 14.4466567993164 147.699415222555
2024 329 1076 11.1622978210449 228.475640167236
2024 330 1077 12.4971710205078 151.050881331682
2024 331 1078 13.3340888977051 108.048446474075
2024 332 1079 10.5055480957031 237.339111098766
2024 333 1080 7.9084411621094 268.972228616476
2024 334 1081 8.21626815795901 266.855973392963
2024 335 1082 8.38315353393557 256.735144916773
2024 336 1083 10.0198341369629 202.45193411994
2024 337 1084 11.330224609375 230.366101374388
2024 338 1085 11.0807205200196 251.355965835333
2024 339 1086 11.1842933654785 254.689726997137
2024 340 1087 11.3140274047852 232.584184135437
2024 341 1088 11.032975769043 241.965651607275
2024 342 1089 10.3814140319824 224.752273960113
2024 343 1090 11.2191673278809 218.195430340409
2024 344 1091 10.1522613525391 251.882813163996
2024 345 1092 8.18907699584963 255.145742566109
2024 346 1093 7.9624076843262 239.636886614203
2024 347 1094 10.7799507141114 183.379085751295
2024 348 1095 11.4190574645996 101.783802480221
2024 349 1096 13.0536628723145 124.841219013929
2024 350 1097 8.49628219604494 157.798100441813
2024 351 1098 8.24699172973635 92.5395848519801
2024 352 1099 10.2340484619141 121.551735545695
2024 353 1100 9.54636535644534 209.796828412294
2024 354 1101 8.52886734008791 214.02048403883
