Year DOY_disc DOY TA_C PAR_umol_m2_day
2021 265 1 23.8513427734375 520.903079628944
2021 266 2 21.8730178833008 518.794912112236
2021 267 3 22.3162666320801 515.688591085911
2021 268 4 21.0761581420899 501.007437822342
2021 269 5 18.7306190490723 495.936187851429
2021 270 6 17.5237251281739 456.265769501209
2021 271 7 18.8592849731446 469.474326325178
2021 272 8 18.0692344665528 496.535961381912
2021 273 9 18.2897583007813 496.625487883568
2021 274 10 19.8412528991699 489.714609075546
2021 275 11 20.3995681762696 482.803720187187
2021 276 12 20.5808731079102 479.988335342407
2021 277 13 20.9790969848633 473.596684135914
2021 278 14 20.3659492492676 443.410813024998
2021 279 15 17.8677192687989 395.231595882893
2021 280 16 16.5865837097168 326.078050096035
2021 281 17 15.4321228027344 374.140890875459
2021 282 18 14.8625999450684 440.980366785288
2021 283 19 15.9376121520996 447.962870927572
2021 284 20 17.4104591369629 453.137084994078
2021 285 21 16.2469879150391 453.235541666746
2021 286 22 13.9404731750489 406.573664810419
2021 287 23 14.6914993286133 410.418525797605
2021 288 24 15.2280097961426 427.870289062738
2021 289 25 17.2927871704102 424.159719844103
2021 290 26 17.4260650634766 394.036520963669
2021 291 27 13.4938102722168 338.275030684948
2021 292 28 12.1052185058594 356.089345385551
2021 293 29 16.1325202941895 210.862397344962
2021 294 30 18.2471328735352 193.988040207624
2021 295 31 17.9037376403809 157.911814083338
2021 296 32 15.3348670959473 225.019852235556
2021 297 33 15.7945304870606 93.9951295422539
2021 298 34 15.2650276184082 223.766584661841
2021 299 35 13.7851882934571 274.75222800076
2021 300 36 15.7873283386231 267.738398012578
2021 301 37 16.789697265625 326.377928355992
2021 302 38 16.8057151794434 336.739774552286
2021 303 39 17.1841293334961 279.595218241751
2021 304 40 15.1541687011719 226.067233766496
2021 305 41 15.7345024108887 134.824818626225
2021 306 42 16.7528816223145 124.239179171562
2021 307 43 15.6150260925293 236.63944901517
2021 308 44 16.7865005493164 269.971908769585
2021 309 45 13.7925926208496 301.715405408293
2021 310 46 13.695932006836 254.050924667835
2021 311 47 13.0593658447266 279.962240905434
2021 312 48 10.7412391662598 325.509597497284
2021 313 49 13.9908920288086 184.136451900147
2021 314 50 14.7547393798828 199.095099853069
2021 315 51 14.5468193054199 302.923906943336
2021 316 52 13.7487541198731 279.080486281753
2021 317 53 14.2942749023438 280.736583846852
2021 318 54 13.7515617370606 274.855180606343
2021 319 55 13.5586486816406 241.65699474363
2021 320 56 13.2864967346192 223.9008650782
2021 321 57 12.6739440917969 259.784629259385
2021 322 58 11.3393798828125 233.935966688303
2021 323 59 13.6020790100098 181.00775525625
2021 324 60 14.147592163086 259.287797266786
2021 325 61 11.8302589416504 288.112971874897
2021 326 62 11.2519317626953 283.18046082902
2021 327 63 10.5751434326172 264.381425676584
2021 328 64 11.6965843200684 282.01222556448
2021 329 65 10.3488098144531 278.04653610754
2021 330 66 11.1364608764649 264.797695482731
2021 331 67 11.1902938842774 262.443341678858
2021 332 68 12.2144790649414 255.908442575932
2021 333 69 12.0513854980469 244.776740716219
2021 334 70 12.1308380126953 252.555953911066
2021 335 71 11.6997886657715 252.045692517757
2021 336 72 11.7456108093262 254.297093566418
2021 337 73 11.2575393676758 230.176157322407
2021 338 74 10.464486694336 207.178676711559
2021 339 75 11.0418106079102 243.818881843805
2021 340 76 9.7316604614258 170.229645318747
2021 341 77 10.3199974060059 134.963571889162
2021 342 78 9.92997131347659 159.01289653337
2021 343 79 12.1408401489258 183.894750772536
2021 344 80 8.11192855834963 241.254154545903
2021 345 81 6.66350708007815 240.130697526693
2021 346 82 9.50913009643557 88.1271412621736
2021 347 83 10.9883781433106 44.3656992633939
2021 348 84 9.60038528442385 120.260047757789
2021 349 85 6.97028503417971 204.269308847904
2021 350 86 10.4928947448731 158.225125180572
2021 351 87 8.05429992675784 204.372259839058
2021 352 88 6.19463500976565 192.018619464636
2021 353 89 5.31152877807619 194.569912318706
2021 354 90 5.75998458862307 200.921292072773
2021 355 91 6.26847991943362 193.629963055968
2021 356 92 7.95503768920901 108.054111245751
2021 357 93 11.8412643432617 53.5458891707659
2021 358 94 12.2050796508789 122.148903749943
2021 359 95 10.1935249328614 153.198631183743
2021 360 96 7.93882904052737 162.437003602266
2021 361 97 8.54958114624026 135.03071575737
2021 362 98 6.62307510375979 147.442546140194
2021 363 99 7.49117431640627 104.956749875426
2021 364 100 7.29466781616213 142.066916723609
2021 365 101 6.78976974487307 191.759007931948
2022 1 102 5.92296371459963 220.748934694529
2022 2 103 3.9715286254883 255.200465190411
2022 3 104 7.54494628906252 188.514919184685
2022 4 105 11.6600929260254 76.3615449374914
2022 5 106 12.2868286132813 113.974579125404
2022 6 107 12.4788719177246 142.03184987545
2022 7 108 12.0530944824219 114.357524091721
2022 8 109 9.86651000976565 145.69652760148
2022 9 110 7.60120544433596 228.007046101093
2022 10 111 9.18594894409182 211.642903373241
2022 11 112 9.37354431152346 255.062431096554
2022 12 113 8.77817687988284 244.936689715862
2022 13 114 10.1403137207031 250.173222445011
2022 14 115 9.63115463256838 240.141003915787
2022 15 116 8.44770202636721 237.829987751007
2022 16 117 10.295125579834 244.780852737904
2022 17 118 9.90212402343752 246.406129749775
2022 18 119 9.40591964721682 246.098885094166
2022 19 120 8.61142883300784 232.589006568909
2022 20 121 8.90141830444338 259.132312938213
2022 21 122 10.7464080810547 286.784371256351
2022 22 123 12.7000633239746 298.780291953087
2022 23 124 9.19363555908205 300.125043251991
2022 24 125 9.10257110595705 297.49342800045
2022 25 126 8.43333969116213 285.052220993996
2022 26 127 8.18159255981448 299.590701696396
2022 27 128 9.10236511230471 301.941802323341
2022 28 129 9.07828674316409 309.235534366608
2022 29 130 8.90020523071291 295.979471179962
2022 30 131 8.22448883056643 317.03243048954
2022 31 132 8.85183105468752 303.656141133308
2022 32 133 9.4338432312012 309.101947717667
2022 33 134 10.4481140136719 344.386151138306
2022 34 135 8.79395828247073 341.482910103798
2022 35 136 8.65311203002932 337.497631526947
2022 36 137 9.13838729858401 304.061347517014
2022 37 138 8.2724548339844 329.041709145546
2022 38 139 9.40429840087893 347.035589434624
2022 39 140 10.0320411682129 353.07807740593
2022 40 141 10.8538604736328 360.683507597923
2022 41 142 12.5800605773926 360.710212428093
2022 42 143 13.3739448547364 363.867267289162
2022 43 144 13.6847854614258 352.39679174614
2022 44 145 14.276513671875 371.699803453445
2022 45 146 14.0413528442383 367.514140871048
2022 46 147 11.1717849731446 378.73081367588
2022 47 148 11.5058914184571 396.9963231146
2022 48 149 13.6823554992676 399.614567806449
2022 49 150 10.4434600830078 400.669891123433
2022 50 151 11.1193634033203 400.660990205087
2022 51 152 11.4769493103028 361.280182653159
2022 52 153 9.9761901855469 337.421932968486
2022 53 154 9.44457015991213 410.426046784684
2022 54 155 5.88026962280276 403.003180278301
2022 55 156 5.90252838134768 440.237719401896
2022 56 157 6.83564910888674 441.698256198198
2022 57 158 8.0986267089844 442.499762719646
2022 58 159 11.6487632751465 400.456157108694
2022 59 160 12.1977821350098 443.835609883159
2022 60 161 13.9169059753418 422.662406007379
2022 61 162 13.5382705688477 377.929310918808
2022 62 163 13.1612564086914 354.850305546731
2022 63 164 13.1060119628906 235.750510607451
2022 64 165 9.23734817504885 361.324705771446
2022 65 166 8.29208908081057 458.454231820464
2022 66 167 9.86610183715823 491.667893088221
2022 67 168 12.4533821105957 491.654537523031
2022 68 169 12.2971473693848 486.542683574557
2022 69 170 12.858113861084 503.334285787225
2022 70 171 11.5690246582031 513.647051324129
2022 71 172 12.4744239807129 507.951871805906
2022 72 173 14.0312362670899 393.66114472428
2022 73 174 12.3463150024414 497.078068199515
2022 74 175 15.3949943542481 266.234572624326
2022 75 176 14.3612953186035 439.975013394594
2022 76 177 13.8715682983399 442.352828932047
2022 77 178 13.0973182678223 532.255410088062
2022 78 179 14.5660949707031 348.402611979246
2022 79 180 12.4667335510254 485.96381578207
2022 80 181 14.243726348877 540.404089829922
2022 81 182 19.3411651611328 539.57585628581
2022 82 183 17.9589973449707 539.566961647987
2022 83 184 16.7045188903809 541.316904714108
2022 84 185 15.257585144043 548.178716975212
2022 85 186 15.4170509338379 563.251552337646
2022 86 187 16.1714797973633 481.689102489948
2022 87 188 15.0878005981446 318.288131708741
2022 88 189 13.0376106262207 370.902738060951
2022 89 190 13.6886268615723 485.683293093204
2022 90 191 12.9137626647949 520.357449607372
2022 91 192 14.1945549011231 587.118696931839
2022 92 193 15.3322540283203 589.15809739399
2022 93 194 17.1725898742676 613.920274148941
2022 94 195 15.8861442565918 543.244988008976
2022 95 196 16.0628028869629 576.138017428875
2022 96 197 17.0948844909668 619.437336623192
2022 97 198 19.4735160827637 617.513701781273
2022 98 199 21.78212890625 617.504798827171
2022 99 200 18.9299560546875 627.047194099426
2022 100 201 17.4006629943848 640.036122293472
2022 101 202 13.5160118103028 357.294906879902
2022 102 203 10.9526115417481 645.379492487907
2022 103 204 11.0633140563965 606.301491541862
2022 104 205 13.0608879089356 298.642262395382
2022 105 206 14.2872367858887 358.81331366539
2022 106 207 15.2274299621582 371.993679061413
2022 107 208 13.1203857421875 603.883586502075
2022 108 209 12.9064804077149 656.578380553246
2022 109 210 16.0711074829102 425.147100244999
2022 110 211 14.4228149414063 644.96984773159
2022 111 212 15.746915435791 534.664381428719
2022 112 213 13.3745590209961 414.69184623909
2022 113 214 14.5586029052735 640.432408586502
2022 114 215 16.5027557373047 682.2266371212
2022 115 216 17.4014755249024 664.980860009193
2022 116 217 17.2978607177735 640.445775114059
2022 117 218 14.9105278015137 681.313822237015
2022 118 219 14.7144332885742 690.241739286423
2022 119 220 14.7302185058594 677.306265106201
2022 120 221 17.517221069336 675.578581945419
2022 121 222 15.9703308105469 684.938429361343
2022 122 223 17.5445457458496 688.157812965393
2022 123 224 17.2818771362305 702.193138660431
2022 124 225 19.5447479248047 710.470926357269
2022 125 226 19.465421295166 622.50087720108
2022 126 227 18.4331413269043 563.140229122162
2022 127 228 17.5226913452149 638.361836696625
2022 128 229 15.1978889465332 678.107778951645
2022 129 230 12.8900886535645 659.730960752487
2022 130 231 12.0923553466797 682.939099248886
2022 131 232 12.9099174499512 679.123034257889
2022 132 233 14.9447265625 699.601573940482
2022 133 234 16.9044586181641 712.452459976401
2022 134 235 20.6737609863281 700.866181193013
2022 135 236 22.1447731018067 701.182330818791
2022 136 237 18.4956756591797 716.059237019405
2022 137 238 17.9770065307617 720.374024715012
2022 138 239 21.438306427002 737.263600013874
2022 139 240 26.6300483703614 725.374548878062
2022 140 241 21.5305877685547 742.589182810914
2022 141 242 21.022233581543 757.385922119014
2022 142 243 21.0588623046875 744.78443575348
2022 143 244 22.2518249511719 737.891462664753
2022 144 245 23.7542053222656 741.048513517313
2022 145 246 26.9746910095215 733.291681057975
2022 146 247 23.7218338012696 702.077363526881
2022 147 248 17.8715759277344 590.854612678788
2022 148 249 18.5292678833008 668.209142472208
2022 149 250 18.788705444336 705.465950337187
2022 150 251 19.575513458252 762.319660244182
2022 151 252 20.0990386962891 765.173928683668
2022 152 253 22.4744316101074 754.170986251265
2022 153 254 22.3129364013672 715.084070979238
2022 154 255 20.8726936340332 655.344923709363
2022 155 256 19.0070625305176 445.144745207518
2022 156 257 21.3057571411133 369.949835028976
2022 157 258 21.1288925170899 600.851225258678
2022 158 259 21.9110389709473 747.714384500503
2022 159 260 21.8339363098145 693.461137002945
2022 160 261 22.6423927307129 703.533425724357
2022 161 262 27.1630912780762 738.746392092735
2022 162 263 27.6522117614746 736.698093779653
2022 163 264 24.6543327331543 630.195370955229
2022 164 265 20.4914260864258 692.303409104228
2022 165 266 22.8006454467774 770.57966274476
2022 166 267 24.1119934082031 765.908654087305
2022 167 268 21.523511505127 757.826760991692
2022 168 269 17.8677307128906 764.871132008493
2022 169 270 17.6617141723633 737.557485111535
2022 170 271 19.4949699401856 756.731373806357
2022 171 272 22.6126457214356 759.879528485417
2022 172 273 25.9021354675293 767.075304155767
2022 173 274 28.7763648986817 761.767505078375
2022 174 275 26.8623710632324 709.892056485712
2022 175 276 26.3570610046387 743.89385234493
2022 176 277 24.9325958251953 752.029190193057
2022 177 278 23.5453582763672 756.744733088672
2022 178 279 23.0942817687989 763.851441668749
2022 179 280 23.6609130859375 760.569705821931
2022 180 281 22.2348266601563 754.317937569201
2022 181 282 19.319108581543 759.955225898027
2022 182 283 18.8710685729981 757.029707632601
2022 183 284 18.3119255065918 751.837710842669
2022 184 285 17.4866653442383 709.108381687582
2022 185 286 19.2173171997071 640.637251629353
2022 186 287 23.1517578125 608.634762382805
2022 187 288 21.3929763793946 571.894489109933
2022 188 289 20.1599479675293 719.096073475897
2022 189 290 21.5253273010254 745.158462944448
2022 190 291 21.7339645385742 732.116139202535
2022 191 292 22.3934875488281 738.381261760414
2022 192 293 25.7823310852051 746.921794840872
2022 193 294 24.198804473877 721.402624618173
2022 194 295 21.5145965576172 703.711570331752
2022 195 296 22.3513885498047 735.322160752177
2022 196 297 22.1463905334473 741.560581945002
2022 197 298 23.3818489074707 733.75921916151
2022 198 299 25.181298828125 729.756150426984
2022 199 300 25.2553688049317 724.243528971434
2022 200 301 24.7601715087891 727.547525511116
2022 201 302 22.6302505493164 733.741429885864
2022 202 303 22.1324287414551 733.906165376276
2022 203 304 22.3222442626953 743.363992318392
2022 204 305 21.8021636962891 740.88374738425
2022 205 306 21.3899360656739 730.936131615818
2022 206 307 21.0926567077637 706.116069782674
2022 207 308 21.2430206298828 675.431634533614
2022 208 309 21.0657516479492 674.52325293462
2022 209 310 21.6004043579102 686.211925731137
2022 210 311 21.4480224609375 679.70189589192
2022 211 312 21.2260223388672 644.043644710123
2022 212 313 21.2189384460449 614.214162538461
2022 213 314 21.9490829467774 520.121458825588
2022 214 315 24.6654678344727 598.758380130641
2022 215 316 24.545053100586 647.369931522161
2022 216 317 25.504281616211 653.176411555421
2022 217 318 23.061898803711 581.855457092632
2022 218 319 21.6319747924805 652.236863572806
2022 219 320 21.0434890747071 669.509388175286
2022 220 321 21.0659500122071 665.132231417317
2022 221 322 21.6722427368164 665.279170804229
2022 222 323 21.5880561828614 680.160550316062
2022 223 324 22.0634208679199 683.7406211586
2022 224 325 21.7276931762696 684.662348069191
2022 225 326 22.0858818054199 687.23163155365
2022 226 327 22.5072151184082 688.344852620125
2022 227 328 23.6942993164063 686.911017346382
2022 228 329 25.2646766662598 678.655489050865
2022 229 330 27.0457168579102 634.28306702137
2022 230 331 24.5960556030274 617.580511234283
2022 231 332 23.5878578186035 656.377981427193
2022 232 333 23.9258132934571 658.43519686985
2022 233 334 24.2900711059571 637.818602267265
2022 234 335 22.0211235046387 641.340774009705
2022 235 336 24.1194816589356 637.542532063484
2022 236 337 24.4044052124024 637.992263298035
2022 237 338 22.8451705932617 614.739604990959
2022 238 339 21.8691497802735 614.668349101067
2022 239 340 22.4790855407715 606.88480035305
2022 240 341 21.3822494506836 593.504051455498
2022 241 342 21.5103507995606 593.682176059723
2022 242 343 22.1573234558106 600.330237283707
2022 243 344 22.3256851196289 604.987906630516
2022 244 345 23.8470855712891 614.819743674278
2022 245 346 24.6126495361328 610.019597828865
2022 246 347 24.7597709655762 603.9860259161
2022 247 348 25.2654815673828 597.47597660923
2022 248 349 28.6589904785156 590.257950924873
2022 249 350 31.2201629638672 590.841274856567
2022 250 351 30.1380935668946 572.535686338425
2022 251 352 29.2642761230469 577.340304829597
2022 252 353 27.9098258972168 577.856813260078
2022 253 354 25.2930122375489 517.921761340141
2022 254 355 23.5722785949707 387.939266518593
2022 255 356 23.7007766723633 439.186864816666
2022 256 357 21.063119506836 490.367653661728
2022 257 358 19.2594047546387 538.378050351143
2022 258 359 19.1744171142578 534.526355903149
2022 259 360 18.8496147155762 531.128850214958
2022 260 361 19.434457397461 542.706211608887
2022 261 362 18.8583160400391 345.517175592899
2022 262 363 19.1562019348145 268.407554569244
2022 263 364 19.267709350586 374.460544804573
2022 264 365 20.0126281738281 406.716849200726
2022 265 366 19.5079208374024 474.14156166029
2022 266 367 20.9872261047364 522.583881659985
2022 267 368 22.4426589965821 522.543798205852
2022 268 369 22.3175941467285 500.030281151771
2022 269 370 21.2658897399903 490.416646622181
2022 270 371 19.321736907959 488.488575423717
2022 271 372 19.6131492614746 489.183207954407
2022 272 373 20.2718635559082 489.361324494362
2022 273 374 21.2486892700196 488.136786260605
2022 274 375 20.2856155395508 474.208351456642
2022 275 376 19.2790428161621 462.283684129715
2022 276 377 18.7569290161133 467.854161808491
2022 277 378 19.0625091552735 465.966166503906
2022 278 379 19.2470680236817 463.040659011841
2022 279 380 19.8946434020996 460.827587690592
2022 280 381 20.5851264953614 451.672586593628
2022 281 382 20.9977546691895 447.170790261984
2022 282 383 19.763516998291 437.85992018199
2022 283 384 19.631967163086 437.552674770355
2022 284 385 18.906884765625 429.711247244358
2022 285 386 18.8204742431641 420.845667002201
2022 286 387 17.3883186340332 405.999936604023
2022 287 388 17.1825157165528 416.851473374844
2022 288 389 17.6892372131348 392.970951164722
2022 289 390 17.3792129516602 364.869170684338
2022 290 391 15.7343612670899 393.180239132404
2022 291 392 17.9944091796875 353.265086189628
2022 292 393 19.4996238708496 390.659953270554
2022 293 394 19.5419174194336 400.647639136672
2022 294 395 17.8256317138672 396.141368899226
2022 295 396 18.370004272461 344.395056990504
2022 296 397 15.608487701416 387.048692513108
2022 297 398 15.1956649780274 390.352706472874
2022 298 399 15.6058631896973 367.718966021299
2022 299 400 14.4327369689942 368.422511460423
2022 300 401 13.4204917907715 372.118361874223
2022 301 402 13.5755058288574 351.809021251559
2022 302 403 13.6825653076172 320.185030219436
2022 303 404 14.743367767334 347.556581536233
2022 304 405 13.8618598937989 270.910047501326
2022 305 406 14.0077644348145 189.957629786104
2022 306 407 11.0347801208496 225.940936682135
2022 307 408 9.76876220703127 312.125408401042
2022 308 409 10.4558044433594 289.825659237146
2022 309 410 13.7238441467285 164.629946789056
2022 310 411 15.3438011169434 170.360744691655
2022 311 412 12.8923126220703 251.49571109011
2022 312 413 10.8765274047852 107.820775416177
2022 313 414 9.92519149780276 242.906214416057
2022 314 415 9.81044540405276 297.72051992327
2022 315 416 9.15903244018557 296.638479372576
2022 316 417 9.36747512817385 271.47555143597
2022 317 418 10.2431121826172 303.691761699133
2022 318 419 8.86155090332034 311.377340867415
2022 319 420 9.89686355590823 304.622404014617
2022 320 421 9.90010223388674 307.49893582062
2022 321 422 10.1844268798828 273.853354821891
2022 322 423 9.44032058715823 280.36340454418
2022 323 424 10.2532325744629 299.136517078981
2022 324 425 9.33589706420901 297.800673179764
2022 325 426 8.51590499877932 287.514637366738
2022 326 427 8.74579010009768 277.041587784972
2022 327 428 9.4251419067383 275.696832111359
2022 328 429 10.3117195129395 279.1166070292
2022 329 430 10.1481986999512 265.762574806213
2022 330 431 10.2935043334961 251.250808762312
2022 331 432 9.70724258422854 271.480007929563
2022 332 433 10.0067497253418 242.037907214642
2022 333 434 8.78424224853518 262.218124509811
2022 334 435 7.41036758422854 266.684307008982
2022 335 436 9.90617523193362 103.025078862429
2022 336 437 5.79810867309573 186.747144883513
2022 337 438 7.47553405761721 126.892229756832
2022 338 439 10.1496215820313 132.235631641328
2022 339 440 11.3452087402344 185.674013193369
2022 340 441 9.91143569946291 193.23492130661
2022 341 442 8.02091369628909 209.038002780199
2022 342 443 7.71128997802737 199.615818557024
2022 343 444 10.441236114502 126.820986467361
2022 344 445 12.1619697570801 67.4737000018358
2022 345 446 11.0366035461426 121.450879563689
2022 346 447 8.92003021240237 209.037999000072
2022 347 448 6.69560394287112 221.563804987192
2022 348 449 6.04074630737307 227.695347700357
2022 349 450 6.53593597412112 216.808189284801
2022 350 451 6.15629348754885 228.563653358221
2022 351 452 6.20607147216799 227.370294616461
2022 352 453 5.1997009277344 221.323348867893
2022 353 454 5.08071289062502 187.2325097332
2022 354 455 6.41208801269534 182.356659796953
2022 355 456 7.50365982055666 234.735270453215
2022 356 457 7.88451919555666 156.962182026386
2022 357 458 7.5174270629883 126.268836357474
2022 358 459 8.06746063232424 166.34428758359
2022 359 460 9.46885833740237 196.797171463013
2022 360 461 8.35643539428713 168.401494709969
2022 361 462 12.0579429626465 59.2359670301676
2022 362 463 9.20557937622073 158.703231714725
2022 363 464 10.0838485717774 99.2535293979645
2022 364 465 12.0180793762207 24.7354579068124
2022 365 466 15.0366035461426 28.1418721877933
2023 1 467 11.2523246765137 170.665187107936
2023 2 468 9.01273117065432 169.202598537684
2023 3 469 8.4114700317383 107.729344821453
2023 4 470 10.4050498962403 76.5303789986373
2023 5 471 14.3710380554199 73.5874165201188
2023 6 472 10.5495429992676 150.135579250217
2023 7 473 12.2455841064453 131.201917032003
2023 8 474 13.5047431945801 154.487784003019
2023 9 475 14.5995307922364 95.9085878818036
2023 10 476 13.2636428833008 132.588939218283
2023 11 477 11.114892578125 72.9339168066979
2023 12 478 13.1123100280762 163.96572669968
2023 13 479 14.2515579223633 141.079966627121
2023 14 480 13.3844047546387 52.7510570770503
2023 15 481 11.0642295837403 94.7883098230363
2023 16 482 9.95726165771487 127.721047456503
2023 17 483 8.35419235229494 238.864578152657
2023 18 484 6.95674667358401 276.656319462299
2023 19 485 9.52999267578127 221.829189781189
2023 20 486 7.61271820068362 268.636526916027
2023 21 487 7.07558593750002 294.229625389099
2023 22 488 7.41351089477541 295.741124623299
2023 23 489 10.3259635925293 303.56531628418
2023 24 490 8.43819580078127 306.526062620163
2023 25 491 8.0810256958008 307.730811135292
2023 26 492 10.8677955627442 310.3536867342
2023 27 493 9.11767730712893 307.006189096451
2023 28 494 8.46234283447268 293.389422200203
2023 29 495 9.08027801513674 252.894779004097
2023 30 496 6.49015197753909 279.9238089571
2023 31 497 5.8965774536133 335.04435559082
2023 32 498 5.6003356933594 327.353529819489
2023 33 499 7.37418136596682 288.97941364193
2023 34 500 10.6730819702149 183.375056388378
2023 35 501 9.36433944702151 151.433675848961
2023 36 502 11.9807601928711 190.207890199184
2023 37 503 8.4482360839844 321.55206775856
2023 38 504 8.46085128784182 336.795896894455
2023 39 505 8.99455795288088 309.277862711906
2023 40 506 9.71829376220705 352.546534152031
2023 41 507 10.0391326904297 327.317962356567
2023 42 508 9.72128829956057 287.525720103264
2023 43 509 8.74383697509768 354.124705746651
2023 44 510 10.5582977294922 379.78894166565
2023 45 511 10.5848022460938 388.964595106125
2023 46 512 7.9350410461426 380.242395568848
2023 47 513 6.18813095092776 356.916528810501
2023 48 514 8.22829971313479 355.600638660827
2023 49 515 8.12271270751955 401.843377872701
2023 50 516 9.5013481140137 406.195610373011
2023 51 517 10.3306671142578 397.322264372705
2023 52 518 11.858285522461 400.042931883428
2023 53 519 8.2430473327637 398.429195783049
2023 54 520 6.17915115356448 374.716563413583
2023 55 521 7.18266448974612 201.655212653993
2023 56 522 6.77763137817385 240.233807003591
2023 57 523 8.56579360961916 169.23816145264
2023 58 524 7.62362060546877 154.887883152217
2023 59 525 6.77143249511721 107.804921805531
2023 60 526 7.36541900634768 315.981771399856
2023 61 527 8.05239257812502 452.656177984655
2023 62 528 8.52198181152346 425.591597925812
2023 63 529 10.3550354003906 351.030594749659
2023 64 530 8.50680313110354 351.070611673564
2023 65 531 7.27543792724612 393.334577101171
2023 66 532 8.27232894897463 420.279143150032
2023 67 533 8.33837661743166 323.637033614397
2023 68 534 8.67245254516604 396.828790649474
2023 69 535 11.7208534240723 100.758700653032
2023 70 536 11.6627098083496 200.659403643847
2023 71 537 13.91640625 188.451890551269
2023 72 538 15.1146446228028 270.699260492951
2023 73 539 15.8255477905274 152.616200432956
2023 74 540 11.1540008544922 258.731807393909
2023 75 541 10.6527763366699 496.929550428629
2023 76 542 11.4994102478028 508.305762719393
2023 77 543 13.2719741821289 504.238062010765
2023 78 544 14.9274116516114 194.337814311266
2023 79 545 12.6151481628418 284.480509107113
2023 80 546 11.0740600585938 206.727600129962
2023 81 547 10.5944267272949 242.932274703145
2023 82 548 11.9643035888672 362.260083223105
2023 83 549 10.6826988220215 537.650921332359
2023 84 550 10.2470947265625 570.868154063702
2023 85 551 9.33355484008791 583.764753926277
2023 86 552 8.91741333007815 586.952201004982
2023 87 553 11.3619705200196 301.827092618466
2023 88 554 8.82977447509768 220.579975889206
2023 89 555 8.91184387207034 350.870562618733
2023 90 556 10.4065452575684 401.723361977577
2023 91 557 11.4566665649414 544.830493049145
2023 92 558 13.1180816650391 504.140258543968
2023 93 559 10.3840995788574 550.320774082661
2023 94 560 9.13092956542971 607.575178477287
2023 95 561 9.77878341674807 586.712158935547
2023 96 562 11.561181640625 574.749138948441
2023 97 563 14.3049942016602 329.745238078117
2023 98 564 14.128865814209 345.077983351231
2023 99 565 14.7416625976563 558.749557675362
2023 100 566 16.7833305358887 613.407763580322
2023 101 567 17.2881904602051 522.082552705765
2023 102 568 13.5320983886719 598.759627958298
2023 103 569 12.5976196289063 653.222231969833
2023 104 570 12.480485534668 650.995007602692
2023 105 571 12.9543548583985 647.256297105789
2023 106 572 13.3416496276856 646.278269494057
2023 107 573 13.3837600708008 545.830744277001
2023 108 574 12.0072608947754 587.72574594593
2023 109 575 11.4893661499024 626.233213900566
2023 110 576 13.2555213928223 665.10965849781
2023 111 577 17.0603424072266 649.719130209923
2023 112 578 19.1349235534668 649.421272364616
2023 113 579 18.502889251709 645.224664551735
2023 114 580 17.1244636535645 665.580895124436
2023 115 581 17.3659873962403 685.40368129158
2023 116 582 18.5898796081543 683.701019544601
2023 117 583 20.2630554199219 683.71880529213
2023 118 584 21.414697265625 678.815329938889
2023 119 585 19.8860183715821 658.552464460373
2023 120 586 17.6344543457031 649.630208528519
2023 121 587 14.2098785400391 534.601261379242
2023 122 588 12.5279403686524 478.058134168625
2023 123 589 12.8665061950684 476.857836122513
2023 124 590 13.6900535583496 412.926178350449
2023 125 591 13.4004341125489 395.321750893593
2023 126 592 14.5835014343262 371.577997694969
2023 127 593 14.1335731506348 479.000585245132
2023 128 594 14.8639312744141 405.648789558411
2023 129 595 15.195443725586 533.885518101692
2023 130 596 15.0894256591797 583.195723913193
2023 131 597 15.0710426330567 690.489413179398
2023 132 598 17.2099586486817 704.332877794266
2023 133 599 20.0127655029297 703.590471150794
2023 134 600 23.2817398071289 707.462548815007
2023 135 601 20.1897445678711 680.52242743897
2023 136 602 20.8213516235352 715.549027969036
2023 137 603 21.2614494323731 710.814511572717
2023 138 604 19.1753211975098 727.111929658242
2023 139 605 19.3003555297852 726.520686010931
2023 140 606 18.0976310729981 714.4821040815
2023 141 607 17.7449661254883 707.591471903093
2023 142 608 20.4434562683106 728.214448028728
2023 143 609 19.3001495361328 728.009954679087
2023 144 610 17.0680366516114 734.949477301702
2023 145 611 16.4774642944336 714.922205849186
2023 146 612 16.5589004516602 695.49064792946
2023 147 613 16.9107223510742 695.326157785013
2023 148 614 16.8857131958008 568.458664073929
2023 149 615 17.2029090881348 605.290155549601
2023 150 616 17.3739028930664 707.684832500503
2023 151 617 16.8027816772461 695.659578809097
2023 152 618 17.2418113708496 737.176684201509
2023 153 619 18.4289375305176 748.21505391714
2023 154 620 19.8481842041016 751.17134153083
2023 155 621 22.6924530029297 750.348903456271
2023 156 622 21.1637664794922 705.377586807221
2023 157 623 18.6704612731934 591.580059312865
2023 158 624 18.4043556213379 497.365210157767
2023 159 625 19.5968185424805 569.361120072514
2023 160 626 18.9622207641602 699.47387263754
2023 161 627 17.2230049133301 634.65310691908
2023 162 628 18.7792526245117 616.0306502361
2023 163 629 19.0402389526367 587.867996959984
2023 164 630 19.387353515625 678.966488128185
2023 165 631 20.0508056640625 700.242964620888
2023 166 632 21.0947242736817 730.232716055542
2023 167 633 21.187703704834 726.925227497935
2023 168 634 21.6545234680176 739.319475063026
2023 169 635 21.8107658386231 738.594835887611
2023 170 636 17.9375396728516 763.68561406827
2023 171 637 17.4653831481934 773.27911684078
2023 172 638 18.4141822814942 767.940003887892
2023 173 639 18.3286911010742 734.095936329961
2023 174 640 18.4498840332031 724.875826206923
2023 175 641 18.614461517334 741.186602619886
2023 176 642 17.9503646850586 727.023023404479
2023 177 643 17.8516136169434 735.620762400389
2023 178 644 18.5133605957031 732.15322993046
2023 179 645 19.1789489746094 743.747256957412
2023 180 646 20.7364898681641 743.845062629282
2023 181 647 24.3371978759766 747.139200252354
2023 182 648 26.478044128418 746.819121815026
2023 183 649 28.8398948669434 748.85964623481
2023 184 650 26.3619781494141 744.791941368043
2023 185 651 21.8738189697266 747.846050152123
2023 186 652 20.6683174133301 730.326085906386
2023 187 653 18.9055801391602 726.067225331068
2023 188 654 18.5216957092285 735.073970304906
2023 189 655 18.0027290344239 744.134017772496
2023 190 656 17.3112770080567 744.943102581441
2023 191 657 18.0591674804688 748.410634673357
2023 192 658 21.5936027526856 760.915999437034
2023 193 659 22.2771430969239 756.20815382415
2023 194 660 22.3763328552246 748.984103752077
2023 195 661 23.354623413086 742.973735390246
2023 196 662 24.6567398071289 742.435811660707
2023 197 663 26.8933425903321 710.694464583099
2023 198 664 26.7800575256348 679.642217505932
2023 199 665 24.7108207702637 728.2944762851
2023 200 666 21.8537307739258 724.151202845037
2023 201 667 21.8473106384278 733.224584677607
2023 202 668 24.6184745788574 737.879096516192
2023 203 669 25.6160179138184 726.707408698112
2023 204 670 26.6308647155762 680.815833371133
2023 205 671 22.494100189209 695.526221188575
2023 206 672 22.8292442321778 728.663438909739
2023 207 673 23.9567390441895 715.308976445347
2023 208 674 22.317758178711 720.20797532545
2023 209 675 21.3653274536133 720.510279796645
2023 210 676 22.1315933227539 716.575957672492
2023 211 677 22.5577903747559 719.01212847288
2023 212 678 22.7136169433594 717.816283384368
2023 213 679 21.9082351684571 685.91047100877
2023 214 680 19.9988723754883 678.988721029244
2023 215 681 19.4628082275391 695.037210548565
2023 216 682 20.1264739990235 692.623263387926
2023 217 683 22.6257644653321 698.331367139209
2023 218 684 24.960897064209 696.566475030981
2023 219 685 27.1378608703614 698.358038903115
2023 220 686 24.0589042663574 663.869361203823
2023 221 687 21.2629447937012 643.562021141286
2023 222 688 21.6040740966797 652.417580250182
2023 223 689 21.8947654724121 638.236226618767
2023 224 690 22.8551078796387 645.873714300156
2023 225 691 25.2167488098145 637.124850254059
2023 226 692 26.7469306945801 580.257195649147
2023 227 693 26.7755676269531 593.167125246048
2023 228 694 27.2671752929688 629.789682983399
2023 229 695 26.8384109497071 586.54765891552
2023 230 696 24.2737136840821 625.308534459114
2023 231 697 23.4322105407715 629.340657372475
2023 232 698 24.367333984375 571.121566188812
2023 233 699 26.537671661377 458.226470248222
2023 234 700 23.7412811279297 545.026097462654
2023 235 701 25.5243240356446 595.052030423164
2023 236 702 27.3103538513184 632.181376121521
2023 237 703 23.318074798584 618.102280592919
2023 238 704 22.0009895324707 635.973442852974
2023 239 705 22.6155029296875 638.943090126991
2023 240 706 23.071420288086 642.46397763443
2023 241 707 22.8809715270996 643.193038045883
2023 242 708 24.4960113525391 637.404923359871
2023 243 709 24.2651649475098 627.175677073479
2023 244 710 21.3616920471192 435.078430724144
2023 245 711 19.6085716247559 330.638800525665
2023 246 712 21.1663299560547 444.983136511803
2023 247 713 20.4507270812989 482.339207145691
2023 248 714 21.4728332519531 585.169539683342
2023 249 715 22.1256118774414 580.77288253212
2023 250 716 21.4377799987793 581.839807632446
2023 251 717 22.2869850158692 582.915638710976
2023 252 718 23.0594535827637 561.568045248032
2023 253 719 22.0157409667969 560.563349095345
2023 254 720 22.0920539855957 585.222885837555
2023 255 721 21.4756141662598 565.315650634766
2023 256 722 21.402734375 562.892825382233
2023 257 723 21.9826065063477 547.99574020052
2023 258 724 21.2501197814942 526.208045753479
2023 259 725 21.1947608947754 491.141419362068
2023 260 726 20.1542640686035 514.636236609459
2023 261 727 19.8877273559571 520.984506579399
2023 262 728 20.101895904541 509.80391079855
2023 263 729 20.1076637268067 516.458906286717
2023 264 730 18.9624382019043 480.9077417593
2023 265 731 18.8508621215821 499.041195913792
2023 266 732 18.7217613220215 517.023502967358
2023 267 733 18.4915596008301 501.913023088455
2023 268 734 19.2430816650391 488.936424155235
2023 269 735 20.9470344543457 451.353634634018
2023 270 736 20.1784149169922 497.231851938725
2023 271 737 19.7701698303223 493.013008413315
2023 272 738 19.8466850280762 481.752405497551
2023 273 739 18.3645988464356 346.300519125938
2023 274 740 17.7278610229492 330.189796461463
2023 275 741 17.960408782959 421.790639171124
2023 276 742 18.937215423584 464.005694076538
2023 277 743 21.5747924804688 466.264052826166
2023 278 744 23.4738899230957 461.685120743752
2023 279 745 24.1559425354004 460.235868853807
2023 280 746 24.2856880187989 457.075060075045
2023 281 747 24.0240646362305 449.748778369904
2023 282 748 20.3541122436524 328.958381043434
2023 283 749 19.3632026672364 285.374069601595
2023 284 750 18.0839553833008 410.712286489725
2023 285 751 17.3925033569336 443.489442429781
2023 286 752 17.6338096618653 434.989513074875
2023 287 753 19.6998458862305 383.869978156805
2023 288 754 19.264234161377 395.557355850458
2023 289 755 19.6791091918946 391.863104934216
2023 290 756 20.1824775695801 359.379378169179
2023 291 757 19.9727951049805 404.844151816368
2023 292 758 21.8620582580567 404.986395459175
2023 293 759 20.973104095459 385.81269154954
2023 294 760 18.817514038086 373.173957053185
2023 295 761 17.9905487060547 291.455600799203
2023 296 762 18.5225540161133 307.348488125801
2023 297 763 17.7415367126465 370.00425993681
2023 298 764 17.0066848754883 341.250353819013
2023 299 765 14.1662651062012 324.010469924331
2023 300 766 12.1006637573242 376.86377331394
2023 301 767 12.3182540893555 377.815118083239
2023 302 768 14.1981178283692 380.913663263202
2023 303 769 13.2221733093262 375.490092706382
2023 304 770 13.5237632751465 327.051226041317
2023 305 771 14.234033203125 334.702043268025
2023 306 772 14.7966056823731 334.599806090772
2023 307 773 17.5077110290528 332.252531203926
2023 308 774 18.2216049194336 323.41476116395
2023 309 775 18.2188278198242 265.155650410295
2023 310 776 19.1075645446778 202.904412262216
2023 311 777 15.1603828430176 238.451143898204
2023 312 778 13.2249504089356 323.588141425818
2023 313 779 12.2740112304688 330.825507923022
2023 314 780 12.1859527587891 293.020440485925
2023 315 781 13.1753631591797 306.241549346179
2023 316 782 13.940560913086 302.476149722383
2023 317 783 14.5490852355957 287.823578814849
2023 318 784 14.627530670166 283.351334197573
2023 319 785 14.0647445678711 220.464395266794
2023 320 786 15.6646095275879 176.582236404529
2023 321 787 15.6853385925293 196.653956010697
2023 322 788 16.9186302185059 124.822535008903
2023 323 789 13.8022705078125 232.618562027965
2023 324 790 12.5523048400879 293.015992217059
2023 325 791 10.7803817749024 272.095161921897
2023 326 792 11.158277130127 259.065222126641
2023 327 793 12.7532211303711 268.969942395926
2023 328 794 12.9691024780274 287.272320578575
2023 329 795 8.94412002563479 284.498284522295
2023 330 796 9.35194168090823 270.396970669746
2023 331 797 8.6594177246094 261.799239360094
2023 332 798 9.08989105224612 272.842028358698
2023 333 799 10.1194892883301 208.977054539442
2023 334 800 10.2881294250489 233.356532036305
2023 335 801 10.8716484069824 253.321552269936
2023 336 802 12.330655670166 166.108481523991
2023 337 803 13.3598190307617 123.382169980943
2023 338 804 13.0193344116211 140.19974141115
2023 339 805 11.1499420166016 184.250827292204
2023 340 806 11.7107978820801 206.909867374897
2023 341 807 11.7997146606446 167.695551158547
2023 342 808 9.17966232299807 196.556152104855
2023 343 809 8.29413375854494 242.914485049486
2023 344 810 7.68817672729494 234.850234560609
2023 345 811 7.91474304199221 231.360467323184
2023 346 812 8.80326232910159 229.417760356665
2023 347 813 8.8663154602051 227.163854596138
2023 348 814 8.33089599609377 217.214687715769
2023 349 815 8.93706665039065 210.724162762642
2023 350 816 9.1538024902344 231.067062340975
2023 351 817 10.5110565185547 143.769530966997
2023 352 818 11.6223083496094 71.5557924083472
2023 353 819 15.4269271850586 104.244019736767
2023 354 820 15.0622802734375 80.7758925770522
2023 355 821 12.3259521484375 143.716183615744
2023 356 822 12.390283203125 212.386805569649
2023 357 823 11.0794082641602 215.014136425734
2023 358 824 8.48777923583987 221.531325383663
2023 359 825 9.26409301757815 224.896618093252
2023 360 826 10.2571388244629 190.003386107683
2023 361 827 10.728231048584 162.983252808571
2023 362 828 13.1869026184082 96.113086870134
2023 363 829 14.4321685791016 90.7828570886851
2023 364 830 13.9841590881348 142.724823812604
2023 365 831 11.9602371215821 118.216429761171
2024 1 832 10.9312683105469 157.687418839812
2024 2 833 9.73546371459963 197.781117240906
2024 3 834 10.8563362121582 162.43792267704
2024 4 835 8.95895156860354 208.003772498608
2024 5 836 10.1165634155274 232.770128561497
2024 6 837 8.6324401855469 170.318530458927
2024 7 838 6.88263854980471 182.923067788243
2024 8 839 6.37886962890627 216.504201586246
2024 9 840 8.78729400634768 140.713119959831
2024 10 841 8.85371551513674 84.6368401448726
2024 11 842 8.76860961914065 211.687290879488
2024 12 843 6.57709655761721 226.124735602856
2024 13 844 8.90229187011721 114.853213601112
2024 14 845 11.3028121948242 97.7505243601798
2024 15 846 10.8936935424805 145.52117735815
2024 16 847 9.79980621337893 161.680851527691
2024 17 848 12.1457534790039 126.837935798883
2024 18 849 10.8914161682129 164.022891947269
2024 19 850 10.7915817260742 187.598305021286
2024 20 851 13.7089553833008 133.076013567209
2024 21 852 13.4441009521485 173.422073344231
2024 22 853 14.5755554199219 80.2360966768264
2024 23 854 13.4964080810547 169.202844749927
2024 24 855 13.0551200866699 127.656990691662
2024 25 856 12.9098182678223 177.703276357651
2024 26 857 11.1311584472656 213.360810118675
2024 27 858 12.125619506836 175.839383140087
2024 28 859 13.2101684570313 217.522481497764
2024 29 860 13.3440528869629 289.302422937393
2024 30 861 14.4275604248047 279.584476571083
2024 31 862 15.5768714904785 188.811392999649
2024 32 863 13.0895668029785 117.735392967403
2024 33 864 11.4360748291016 247.4909293046
2024 34 865 9.41767654418948 253.653740720749
2024 35 866 11.3435035705567 120.042016940117
2024 36 867 13.5159164428711 156.416782340526
2024 37 868 11.1340614318848 217.128451184273
2024 38 869 9.86270294189455 206.33910001564
2024 39 870 8.18512878417971 194.473918272495
2024 40 871 7.19835052490237 227.80269245863
2024 41 872 8.9824043273926 334.332569349766
2024 42 873 8.61293182373049 355.189623851776
2024 43 874 9.7022529602051 321.488950733185
2024 44 875 9.91999206542971 314.365402004242
2024 45 876 11.1184936523438 301.831698828697
2024 46 877 12.4153877258301 190.046613115072
2024 47 878 11.8877464294434 251.231998096466
2024 48 879 11.930924987793 146.167565417074
2024 49 880 13.3334671020508 214.06033163669
2024 50 881 15.6349884033203 211.191433304094
2024 51 882 13.7687316894531 273.527917596413
2024 52 883 11.711515045166 301.937955829954
2024 53 884 11.3686157226563 316.136330116201
2024 54 885 11.7044654846192 330.74644894623
2024 55 886 11.9987998962403 374.718472999647
2024 56 887 13.5524421691895 389.452540758476
2024 57 888 13.4409805297852 374.474977595583
2024 58 889 11.4452186584473 364.686194240406
2024 59 890 10.3886810302735 440.672069080919
2024 60 891 12.6374870300293 304.855548802107
2024 61 892 12.2983146667481 165.213841236353
2024 62 893 10.7778755187989 287.248149031728
2024 63 894 9.25098953247073 317.252015963018
2024 64 895 9.4106155395508 389.988256846845
2024 65 896 11.3333297729492 314.604488142669
2024 66 897 12.7910858154297 256.208298060626
2024 67 898 11.9139038085938 316.45952855581
2024 68 899 11.2839256286621 454.069110859513
2024 69 900 12.3587242126465 434.699627894521
2024 70 901 12.5480247497559 364.535654401064
2024 71 902 12.6202598571778 271.854399603486
2024 72 903 12.9799781799317 175.852659984142
2024 73 904 11.7401672363281 385.503388741016
2024 74 905 14.5170227050781 524.445587948322
2024 75 906 16.175496673584 530.422459222555
2024 76 907 14.1967407226563 526.052693891764
2024 77 908 13.9003311157227 525.521424823046
2024 78 909 14.0273681640625 516.401167373419
2024 79 910 14.9388023376465 516.609251244783
2024 80 911 14.5356994628906 536.930597045421
2024 81 912 14.5660110473633 525.21593339014
2024 82 913 15.3091064453125 489.788614377498
2024 83 914 13.351522064209 401.36200405407
2024 84 915 11.7559371948242 436.598955388546
2024 85 916 12.5841346740723 433.606089569092
2024 86 917 12.6700759887696 379.526523262978
2024 87 918 12.7105537414551 385.007536434174
2024 88 919 13.1819396972656 371.982383791208
2024 89 920 11.3393493652344 316.353272284984
2024 90 921 11.3574081420899 354.065086094379
2024 91 922 11.931958770752 528.208806265831
2024 92 923 13.0237747192383 495.74779087925
2024 93 924 15.1183525085449 594.755665475845
2024 94 925 15.6474395751953 565.809938977241
2024 95 926 11.3628059387207 381.447976719856
2024 96 927 7.7934509277344 447.981558109283
2024 97 928 9.06750259399416 541.822766796112
2024 98 929 11.5126739501953 476.294189009666
2024 99 930 12.8647705078125 597.735242890358
2024 100 931 14.8319030761719 623.289676716804
2024 101 932 16.1929260253906 613.784229913711
2024 102 933 18.4284492492676 615.298368180275
2024 103 934 17.3167091369629 627.433617790222
2024 104 935 12.5671173095703 275.856689631939
2024 105 936 9.7340141296387 244.413947100639
2024 106 937 13.1844306945801 478.906303848267
2024 107 938 15.0791107177735 519.99170220089
2024 108 939 16.9080062866211 618.82250256443
2024 109 940 18.4396606445313 619.681408811569
2024 110 941 17.5709854125977 634.167575586319
2024 111 942 16.9993339538574 651.491611398697
2024 112 943 17.5653816223145 664.087295545578
2024 113 944 20.0551658630371 660.541037844658
2024 114 945 17.0622306823731 597.02243903923
2024 115 946 15.6837669372559 547.830623767853
2024 116 947 15.3817535400391 560.647684223175
2024 117 948 16.0712982177735 486.618667268753
2024 118 949 14.8574348449707 600.369486085891
2024 119 950 16.1067901611328 673.229679840088
2024 120 951 16.4343353271485 695.445929252624
2024 121 952 16.3766342163086 706.221979415893
2024 122 953 17.1996437072754 713.186149944305
2024 123 954 18.5102363586426 704.876087022781
2024 124 955 18.6304145812989 691.904073635101
2024 125 956 15.307447052002 304.563354373932
2024 126 957 11.2862144470215 421.041386331558
2024 127 958 13.4017539978028 662.32523641777
2024 128 959 15.2748580932617 710.131305673599
2024 129 960 18.4002243041992 728.779117618561
2024 130 961 21.4344612121582 728.535614969253
2024 131 962 21.1318298339844 718.994777109146
2024 132 963 22.2039199829102 719.835955066681
2024 133 964 20.482137298584 709.67085200765
2024 134 965 19.1252571105957 715.488351885579
2024 135 966 18.3377395629883 703.972904979027
2024 136 967 19.2713905334473 686.967635672659
2024 137 968 18.8481575012207 685.984756439758
2024 138 969 17.4744621276856 680.52147359786
2024 139 970 18.2385231018067 702.383522223003
2024 140 971 17.4211174011231 736.110751026083
2024 141 972 17.8312698364258 738.13402604711
2024 142 973 19.6132522583008 749.467926215619
2024 143 974 20.2982345581055 742.198275161542
2024 144 975 19.8255973815918 737.518627694204
2024 145 976 17.3542762756348 727.508495814517
2024 146 977 15.4859481811524 705.07531558539
2024 147 978 16.5420700073242 727.729860184058
2024 148 979 19.0897651672364 735.163308824018
2024 149 980 18.9027458190918 740.945348185107
2024 150 981 20.1384025573731 746.824828183845
2024 151 982 22.7209754943848 752.992069546074
2024 152 983 23.5252967834473 745.726855880201
2024 153 984 21.3159423828125 749.737989609271
2024 154 985 19.8891082763672 724.46250307244
2024 155 986 21.148641204834 604.619696629077
2024 156 987 21.992204284668 690.65557119444
2024 157 988 27.8809257507324 734.31324909684
2024 158 989 27.1380439758301 737.753265237927
2024 159 990 23.3704582214356 742.215988102257
2024 160 991 19.6441818237305 729.09344308126
2024 161 992 19.7807594299317 741.543041181177
2024 162 993 20.0676170349121 730.266693880737
2024 163 994 24.0361343383789 739.72784478265
2024 164 995 26.1753364562989 745.4567910375
2024 165 996 20.9744888305664 748.724137076497
2024 166 997 19.3164306640625 758.393382371127
2024 167 998 20.7480293273926 763.166015132308
2024 168 999 21.5094009399414 764.702296939313
2024 169 1000 21.7339836120606 763.36523901701
2024 170 1001 22.8164535522461 763.52463781923
2024 171 1002 20.4844223022461 731.045913232684
2024 172 1003 18.5700088500977 741.69357807517
2024 173 1004 19.7938400268555 745.655999612689
2024 174 1005 23.169320678711 757.105033332765
2024 175 1006 26.4451728820801 754.630171487868
2024 176 1007 25.1447540283203 758.349114505887
2024 177 1008 25.9262557983399 677.108015171111
2024 178 1009 23.3914199829102 682.535871572435
2024 179 1010 21.44130859375 749.994772756755
2024 180 1011 22.3527465820313 759.779125488579
2024 181 1012 24.0479598999024 744.518208038509
2024 182 1013 25.6750923156739 744.017920887172
2024 183 1014 25.2020469665528 747.258706937849
2024 184 1015 28.3543983459473 757.662873541176
2024 185 1016 29.8212829589844 760.832833250344
2024 186 1017 29.4522300720215 745.771131494701
2024 187 1018 28.1391426086426 755.67501869595
2024 188 1019 28.3992248535156 750.4020948143
2024 189 1020 28.804818725586 744.429645973146
2024 190 1021 25.5505500793457 745.133600169957
2024 191 1022 23.9385696411133 738.103028379202
2024 192 1023 23.7550788879395 731.41779061842
2024 193 1024 28.1904121398926 744.27028346014
2024 194 1025 29.5848556518555 737.996775195479
2024 195 1026 26.7139755249024 683.42135771656
2024 196 1027 23.7305885314942 692.19628340429
2024 197 1028 21.9517227172852 700.431070271313
2024 198 1029 21.0521179199219 715.076619278729
2024 199 1030 19.6649375915528 730.089598510474
2024 200 1031 22.990811920166 736.079750219881
2024 201 1032 25.5937286376953 730.009913127333
2024 202 1033 26.6853347778321 725.91465088585
2024 203 1034 22.9561553955078 721.558174653023
2024 204 1035 23.9790550231934 717.896792378336
2024 205 1036 28.3728652954102 705.540173327178
2024 206 1037 29.6201492309571 682.943201442242
2024 207 1038 27.2881103515625 672.463777181029
2024 208 1039 25.8722892761231 723.83823750338
2024 209 1040 20.0526786804199 698.226275033176
2024 210 1041 17.9491706848145 696.185296840697
2024 211 1042 20.2382446289063 699.001041411772
2024 212 1043 21.1608863830567 696.844949859902
2024 213 1044 21.8693176269531 685.143568915747
2024 214 1045 23.6977935791016 692.41320986586
2024 215 1046 25.1422630310059 653.523743401974
2024 216 1047 26.716886138916 571.569853100002
2024 217 1048 25.0615211486817 678.108587697912
2024 218 1049 22.9939285278321 693.015334312185
2024 219 1050 23.0856719970703 694.272684979772
2024 220 1051 25.9486747741699 686.303545052618
2024 221 1052 24.0145431518555 679.104730450905
2024 222 1053 22.4031845092774 677.347094528936
2024 223 1054 22.3234802246094 638.147716215134
2024 224 1055 23.0285888671875 646.112428789139
2024 225 1056 21.0562721252442 636.266095211983
2024 226 1057 20.9580856323242 671.47203690815
2024 227 1058 22.594571685791 665.951205395698
2024 228 1059 22.715161895752 661.187418319702
2024 229 1060 22.8704238891602 662.484610586166
2024 230 1061 22.3268028259278 636.385639950752
2024 231 1062 21.307015991211 595.552573615074
2024 232 1063 21.3151069641114 653.483888298988
2024 233 1064 22.6879707336426 656.352784615517
2024 234 1065 23.0557800292969 650.167841314316
2024 235 1066 21.0637451171875 624.082148499489
2024 236 1067 19.3575340270996 612.106274065971
2024 237 1068 20.0767532348633 400.352580223083
2024 238 1069 20.5938087463379 558.668674055099
2024 239 1070 23.1516777038574 636.390054130554
2024 240 1071 24.4763847351074 633.574304377556
2024 241 1072 25.9677635192871 626.512732587814
2024 242 1073 23.3802124023438 612.389621265411
2024 243 1074 22.3982025146485 618.853496578216
2024 244 1075 22.5706954956055 611.420061137199
2024 245 1076 22.104077911377 609.436604532242
2024 246 1077 21.7981277465821 608.670691414833
2024 247 1078 22.4610992431641 608.325355179787
2024 248 1079 26.0609642028809 595.875780485153
2024 249 1080 25.6904541015625 596.389337392807
2024 250 1081 26.5383697509766 588.566299930572
2024 251 1082 25.9771018981934 584.417901331901
2024 252 1083 24.9863792419434 584.240797865867
2024 253 1084 25.1709075927735 571.375045348167
2024 254 1085 21.7117744445801 555.228653031349
2024 255 1086 18.9838996887207 567.191241580009
2024 256 1087 20.825040435791 564.233805626869
2024 257 1088 21.6225143432617 566.000291030884
2024 258 1089 22.0017524719239 559.093694350242
2024 259 1090 20.3364234924317 545.302640434265
2024 260 1091 17.1682983398438 388.43426451683
2024 261 1092 17.9186645507813 408.525386748791
2024 262 1093 18.7159286499024 409.59679205513
2024 263 1094 20.090665435791 450.730920271397
2024 264 1095 19.9628005981446 495.406882936478
2024 265 1096 20.4630409240723 507.165808345795
2024 266 1097 21.3742652893067 511.309779660225
2024 267 1098 22.2049575805664 513.496855555057
2024 268 1099 25.7730651855469 513.673949948788
2024 269 1100 22.6379447937012 491.767640170097
2024 270 1101 19.0015502929688 485.821751065254
2024 271 1102 21.3234115600586 503.101540244102
2024 272 1103 22.6072288513184 494.853458293915
2024 273 1104 19.6176124572754 482.50127528429
2024 274 1105 21.2225395202637 489.168796599865
2024 275 1106 24.213395690918 484.763620051384
2024 276 1107 26.3650566101074 478.932857473373
2024 277 1108 26.6546073913574 473.907868691444
2024 278 1109 25.9947525024414 456.991127656698
2024 279 1110 25.6838088989258 451.766896215439
2024 280 1111 26.8667465209961 452.678936677694
2024 281 1112 27.2847915649414 447.485712102652
2024 282 1113 25.2479148864746 450.044686929941
2024 283 1114 21.8948455810547 438.263607962847
2024 284 1115 20.6951004028321 389.899716265202
2024 285 1116 18.7356506347656 394.548379082441
2024 286 1117 19.1655288696289 403.717332626581
2024 287 1118 21.1328636169434 371.9336997931
2024 288 1119 20.2920013427735 394.601512793541
2024 289 1120 19.6153274536133 404.465549207449
2024 290 1121 19.8577705383301 270.517353462577
2024 291 1122 18.0365577697754 320.222735343933
2024 292 1123 18.16005859375 382.444120210171
2024 293 1124 18.6551147460938 411.814889936686
2024 294 1125 16.9607330322266 406.572942428231
2024 295 1126 18.1305824279785 396.832874005198
2024 296 1127 17.1265769958496 366.452690528035
2024 297 1128 16.4907928466797 382.311308865189
2024 298 1129 17.4420829772949 383.63065317738
2024 299 1130 16.3556762695313 295.540490247369
2024 300 1131 16.2757507324219 357.9124150002
2024 301 1132 19.1794334411621 281.076477471411
2024 302 1133 16.8407569885254 318.615618690133
2024 303 1134 13.8388877868653 347.154041653812
2024 304 1135 12.5619293212891 341.535804280877
2024 305 1136 14.5064331054688 252.250286387265
2024 306 1137 13.3417678833008 295.598054203808
2024 307 1138 15.4267936706543 263.331834173396
2024 308 1139 14.4418807983399 316.614478149056
2024 309 1140 16.0785614013672 338.095787068754
2024 310 1141 14.8304496765137 305.200885320663
2024 311 1142 17.1917549133301 329.037511094481
2024 312 1143 14.2830940246582 330.551650558084
2024 313 1144 12.7034965515137 325.659467482448
2024 314 1145 12.7674194335938 314.130769705445
2024 315 1146 13.0656982421875 304.160455363735
2024 316 1147 13.4764801025391 187.925933836177
2024 317 1148 10.5686508178711 197.807679261044
2024 318 1149 10.4115158081055 277.184882519536
2024 319 1150 13.3324256896973 189.063743058823
2024 320 1151 11.8468528747559 251.966933840521
2024 321 1152 10.2006202697754 285.623328824527
2024 322 1153 9.06044921875002 250.018920613861
2024 323 1154 12.5337043762207 254.056632168723
2024 324 1155 9.08785400390627 251.506494577444
2024 325 1156 13.1906562805176 115.725395928405
2024 326 1157 15.6208740234375 103.523736424826
2024 327 1158 16.4559150695801 95.563438574016
2024 328 1159 14.3279243469239 144.175272427618
2024 329 1160 11.2077537536621 232.327396105289
2024 330 1161 12.4616752624512 141.208976802826
2024 331 1162 13.3081336975098 88.5151628124713
2024 332 1163 10.4025894165039 243.001639899731
2024 333 1164 8.34828338623049 266.904674779653
2024 334 1165 8.22644195556643 268.188590485573
2024 335 1166 8.81759033203127 255.739010246754
2024 336 1167 9.98724899291994 211.359669451594
2024 337 1168 11.0641151428223 242.69172193861
2024 338 1169 11.0439811706543 251.289552539587
2024 339 1170 11.1409126281739 254.455080932379
2024 340 1171 11.2353569030762 237.71985401535
2024 341 1172 11.0614181518555 244.179301791906
2024 342 1173 10.2151580810547 229.436372943878
2024 343 1174 11.315274810791 222.37924255085
2024 344 1175 10.5368896484375 255.566337845087
2024 345 1176 8.1488090515137 254.782709290504
2024 346 1177 8.03817520141604 244.285555101633
2024 347 1178 10.1665855407715 193.522048128605
2024 348 1179 11.4952331542969 98.0914291528462
2024 349 1180 13.1586891174317 135.958189468384
2024 350 1181 8.54630050659182 175.936782511353
2024 351 1182 8.6781059265137 124.876639177918
2024 352 1183 10.0250259399414 116.562157792449
2024 353 1184 9.62586746215823 214.866092808723
2024 354 1185 8.01949081420901 215.145014487982
2024 355 1186 8.24595031738284 230.600746431112
2024 356 1187 9.9114814758301 117.469756479978
2024 357 1188 12.6783805847168 120.940768493414
2024 358 1189 14.2509208679199 139.69926720655
2024 359 1190 14.0497833251953 100.110280342936
2024 360 1191 9.2055374145508 200.406511664152
2024 361 1192 10.9827476501465 88.8073643283843
2024 362 1193 13.9976860046387 91.9640382156967
2024 363 1194 13.7780738830567 92.9070552401542
2024 364 1195 14.6728988647461 68.6896809110641
2024 365 1196 10.2541748046875 212.842816602468
2024 366 1197 9.0176940917969 248.186008394241
