Year DOY_disc DOY TA_C PAR_umol_m2_day
2021 349 1 6.92284927368166 196.660187236309
2021 350 2 9.88815078735354 128.003457373559
2021 351 3 7.47136077880862 196.651231612444
2021 352 4 6.0579544067383 188.733255515337
2021 353 5 5.20647201538088 186.598227931261
2021 354 6 5.7481742858887 190.98913677001
2021 355 7 6.3869453430176 180.063332356453
2021 356 8 7.84358367919924 109.777354647875
2021 357 9 11.6069313049317 71.4541986086369
2021 358 10 11.6123405456543 136.525681725979
2021 359 11 10.2273422241211 133.02100251925
2021 360 12 7.74872360229494 156.663018525362
2021 361 13 8.18036804199221 130.523420853615
2021 362 14 6.74774703979494 183.536674691915
2021 363 15 7.94484100341799 91.8063804767728
2021 364 16 7.26665267944338 146.583162841082
2021 365 17 6.79858169555666 192.591538471937
2022 1 18 5.83149871826174 220.365993508339
2022 2 19 4.06785736083987 254.652773487806
2022 3 20 7.41866455078127 196.659142409325
2022 4 21 11.5295654296875 74.709546210885
2022 5 22 11.9379516601563 118.276009596109
2022 6 23 12.5535484313965 133.567023909926
2022 7 24 12.0632072448731 119.928011346817
2022 8 25 9.76593170166018 151.743466293812
2022 9 26 7.85881576538088 227.637459598064
2022 10 27 9.15781555175784 221.31889940691
2022 11 28 9.23309478759768 241.539198644161
2022 12 29 8.50801620483401 256.202354473114
2022 13 30 9.59776840209963 248.54794694519
2022 14 31 9.49819717407229 248.169455976009
2022 15 32 8.32446060180666 239.869382164955
2022 16 33 9.89646301269534 231.90772393322
2022 17 34 10.1569000244141 239.92282005024
2022 18 35 9.35431823730471 245.29292481184
2022 19 36 8.66586074829104 234.904475218773
2022 20 37 8.83786926269534 252.804847272873
2022 21 38 11.0598731994629 284.001354375362
2022 22 39 12.6296401977539 298.504216709137
2022 23 40 9.18473205566409 300.833051886559
2022 24 41 8.2269226074219 295.151241415977
2022 25 42 8.65776596069338 276.720986339569
2022 26 43 7.96870193481448 296.745345992088
2022 27 44 9.27741775512698 310.264137047768
2022 28 45 8.97730407714846 306.79538907814
2022 29 46 8.87328872680666 296.046260472298
2022 30 47 8.92144927978518 324.900577462196
2022 31 48 8.94654235839846 307.07145625782
2022 32 49 9.28004226684573 313.955524392128
2022 33 50 10.4641014099121 344.230303071976
2022 34 51 8.95544586181643 341.442837738037
2022 35 52 8.1401077270508 339.514754443169
2022 36 53 9.20031509399416 308.019910175323
2022 37 54 8.42463836669924 344.150158340454
2022 38 55 9.32193908691409 349.907654001236
2022 39 56 10.5367485046387 352.147429396629
2022 40 57 11.14931640625 359.824104390144
2022 41 58 12.6599899291992 363.203808706283
2022 42 59 13.2577873229981 365.781998168945
2022 43 60 13.6254898071289 359.093847442627
2022 44 61 14.1852355957031 368.09300223732
2022 45 62 13.4917236328125 368.925684486389
2022 46 63 11.026685333252 382.146140896797
2022 47 64 11.7355819702149 395.802952276435
2022 48 65 13.6093040466309 400.260233585563
2022 49 66 10.495866394043 398.501364561696
2022 50 67 11.3733421325684 381.393608458795
2022 51 68 11.3662506103516 353.149317891806
2022 52 69 9.66818771362307 341.669930342067
2022 53 70 9.46642837524416 411.761885372035
2022 54 71 5.65301284790041 402.54008957243
2022 55 72 5.84140930175784 440.019528480113
2022 56 73 6.95989761352541 442.259317704469
2022 57 74 7.61819992065432 438.567910939708
2022 58 75 11.4605575561524 388.825374619543
2022 59 76 12.0785919189453 443.051912026256
2022 60 77 13.626912689209 417.488217740238
2022 61 78 13.661508178711 371.388101209581
2022 62 79 13.1626754760742 352.681777000427
2022 63 80 12.9099174499512 242.354058383971
2022 64 81 8.91598281860354 407.598493791223
2022 65 82 8.13302383422854 456.543978941619
2022 66 83 9.9466491699219 491.151368529201
2022 67 84 12.1609512329102 490.296415664434
2022 68 85 12.5499092102051 483.688429326296
2022 69 86 12.8736892700196 501.731268806696
2022 70 87 11.3207221984864 513.900862126589
2022 71 88 12.2176147460938 510.124859925032
2022 72 89 13.7639099121094 397.530657082379
2022 73 90 12.4932456970215 483.813096640587
2022 74 91 15.2571807861328 295.369426289558
2022 75 92 14.1615615844727 447.460226993322
2022 76 93 13.7946754455567 445.073491869211
2022 77 94 12.6320663452149 531.449454845905
2022 78 95 14.5116592407227 315.571909034252
2022 79 96 12.3453079223633 444.846412609816
2022 80 97 13.8992935180664 541.419323715448
2022 81 98 19.1122871398926 539.010366739273
2022 82 99 17.8272491455078 539.250799421787
2022 83 100 16.5992866516114 543.267247410297
2022 84 101 15.1031776428223 540.564388869286
2022 85 102 15.193433380127 564.177737277508
2022 86 103 15.9381538391114 486.836560064554
2022 87 104 15.2047706604004 307.966476637185
2022 88 105 12.8548713684082 357.651122823238
2022 89 106 13.4397178649903 465.667823290348
2022 90 107 12.7905174255371 543.765974629402
2022 91 108 14.0134292602539 586.58436243248
2022 92 109 15.1667266845703 589.58112228632
2022 93 110 17.2363372802735 614.757397794723
2022 94 111 15.4955688476563 505.965924097538
2022 95 112 15.798112487793 580.795693327904
2022 96 113 16.888272857666 620.136421134949
2022 97 114 19.5500122070313 618.324127653122
2022 98 115 21.3605972290039 619.92269076252
2022 99 116 18.6915718078614 627.073936226845
2022 100 117 17.3599868774414 641.590131319046
2022 101 118 13.7288948059082 345.183204434395
2022 102 119 11.208814239502 643.731951034546
2022 103 120 10.9402709960938 589.964066748619
2022 104 121 13.1901947021485 307.663689443827
2022 105 122 13.7677551269531 368.458150871754
2022 106 123 15.2828804016114 408.039327489853
2022 107 124 12.7741333007813 611.676063405037
2022 108 125 12.6569610595703 652.601995858192
2022 109 126 16.0314460754395 420.458274590969
2022 110 127 14.1692558288574 634.340949327469
2022 111 128 15.9171043395996 529.659415221214
2022 112 129 13.3506713867188 463.125265300751
2022 113 130 14.4019790649414 659.579572227478
2022 114 131 16.1350608825684 682.872321044922
2022 115 132 16.7583442687989 671.223712833405
2022 116 133 17.1549850463867 658.724638641357
2022 117 134 15.0281044006348 677.947475376129
2022 118 135 14.2119537353516 688.077660169601
2022 119 136 14.9849983215332 674.002281261444
2022 120 137 17.3686920166016 671.958424282074
2022 121 138 16.040544128418 692.481533834457
2022 122 139 17.4124008178711 674.345151845932
2022 123 140 16.9750839233399 700.207193220139
2022 124 141 19.4470039367676 711.544056913376
2022 125 142 18.8194633483887 609.111225349426
2022 126 143 17.980844116211 553.094646585464
2022 127 144 17.4121948242188 646.158747940063
2022 128 145 14.9074913024903 680.654818155289
2022 129 146 12.5499015808106 648.345090490341
2022 130 147 12.4173522949219 683.722805170059
2022 131 148 12.6865020751953 679.817668300629
2022 132 149 15.2509056091309 702.491471632209
2022 133 150 17.0204139709473 706.739471021857
2022 134 151 20.677808380127 700.763781092305
2022 135 152 21.9389625549317 694.636687840123
2022 136 153 18.8344398498535 719.643774802074
2022 137 154 17.6815582275391 712.96895836789
2022 138 155 20.8842140197754 736.346317524098
2022 139 156 25.8495231628418 727.320431024898
2022 140 157 21.1224075317383 724.760073702943
2022 141 158 20.6535202026367 756.615580709331
2022 142 159 20.7389198303223 741.614032509461
2022 143 160 22.2657943725586 734.841265429646
2022 144 161 23.619832611084 741.097475732736
2022 145 162 26.6128440856934 734.59635495095
2022 146 163 23.1968818664551 698.804525909006
2022 147 164 17.9383522033692 554.434958684854
2022 148 165 18.4013763427735 646.906806700647
2022 149 166 18.8854385375977 704.602113796964
2022 150 167 19.5453582763672 760.200122106746
2022 151 168 19.8489128112793 766.434073693663
2022 152 169 22.3651443481446 756.410764670759
2022 153 170 22.3651481628418 735.647241147488
2022 154 171 20.8933311462403 693.278566434354
2022 155 172 18.8560920715332 379.910824097693
2022 156 173 21.5771308898926 344.987289766997
2022 157 174 21.2106376647949 603.03755835864
2022 158 175 21.7149482727051 751.900066550553
2022 159 176 21.9553581237793 697.918427730888
2022 160 177 22.5737968444824 703.70264435038
2022 161 178 27.5821968078614 739.654778369635
2022 162 179 27.6182151794434 732.432287158757
2022 163 180 24.6838775634766 604.262101916075
2022 164 181 20.5223899841309 659.686442138851
2022 165 182 22.2058883666992 769.965166062295
2022 166 183 24.0223365783692 765.841841610193
2022 167 184 21.668603515625 760.298084764123
2022 168 185 17.5006271362305 753.650006718576
2022 169 186 16.9841857910156 708.42707567811
2022 170 187 19.2883430480957 748.173040235877
2022 171 188 22.9540382385254 763.112269859731
2022 172 189 25.7032104492188 764.69301194042
2022 173 190 28.4975028991699 754.424808551609
2022 174 191 27.0647407531739 687.841672789931
2022 175 192 26.2020431518555 750.577563753605
2022 176 193 24.4382072448731 754.981399806201
2022 177 194 23.6726509094239 758.877631705463
2022 178 195 23.1412254333496 760.560803497851
2022 179 196 23.6667839050293 764.826601424456
2022 180 197 21.9059844970703 754.469338820636
2022 181 198 19.6279273986817 752.888581367433
2022 182 199 18.9004112243653 760.565259007037
2022 183 200 18.4228187561035 752.055902457476
2022 184 201 17.1130996704102 705.096380513966
2022 185 202 18.8987937927246 649.698737183094
2022 186 203 23.4716926574707 593.958253886759
2022 187 204 21.1997123718262 592.088055040061
2022 188 205 20.0557304382324 718.659686970174
2022 189 206 21.351895904541 743.417401159704
2022 190 207 22.1708770751953 733.385189182699
2022 191 208 22.365552520752 741.026241523445
2022 192 209 26.1848388671875 746.334024472296
2022 193 210 23.9191375732422 720.961805410027
2022 194 211 21.9142776489258 708.618561076701
2022 195 212 22.1324287414551 739.00912150532
2022 196 213 21.8424354553223 741.890098098338
2022 197 214 22.9176155090332 737.040977878094
2022 198 215 25.3334785461426 730.566559162259
2022 199 216 25.5210739135742 726.153797947317
2022 200 217 24.3354049682617 712.54150161776
2022 201 218 23.0434852600098 737.076589536995
2022 202 219 22.2384658813477 735.86095787996
2022 203 220 22.4655204772949 742.099367606401
2022 204 221 22.0864921569824 741.760949128985
2022 205 222 21.3747573852539 731.314628129184
2022 206 223 21.3223472595215 703.35531598863
2022 207 224 21.40126953125 685.023039398879
2022 208 225 21.2403961181641 652.081000338718
2022 209 226 21.4939590454102 689.026114024103
2022 210 227 21.0226417541504 686.634948418394
2022 211 228 21.6398635864258 666.463650001109
2022 212 229 21.0103012084961 651.577842842773
2022 213 230 22.0824447631836 573.27931265647
2022 214 231 24.7982231140137 560.922720326081
2022 215 232 24.3044410705567 646.243350984365
2022 216 233 25.2059913635254 652.504042962205
2022 217 234 22.7366996765137 607.543814251292
2022 218 235 22.0897270202637 642.90818254444
2022 219 236 21.2834945678711 676.633882439889
2022 220 237 21.3974357604981 591.589342772145
2022 221 238 21.9608207702637 648.728027734961
2022 222 239 21.7234359741211 676.001594579901
2022 223 240 22.2692276000977 681.580985454559
2022 224 241 21.9786239624024 687.529981319427
2022 225 242 22.0777908325196 688.197904483795
2022 226 243 23.0487533569336 687.351857723236
2022 227 244 23.9984565734864 686.171858452797
2022 228 245 25.0477348327637 680.10711108017
2022 229 246 26.8935333251953 592.755990615845
2022 230 247 24.4311271667481 612.433039295197
2022 231 248 23.4478240966797 660.443418848038
2022 232 249 23.9379516601563 658.417393985748
2022 233 250 24.4436698913574 635.191446557045
2022 234 251 22.1816040039063 643.798743350983
2022 235 252 23.7560287475586 636.309096923828
2022 236 253 24.5244155883789 639.399361484528
2022 237 254 22.5185447692871 614.414551403046
2022 238 255 21.8539672851563 617.028352682114
2022 239 256 22.449536895752 608.893035435677
2022 240 257 21.197282409668 597.881182992935
2022 241 258 21.8321090698242 594.350084103584
2022 242 259 22.5043846130371 594.091831904411
2022 243 260 22.1486145019531 608.955375267029
2022 244 261 23.9600120544434 616.48063351059
2022 245 262 24.9928985595703 610.518312447548
2022 246 263 24.7569328308106 603.077636300087
2022 247 264 25.6544395446778 597.850026685715
2022 248 265 28.6264129638672 591.927756819725
2022 249 266 31.1647125244141 589.977413115501
2022 250 267 30.2888694763184 581.191985669136
2022 251 268 29.4310241699219 577.26905297184
2022 252 269 28.246167755127 577.393716506004
2022 253 270 25.1369834899903 503.824111942291
2022 254 271 23.6382461547852 314.458695276022
2022 255 272 23.5530563354492 490.198443603992
2022 256 273 21.4973960876465 484.694766305923
2022 257 274 19.2691284179688 547.012080200195
2022 258 275 19.390340423584 537.086725345135
2022 259 276 18.9635482788086 539.206274066925
2022 260 277 19.3804298400879 542.229756895542
2022 261 278 18.9277359008789 358.483815404654
2022 262 279 19.2130714416504 243.894742683888
2022 263 280 18.7257667541504 372.59481696558
2022 264 281 19.903150177002 409.108009088993
2022 265 282 19.3205314636231 498.574218733788
2022 266 283 20.6595893859864 521.769005319118
2022 267 284 22.6502891540528 524.129005876064
2022 268 285 22.3254829406739 498.89929349041
2022 269 286 20.835652923584 488.880415279865
2022 270 287 19.301099395752 495.532934029102
2022 271 288 19.3573585510254 491.169177587509
2022 272 289 20.4048133850098 488.871506277561
2022 273 290 21.3045402526856 488.938295569897
2022 274 291 20.2831893920899 479.061934179306
2022 275 292 19.2053771972656 462.181260844231
2022 276 293 18.7281967163086 470.427899794102
2022 277 294 19.2298637390137 464.380945981264
2022 278 295 19.4130073547364 464.99546301341
2022 279 296 20.103890991211 461.072510407448
2022 280 297 20.8720832824707 454.143909862041
2022 281 298 20.9479728698731 446.436065456867
2022 282 299 19.6562553405762 435.406407861948
2022 283 300 19.4379020690918 435.838332684278
2022 284 301 18.7522750854492 434.377796108484
2022 285 302 18.4616790771485 414.411318006039
2022 286 303 17.2458549499512 402.557906569004
2022 287 304 16.9133621215821 419.376225456238
2022 288 305 17.2891593933106 389.827268879414
2022 289 306 16.9839874267578 367.928251468897
2022 290 307 15.9082008361817 398.305441337824
2022 291 308 18.0174766540528 356.791740658164
2022 292 309 19.4219146728516 391.269971952081
2022 293 310 19.3715263366699 400.620913515806
2022 294 311 17.8507247924805 395.357677468538
2022 295 312 18.2323966979981 343.998769941449
2022 296 313 15.5368553161621 391.639563495278
2022 297 314 14.9433113098145 390.824688666463
2022 298 315 15.4591461181641 365.323355159998
2022 299 316 14.1382919311524 362.518072451472
2022 300 317 13.080712890625 373.467571706414
2022 301 318 13.3705078125 352.966756080508
2022 302 319 13.9840866088867 319.806537549198
2022 303 320 14.7949691772461 350.695812344491
2022 304 321 13.8353477478028 274.70830538708
2022 305 322 13.8859344482422 169.416740471393
2022 306 323 10.80751953125 229.699122391135
2022 307 324 10.0913406372071 321.734619647026
2022 308 325 10.1504341125489 297.288602220178
2022 309 326 13.4872718811035 171.89251559487
2022 310 327 15.3049446105957 187.303750376582
2022 311 328 13.0499549865723 266.181141850404
2022 312 329 11.0376106262207 113.961220882624
2022 313 330 9.87075958251955 243.289151444107
2022 314 331 10.082837677002 287.906485259593
2022 315 332 9.30473480224612 296.300071857527
2022 316 333 9.7521682739258 269.338198499158
2022 317 334 10.2506004333496 311.9873769769
2022 318 335 8.66464767456057 312.900205682173
2022 319 336 9.95352706909182 306.434711608917
2022 320 337 9.98064193725588 308.18022148041
2022 321 338 9.61942062377932 274.289735334538
2022 322 339 9.49030075073244 285.043315399712
2022 323 340 10.0893188476563 299.212216381654
2022 324 341 9.26810989379885 297.573569979567
2022 325 342 8.94290313720705 288.418553328957
2022 326 343 8.57095489501955 277.046034221854
2022 327 344 9.41219100952151 277.696151639461
2022 328 345 10.034066772461 279.241283163786
2022 329 346 10.2765098571778 265.161439926147
2022 330 347 9.8952461242676 257.800917330503
2022 331 348 9.70684204101565 265.210423562288
2022 332 349 10.3153549194336 259.29706320262
2022 333 350 8.94128189086916 262.178045087814
2022 334 351 7.03497467041018 266.279099113226
2022 335 352 9.68781814575198 106.070813784122
2022 336 353 5.89038238525393 183.011219142854
2022 337 354 7.60585937500002 118.342801408529
2022 338 355 10.2801490783692 125.961589276284
2022 339 356 11.1132942199707 189.654839411139
2022 340 357 9.65219650268557 200.680045655012
2022 341 358 7.95959625244143 229.400784564257
2022 342 359 8.09518203735354 204.175510929227
2022 343 360 10.2180191040039 123.129594208837
2022 344 361 11.4603515625 62.0946834658384
2022 345 362 11.1165367126465 116.169823117733
2022 346 363 8.17956695556643 208.989015237927
2022 347 364 6.67718658447268 223.37165152812
2022 348 365 6.20040664672854 229.45422270155
2022 349 366 7.05217895507815 217.5562604568
2022 350 367 6.24594650268557 226.822600141764
2022 351 368 6.29370269775393 230.411576801062
2022 352 369 5.33549270629885 218.691731600285
2022 353 370 5.20334396362307 173.767154546738
2022 354 371 6.19656524658205 178.963601805687
2022 355 372 7.70683822631838 229.921766648531
2022 356 373 7.83756790161135 167.933951519012
2022 357 374 7.90333709716799 118.694576837182
2022 358 375 8.29572830200198 155.096443099022
2022 359 376 9.24342117309573 194.677630049467
2022 360 377 8.67091903686526 129.087478033304
2022 361 378 12.0207153320313 52.9619330759048
2022 362 379 8.96819839477541 173.687002002954
2022 363 380 10.156095123291 94.4979119315147
2022 364 381 12.1552864074707 28.604965854764
2022 365 382 15.2118507385254 27.5674570378959
2023 1 383 11.1790061950684 170.74965345341
2023 2 384 9.06467208862307 182.650422757149
2023 3 385 8.76949081420901 101.13212844193
2023 4 386 10.599984741211 78.2997105859519
2023 5 387 14.3601394653321 61.6866411051751
2023 6 388 11.0300270080567 102.674738495827
2023 7 389 12.3426261901856 120.096899337769
2023 8 390 13.255086517334 145.738913215697
2023 9 391 14.4646545410156 89.9559822480679
2023 10 392 12.7145362854004 125.524934791088
2023 11 393 11.3974548339844 64.1939385781289
2023 12 394 13.0682769775391 159.257870187432
2023 13 395 13.7047973632813 138.372615279675
2023 14 396 13.4228759765625 56.8632050179244
2023 15 397 10.8849006652832 101.434425415874
2023 16 398 9.80507049560549 126.636323630214
2023 17 399 8.1769958496094 239.291352426529
2023 18 400 6.64810333251955 254.459613304138
2023 19 401 9.31410751342776 202.313152317047
2023 20 402 7.42120895385744 239.340251639843
2023 21 403 6.86205062866213 294.282976079464
2023 22 404 7.1668525695801 296.559111756325
2023 23 405 10.2823616027832 303.458619943619
2023 24 406 8.45208129882815 306.24598649025
2023 25 407 8.09278640747073 304.076545641899
2023 26 408 11.190763092041 310.989409268379
2023 27 409 9.08219299316409 307.864183073044
2023 28 410 8.64402160644534 288.108086402893
2023 29 411 9.11254653930666 256.442338076592
2023 30 412 6.45102844238284 285.849742017746
2023 31 413 5.70335922241213 335.124374318123
2023 32 414 5.70656356811526 323.637034370422
2023 33 415 7.18181762695315 281.40861948967
2023 34 416 10.804532623291 151.215851851463
2023 35 417 9.27990875244143 140.982161144257
2023 36 418 12.5223823547364 197.769793997765
2023 37 419 8.54612884521487 318.271240465164
2023 38 420 8.41361007690432 340.112296690941
2023 39 421 9.03902206420901 310.042509738922
2023 40 422 9.34894714355471 354.898231534958
2023 41 423 10.0448966979981 328.913917682648
2023 42 424 9.83029708862307 312.77207361412
2023 43 425 8.91548309326174 356.378605710983
2023 44 426 10.3528991699219 378.766468837738
2023 45 427 10.7254463195801 389.360246337891
2023 46 428 7.78712997436526 385.990504419327
2023 47 429 6.0628715515137 359.943964643478
2023 48 430 8.24796066284182 359.277115169921
2023 49 431 8.43220672607424 404.186219679113
2023 50 432 9.72150192260744 407.000235010615
2023 51 433 10.5052925109864 399.77175211799
2023 52 434 11.9303108215332 397.700112253759
2023 53 435 8.49846801757815 407.004698050521
2023 54 436 6.51836166381838 352.937734993532
2023 55 437 6.77249679565432 224.45650973594
2023 56 438 6.66391525268557 247.057754390474
2023 57 439 8.6893363952637 163.232207684062
2023 58 440 7.66252288818362 153.812059633941
2023 59 441 7.13628921508791 102.327985989109
2023 60 442 7.35045394897463 323.236940355897
2023 61 443 7.85468063354494 462.529779882848
2023 62 444 8.42728958129885 412.139315047056
2023 63 445 10.4067588806153 331.278963275269
2023 64 446 8.61858901977541 336.280226218775
2023 65 447 7.37482223510744 389.404713478804
2023 66 448 8.04469833374026 411.752550924361
2023 67 449 8.40206680297854 327.615817555785
2023 68 450 9.05740890502932 337.289353987098
2023 69 451 11.5725074768067 72.7116405603737
2023 70 452 11.8610626220703 220.522186133206
2023 71 453 14.2224899291992 190.634662519991
2023 72 454 14.8650032043457 331.95024941349
2023 73 455 15.7975555419922 137.456827845708
2023 74 456 11.0238319396973 256.206727197528
2023 75 457 11.0546089172364 441.488922333479
2023 76 458 11.6253067016602 504.660380523443
2023 77 459 13.3717895507813 516.801231272936
2023 78 460 14.953702545166 222.167043255687
2023 79 461 12.7730995178223 317.048710612655
2023 80 462 11.1208702087403 179.040632972956
2023 81 463 10.7481132507324 299.804362514496
2023 82 464 11.4891487121582 370.635524441719
2023 83 465 10.4956756591797 509.390461722851
2023 84 466 10.3526817321778 548.947096247196
2023 85 467 9.61548767089846 583.217949545383
2023 86 468 9.08946380615237 582.684471874714
2023 87 469 11.9950805664063 287.218973416329
2023 88 470 8.52796325683596 216.374470162392
2023 89 471 8.93706283569338 372.195933473587
2023 90 472 10.9302192687989 416.36705267477
2023 91 473 11.3059745788574 579.674826829434
2023 92 474 12.9601226806641 485.81563834858
2023 93 475 10.4644714355469 575.411529015541
2023 94 476 9.57658157348635 606.468252581597
2023 95 477 9.75099716186526 559.260801145554
2023 96 478 11.5468612670899 587.258961300373
2023 97 479 14.2733627319336 370.395468007803
2023 98 480 13.8236404418946 354.635952744961
2023 99 481 14.7269226074219 547.533395943642
2023 100 482 16.9216133117676 615.074863912582
2023 101 483 16.9102912902832 488.963089168072
2023 102 484 13.2621398925781 613.710052742004
2023 103 485 12.9428115844727 652.181968354225
2023 104 486 12.7733169555664 652.559844926834
2023 105 487 13.0763984680176 645.549185897827
2023 106 488 13.4662643432617 654.72039794159
2023 107 489 13.2307220458985 564.937789182663
2023 108 490 11.9010330200196 591.73564171505
2023 109 491 11.6323562622071 614.408029424667
2023 110 492 13.6199546813965 662.811319365501
2023 111 493 16.9998527526856 651.381763944626
2023 112 494 19.3253684997559 651.359533776283
2023 113 495 18.3962303161621 647.131807961464
2023 114 496 17.0988136291504 666.790088060379
2023 115 497 17.4322525024414 683.412070701599
2023 116 498 18.6745277404785 683.647666334152
2023 117 499 20.5580192565918 681.931672332764
2023 118 500 21.2142082214356 679.259897016525
2023 119 501 20.2773757934571 668.394944324494
2023 120 502 17.4662414550781 657.196564308167
2023 121 503 14.3396240234375 502.535410344124
2023 122 504 12.8395744323731 452.767329393387
2023 123 505 12.7215896606446 433.171282274246
2023 124 506 13.8234268188477 457.208434784889
2023 125 507 13.7787605285645 386.221686880112
2023 126 508 14.3458114624024 348.34992633915
2023 127 509 14.1557975769043 558.82069965744
2023 128 510 14.9419418334961 441.088826932907
2023 129 511 15.1093002319336 577.749884063721
2023 130 512 15.0507331848145 598.23505324173
2023 131 513 15.1272598266602 700.087354135513
2023 132 514 17.1911521911621 705.275336935043
2023 133 515 20.2059837341309 711.636927197852
2023 134 516 23.0977073669434 710.036546873326
2023 135 517 20.3970733642578 692.267625444646
2023 136 518 20.8775688171387 718.056328466091
2023 137 519 21.3715187072754 721.110433243631
2023 138 520 19.7661109924317 719.856786155052
2023 139 521 19.3689743041992 730.117156897161
2023 140 522 18.2186141967774 715.153383998264
2023 141 523 17.8885932922364 710.489980219133
2023 142 524 20.4359718322754 729.712603920147
2023 143 525 19.6829544067383 727.64985679777
2023 144 526 16.8594223022461 736.763250577077
2023 145 527 16.8658309936524 713.997526407734
2023 146 528 16.6037879943848 698.83815665558
2023 147 529 16.6950546264649 693.832461308912
2023 148 530 17.0272117614746 579.777089821801
2023 149 531 17.1413513183594 643.17969492361
2023 150 532 17.2388168334961 693.285650974318
2023 151 533 17.0306335449219 700.927567231491
2023 152 534 17.3281570434571 737.625710820466
2023 153 535 18.277604675293 739.057183798611
2023 154 536 20.0155464172364 750.406687447578
2023 155 537 22.3656364440918 749.077458387911
2023 156 538 21.3751502990723 691.929748569787
2023 157 539 18.5454193115235 591.086578956693
2023 158 540 18.5428634643555 486.500255181909
2023 159 541 19.6523948669434 513.916046706021
2023 160 542 19.3689781188965 687.604214311004
2023 161 543 17.1402870178223 623.112424975306
2023 162 544 18.9555908203125 642.246153951943
2023 163 545 18.7728401184082 548.982643612444
2023 164 546 19.4467750549317 658.988114660442
2023 165 547 20.1799064636231 691.698592443883
2023 166 548 21.0017524719239 728.352258228838
2023 167 549 21.6508842468262 742.035701958656
2023 168 550 22.010400390625 735.291779433906
2023 169 551 21.9962898254395 740.128549413621
2023 170 552 17.8041625976563 759.684584964037
2023 171 553 17.5237327575684 772.30110453856
2023 172 554 18.7585235595703 774.079322825432
2023 173 555 18.6747413635254 738.870470053792
2023 174 556 18.1395278930664 727.285327647328
2023 175 557 18.4646316528321 735.527382185698
2023 176 558 17.7366233825684 728.156647830129
2023 177 559 17.8603759765625 748.059443526268
2023 178 560 18.1254211425781 729.308050443053
2023 179 561 18.990438079834 725.204802684188
2023 180 562 20.1023231506348 738.34588147676
2023 181 563 24.5353370666504 747.059194755495
2023 182 564 26.6618553161621 749.739865087569
2023 183 565 28.3493515014649 748.588458946526
2023 184 566 26.1593490600586 739.154968238771
2023 185 567 21.4867263793946 736.065312656462
2023 186 568 20.6106010437012 732.291030412495
2023 187 569 19.2383743286133 730.57948706913
2023 188 570 18.7200485229492 736.243138000667
2023 189 571 18.2468315124512 754.145416246593
2023 190 572 17.2877632141114 736.656561119497
2023 191 573 17.7374778747559 752.424994456947
2023 192 574 21.6284461975098 760.053589831591
2023 193 575 22.2267051696778 753.105158238173
2023 194 576 22.5483833312989 748.539552550972
2023 195 577 23.4614959716797 740.40417872864
2023 196 578 24.5432411193848 745.34320088011
2023 197 579 26.8593574523926 710.721167712212
2023 198 580 27.0106788635254 683.091965330869
2023 199 581 24.6676422119141 726.845218094945
2023 200 582 21.7167144775391 722.63081779331
2023 201 583 22.180322265625 737.158918110639
2023 202 584 24.8437705993653 734.007029485554
2023 203 585 25.4330535888672 727.912142376244
2023 204 586 26.2183395385742 636.831446878403
2023 205 587 22.7093292236328 682.300659087211
2023 206 588 22.4323249816895 726.107252965331
2023 207 589 23.8699584960938 715.197834408179
2023 208 590 22.4955955505371 716.860472647533
2023 209 591 21.2747016906739 720.599190389678
2023 210 592 22.261548614502 716.091399879828
2023 211 593 22.3440452575684 718.318625585765
2023 212 594 23.0021606445313 719.550053052947
2023 213 595 21.8964744567871 677.179359445088
2023 214 596 20.1228385925293 687.546443731271
2023 215 597 19.4863182067871 694.632668191344
2023 216 598 19.9178596496582 691.222898866899
2023 217 599 22.4222808837891 691.969770963062
2023 218 600 25.2152534484864 696.975472629629
2023 219 601 26.8358436584473 697.820133948205
2023 220 602 24.1292320251465 667.843691526089
2023 221 603 21.0118003845215 651.363985657926
2023 222 604 21.5829139709473 650.483762251296
2023 223 605 22.0215126037598 643.050791378975
2023 224 606 22.7576385498047 643.210813713074
2023 225 607 25.0765357971192 642.210566013336
2023 226 608 26.6802383422852 574.429061015129
2023 227 609 26.8234497070313 630.260893401146
2023 228 610 27.2750869750977 631.025524299622
2023 229 611 26.5423789978028 587.494566509247
2023 230 612 24.1888595581055 616.715257398605
2023 231 613 23.2389923095703 621.956591392517
2023 232 614 24.1014457702637 602.240517694473
2023 233 615 26.2670799255371 465.628338104248
2023 234 616 23.3422332763672 524.700980859757
2023 235 617 25.2806564331055 609.726835594177
2023 236 618 27.2923980712891 634.19077245903
2023 237 619 23.0235382080078 615.123759597778
2023 238 620 21.6547294616699 631.025534379959
2023 239 621 22.010400390625 643.446432530403
2023 240 622 23.1355339050293 642.583985060692
2023 241 623 22.6208396911621 641.570403090477
2023 242 624 24.2955223083496 637.68498235321
2023 243 625 24.1869369506836 628.273713119507
2023 244 626 21.4595848083496 430.228314629555
2023 245 627 19.6750579833985 336.595853604317
2023 246 628 21.0421501159668 410.538906448364
2023 247 629 20.3060203552246 479.729663801193
2023 248 630 21.5974479675293 589.490626560211
2023 249 631 21.9219070434571 583.853666535378
2023 250 632 21.4841667175293 578.785710314751
2023 251 633 21.9582458496094 581.733126412392
2023 252 634 23.1017700195313 557.153603357315
2023 253 635 21.7336059570313 566.756021999359
2023 254 636 21.9667945861817 583.084560975075
2023 255 637 21.5897499084473 567.445078591347
2023 256 638 21.3899017333985 556.091096972942
2023 257 639 22.130948638916 541.972007201195
2023 258 640 21.5694519042969 529.76004571867
2023 259 641 20.9121871948242 480.44095912981
2023 260 642 19.9905334472656 503.962440382004
2023 261 643 19.8193260192871 518.659466145039
2023 262 644 19.8385673522949 514.622891754627
2023 263 645 19.9561210632324 511.444315876961
2023 264 646 19.0975242614746 506.23411550951
2023 265 647 18.8008476257324 511.706605251312
2023 266 648 18.451806640625 508.67918151474
2023 267 649 18.4394050598145 504.104696121216
2023 268 650 18.6668258666992 493.17749583292
2023 269 651 20.9966217041016 437.456808744431
2023 270 652 20.3541122436524 471.211966087341
2023 271 653 19.3830810546875 491.119209354401
2023 272 654 19.8808837890625 481.863530634403
2023 273 655 17.9809356689453 337.204890460968
2023 274 656 17.3792510986328 342.655165154934
2023 275 657 18.054029083252 444.831994451046
2023 276 658 18.7888809204102 470.078344433785
2023 277 659 21.3683181762696 467.17983032155
2023 278 660 23.8225036621094 461.991873226881
2023 279 661 23.9366432189942 460.635975594759
2023 280 662 23.8569160461426 457.501852997541
2023 281 663 23.8043380737305 449.833257646561
2023 282 664 19.9338966369629 371.533541642427
2023 283 665 19.2311149597168 250.591980078459
2023 284 666 18.1803489685059 400.13629322505
2023 285 667 17.1774726867676 445.676656677246
2023 286 668 17.5812355041504 433.798105130434
2023 287 669 19.6645790100098 378.02851252842
2023 288 670 19.1058555603028 382.091738827229
2023 289 671 19.5032020568848 393.748016789556
2023 290 672 19.9535575866699 345.113552074194
2023 291 673 19.8411270141602 404.026166825414
2023 292 674 21.4954963684082 402.332408914566
2023 293 675 20.6234260559082 385.639319194436
2023 294 676 18.4022155761719 376.62815569365
2023 295 677 17.6720710754395 291.531176617742
2023 296 678 17.9358345031739 297.497112615824
2023 297 679 17.6085945129395 371.742478562355
2023 298 680 16.8825088500977 354.45811795044
2023 299 681 14.0429435729981 337.662785634875
2023 300 682 12.1530319213867 380.251285544515
2023 301 683 12.0497947692871 377.059383523643
2023 302 684 14.1681991577149 381.04705032146
2023 303 685 13.3136573791504 375.481197816551
2023 304 686 13.3786369323731 327.149027051032
2023 305 687 14.1859336853028 336.009035386622
2023 306 688 14.7647491455078 337.178221731007
2023 307 689 17.4271255493164 330.812175211847
2023 308 690 17.9837051391602 321.738773596615
2023 309 691 18.1036163330078 254.0550778929
2023 310 692 18.9102836608887 193.626528889731
2023 311 693 14.812631225586 259.883201123536
2023 312 694 13.2704788208008 322.507865926474
2023 313 695 11.8014274597168 330.73659228982
2023 314 696 12.2199378967285 276.87859262152
2023 315 697 13.0533157348633 304.79674011299
2023 316 698 13.6748710632324 300.102228471324
2023 317 699 14.3704010009766 284.658330655441
2023 318 700 14.4918075561524 272.397465990469
2023 319 701 14.0420890808106 195.249151693605
2023 320 702 15.4226509094239 177.417997070549
2023 321 703 15.4771514892578 186.282454615114
2023 322 704 16.7123695373535 138.99944169056
2023 323 705 13.4564376831055 223.674087772165
2023 324 706 12.4856163024903 292.909296128507
2023 325 707 10.7705474853516 270.970448262611
2023 326 708 11.218766784668 259.865422252097
2023 327 709 12.6961494445801 270.085769103646
2023 328 710 12.8615852355957 287.779122148037
2023 329 711 9.08817825317385 284.324910529137
2023 330 712 9.14290771484377 276.642981915712
2023 331 713 8.69703445434573 256.891343778849
2023 332 714 9.41884384155276 273.157658343077
2023 333 715 10.5679183959961 216.54340553093
2023 334 716 10.2244354248047 216.485614451885
2023 335 717 10.7761093139649 253.00147332859
2023 336 718 12.3554512023926 163.983508572579
2023 337 719 13.8345390319824 133.673651578188
2023 338 720 12.9639717102051 154.523343653679
2023 339 721 11.0732055664063 191.114781121016
2023 340 722 11.5575500488281 213.684902168393
2023 341 723 11.7477775573731 170.789666030169
2023 342 724 9.34958801269534 184.971011588454
2023 343 725 8.21418914794924 243.905846427679
2023 344 726 7.65995941162112 233.463218548536
2023 345 727 7.92820892333987 226.994923385739
2023 346 728 8.69275817871096 220.090966115475
2023 347 729 8.96527633666994 222.833883413792
2023 348 730 8.06777725219729 210.924211344957
2023 349 731 9.01722106933596 213.636003711104
2023 350 732 9.69563827514651 236.97521494627
2023 351 733 10.5978446960449 131.793178221464
2023 352 734 11.2179161071778 73.4940579781533
2023 353 735 15.4647575378418 107.578191168308
2023 354 736 14.8277984619141 96.7932568255664
2023 355 737 12.308854675293 132.415557538867
2023 356 738 11.9061599731446 205.522853252888
2023 357 739 11.1591239929199 215.898793147087
2023 358 740 8.69190368652346 231.58719566083
2023 359 741 9.41542205810549 222.469338087559
2023 360 742 10.1571060180664 208.79034488976
2023 361 743 10.8690849304199 174.519490961552
2023 362 744 13.1836944580078 83.5054659655691
2023 363 745 14.570027923584 100.652005619764
2023 364 746 13.7026687622071 132.059915166736
2023 365 747 11.4203239440918 115.971419394493
2024 1 748 11.0431495666504 160.547461091876
2024 2 749 9.64849624633791 191.10031709671
2024 3 750 10.8370300292969 165.705276339292
2024 4 751 8.93757019042971 201.345104491472
2024 5 752 9.82825622558596 219.125166457176
2024 6 753 8.44999084472659 175.153149042606
2024 7 754 6.54533920288088 188.107453041315
2024 8 755 6.15365371704104 217.646440920353
2024 9 756 9.03616104125979 139.455760651112
2024 10 757 8.88360748291018 98.1401311695575
2024 11 758 8.32669219970705 209.531186821699
2024 12 759 6.60739669799807 213.95406973505
2024 13 760 8.40598068237307 98.3880598430633
2024 14 761 11.0811325073242 115.061301252603
2024 15 762 10.7280593872071 156.788676736832
2024 16 763 9.83323059082034 175.662292778492
2024 17 764 12.1411834716797 144.733118369222
2024 18 765 10.6078735351563 159.263538707733
2024 19 766 10.9127975463867 201.269837887287
2024 20 767 14.1151710510254 158.904923896074
2024 21 768 13.5134292602539 120.44490270412
2024 22 769 14.6969886779785 90.8926267981528
2024 23 770 13.6641212463379 172.651719082117
2024 24 771 12.881795501709 124.531310377121
2024 25 772 12.8068595886231 163.894501712322
2024 26 773 11.2984634399414 218.549618497848
2024 27 774 12.279428100586 182.272256878853
2024 28 775 13.1462379455567 226.793259051323
2024 29 776 13.560750579834 277.539060163498
2024 30 777 14.2880722045899 284.047207814693
2024 31 778 15.667367553711 196.638873874664
2024 32 779 13.0121437072754 133.443479167223
2024 33 780 11.1606346130371 238.264422073364
2024 34 781 9.26427993774416 233.080047026634
2024 35 782 11.2353569030762 107.804942816734
2024 36 783 13.6844612121582 193.243124685287
2024 37 784 11.1450630187989 212.023762213707
2024 38 785 9.84132156372073 178.810100441933
2024 39 786 8.00559005737307 217.677430902004
2024 40 787 7.43352661132815 239.473079239368
2024 41 788 8.95562896728518 332.862696869373
2024 42 789 8.6407524108887 355.012525425911
2024 43 790 9.58124694824221 320.749584184646
2024 44 791 10.1196800231934 334.128915786743
2024 45 792 11.3161026000977 278.84954133892
2024 46 793 12.4018951416016 192.658724425554
2024 47 794 12.1754318237305 257.908380028725
2024 48 795 12.2152877807617 163.779391841672
2024 49 796 13.3197647094727 217.920940127157
2024 50 797 15.5637870788574 201.721421201742
2024 51 798 13.7579399108887 292.335118830277
2024 52 799 11.7304092407227 259.913947489811
2024 53 800 11.6558891296387 317.747870652128
2024 54 801 12.1582122802735 336.236311645739
2024 55 802 12.2283683776856 380.022381744027
2024 56 803 13.8137718200684 390.816162449226
2024 57 804 13.3650146484375 361.330286010042
2024 58 805 11.7920585632324 365.9789672869
2024 59 806 10.5175872802735 441.247624096483
2024 60 807 13.0162979125977 304.479233705282
2024 61 808 12.6119590759278 183.604879610151
2024 62 809 10.8723159790039 305.510800635695
2024 63 810 8.99216232299807 283.799282732308
2024 64 811 9.29105911254885 380.500528316021
2024 65 812 11.276872253418 267.976076526374
2024 66 813 12.9725051879883 279.699585142314
2024 67 814 11.7158790588379 269.242292388141
2024 68 815 11.565389251709 446.48513666594
2024 69 816 12.6412216186524 428.718348614693
2024 70 817 12.5490623474121 329.865417689145
2024 71 818 12.8103881835938 305.873825406015
2024 72 819 12.7491622924805 209.234563565731
2024 73 820 11.6994834899903 410.76561538136
2024 74 821 14.2681480407715 524.303910820484
2024 75 822 16.3953147888184 531.245934091329
2024 76 823 14.5330024719239 525.003427526712
2024 77 824 13.8982559204102 525.30005254674
2024 78 825 14.1286636352539 514.506289718389
2024 79 826 15.0527549743653 521.607675565243
2024 80 827 14.6430183410645 539.865906657696
2024 81 828 14.6029602050781 535.48286627841
2024 82 829 15.3692985534668 498.430730799317
2024 83 830 13.6452270507813 390.997672172546
2024 84 831 11.810319519043 409.145207046509
2024 85 832 12.6966415405274 406.568519554138
2024 86 833 12.6300064086914 425.884860995769
2024 87 834 13.0194107055664 416.003109648704
2024 88 835 13.4789672851563 362.698330685139
2024 89 836 11.5836654663086 286.31398112607
2024 90 837 11.5853172302246 339.233595180988
2024 91 838 12.5619293212891 555.950300866604
2024 92 839 13.2315460205078 511.287633158684
2024 93 840 15.0521369934082 592.271946920395
2024 94 841 15.6455741882324 573.951739896774
2024 95 842 11.0161720275879 411.013540652752
2024 96 843 7.8308158874512 442.646654894352
2024 97 844 8.81468734741213 493.330472515106
2024 98 845 11.5834518432617 553.431173613548
2024 99 846 12.8961158752442 603.782945420265
2024 100 847 14.7422386169434 625.219977685928
2024 101 848 16.5547233581543 616.112996544838
2024 102 849 18.3931671142578 616.303381863594
2024 103 850 17.4507995605469 626.663262268066
2024 104 851 12.4637466430664 285.826993720054
2024 105 852 9.78777847290041 329.112769476891
2024 106 853 13.1638771057129 494.48599773407
2024 107 854 15.2007499694824 533.22492737484
2024 108 855 17.0537200927735 609.702250658989
2024 109 856 18.5106521606446 622.793805761337
2024 110 857 17.4941802978516 632.392207388878
2024 111 858 16.7197471618653 628.398780875206
2024 112 859 17.9994064331055 664.348514388084
2024 113 860 20.3148361206055 661.036885615349
2024 114 861 16.9320846557617 617.78652309227
2024 115 862 15.5411659240723 544.257795305252
2024 116 863 15.2976890563965 536.443600315094
2024 117 864 15.923299407959 465.473847859382
2024 118 865 15.1357856750489 609.126706731796
2024 119 866 16.081674194336 674.518045763016
2024 120 867 16.3330436706543 692.674427141189
2024 121 868 16.7427803039551 707.634299217224
2024 122 869 17.3472267150879 712.615022212982
2024 123 870 18.8680854797364 703.862238931656
2024 124 871 18.4072776794434 688.858102077484
2024 125 872 15.4871994018555 310.02222053957
2024 126 873 11.0819679260254 408.94155600357
2024 127 874 13.4387031555176 708.271836212158
2024 128 875 15.3340126037598 707.771549060821
2024 129 876 18.5131355285645 730.33752570343
2024 130 877 21.0793128967285 729.943507486343
2024 131 878 21.2401748657227 720.05733339119
2024 132 879 22.0492835998535 717.011335624695
2024 133 880 20.8601165771485 706.677985684179
2024 134 881 19.2805191040039 717.750694132589
2024 135 882 18.6497093200684 702.662442956245
2024 136 883 19.6734519958496 694.113296629995
2024 137 884 19.145597076416 682.518188847137
2024 138 885 17.8702941894531 682.181719300603
2024 139 886 18.956918334961 704.561740021236
2024 140 887 17.8140502929688 734.384100091863
2024 141 888 17.8464256286621 738.058746086478
2024 142 889 19.5895858764649 749.423653373211
2024 143 890 20.2488265991211 745.403653144635
2024 144 891 19.6304756164551 736.686290192678
2024 145 892 17.4725929260254 717.697567406848
2024 146 893 15.6239868164063 696.94235406658
2024 147 894 16.5893875122071 730.107311821326
2024 148 895 19.3957229614258 737.102459321454
2024 149 896 18.9438415527344 741.883942524478
2024 150 897 20.3260475158692 747.325103238776
2024 151 898 22.6771789550781 751.956068905205
2024 152 899 23.7283035278321 743.398088241041
2024 153 900 21.4925857543946 749.357251228839
2024 154 901 19.8779045104981 725.595889822632
2024 155 902 21.3321357727051 629.045168910503
2024 156 903 22.0930763244629 689.650567591458
2024 157 904 28.0837226867676 734.587738703698
2024 158 905 27.1430221557617 737.78426630795
2024 159 906 23.7347389221192 749.937238348305
2024 160 907 19.9146438598633 714.253117760062
2024 161 908 20.1738945007324 737.970214734644
2024 162 909 20.3658958435059 742.508201336562
2024 163 910 24.0072723388672 740.657590507239
2024 164 911 25.8272453308106 745.532046805322
2024 165 912 21.2013679504395 748.330100588798
2024 166 913 19.3994499206543 758.105610911548
2024 167 914 20.8468376159668 765.83125032556
2024 168 915 21.6287437438965 765.308834880292
2024 169 916 21.7611747741699 765.995078113079
2024 170 917 23.0748802185059 770.001770791948
2024 171 918 20.7141967773438 736.464927287936
2024 172 919 18.7379356384278 749.645020829856
2024 173 920 19.8683525085449 741.498779584646
2024 174 921 23.2068954467774 755.17472127527
2024 175 922 26.5483375549317 755.573183031142
2024 176 923 25.3645721435547 754.904671238065
2024 177 924 25.902173614502 693.807816001952
2024 178 925 23.4163299560547 721.881376451433
2024 179 926 21.3775840759278 753.018622005641
2024 180 927 22.4540382385254 761.722727400064
2024 181 928 24.1110626220703 749.051771293819
2024 182 929 25.8392807006836 740.812542904079
2024 183 930 25.6296363830567 744.72627420628
2024 184 931 28.2501960754395 757.069617326915
2024 185 932 29.9472785949707 760.934660724878
2024 186 933 29.4416366577149 747.289673797726
2024 187 934 28.3444343566895 755.31640054518
2024 188 935 28.4226852416992 747.692588794708
2024 189 936 28.7029014587403 741.352675298571
2024 190 937 25.7313400268555 744.535908670187
2024 191 938 23.792855834961 740.471635528326
2024 192 939 23.8090530395508 732.945201665401
2024 193 940 28.2346321105957 742.610017659723
2024 194 941 29.6693473815918 739.736716046691
2024 195 942 26.7264266967774 687.724680203617
2024 196 943 23.7972198486328 660.390479876459
2024 197 944 21.9467407226563 674.39406851083
2024 198 945 21.1874557495117 721.376656755179
2024 199 946 19.4775024414063 732.055332842529
2024 200 947 22.8015075683594 729.784117693424
2024 201 948 25.9216896057129 728.517920322776
2024 202 949 26.9616065979004 724.834385403842
2024 203 950 23.4539009094239 718.135873886108
2024 204 951 23.8796211242676 713.363235108226
2024 205 952 28.2585006713867 704.831823977202
2024 206 953 29.7579704284668 682.438495070934
2024 207 954 27.1247535705567 698.460911206603
2024 208 955 25.9081932067871 724.604149612755
2024 209 956 19.784497833252 703.459347182453
2024 210 957 18.1062980651856 697.128298303634
2024 211 958 19.6576705932617 694.170866240874
2024 212 959 20.7636009216309 702.981198074624
2024 213 960 21.8736778259278 688.835950181387
2024 214 961 23.4484992980957 693.475772219732
2024 215 962 25.1713233947754 628.301376077883
2024 216 963 26.360482788086 585.80364849527
2024 217 964 25.1134086608887 686.67542302506
2024 218 965 22.6346298217774 690.416512414679
2024 219 966 22.994760131836 693.391655415868
2024 220 967 26.1551948547364 687.804402474493
2024 221 968 23.8690353393555 680.472769345558
2024 222 969 22.2084899902344 671.990042292379
2024 223 970 22.6609893798828 673.176576622009
2024 224 971 23.1103721618653 651.717408943176
2024 225 972 21.2372718811035 640.618147877693
2024 226 973 20.9742752075196 672.118425447464
2024 227 974 22.3357292175293 665.535036644935
2024 228 975 22.880387878418 662.40934574604
2024 229 976 22.8461395263672 663.715422821998
2024 230 977 22.4544540405274 646.364784998894
2024 231 978 21.1480194091797 609.206398856163
2024 232 979 21.3526779174805 655.63999991703
2024 233 980 22.3749557495117 657.880213807106
2024 234 981 22.7554260253906 650.774387319565
2024 235 982 21.07412109375 633.299806706428
2024 236 983 19.5381141662598 621.895043875694
2024 237 984 20.025479888916 449.048548227787
2024 238 985 20.6284690856934 558.301227607727
2024 239 986 23.1630989074707 636.009315750122
2024 240 987 24.5731101989746 632.339075945854
2024 241 988 26.1251045227051 627.623997060776
2024 242 989 23.4507881164551 604.655124447822
2024 243 990 22.1250434875489 613.651422474861
2024 244 991 22.6887985229492 611.924755412102
2024 245 992 22.1111351013184 602.109416856766
2024 246 993 21.7765289306641 610.919768945694
2024 247 994 22.50966796875 607.842781197548
2024 248 995 25.926042175293 599.616853813171
2024 249 996 25.640225982666 592.068299909591
2024 250 997 26.4673858642578 587.747233193397
2024 251 998 25.6925331115723 585.905460772514
2024 252 999 24.8780303955078 585.440612055778
2024 253 1000 25.188550567627 573.779072787285
2024 254 1001 21.4641433715821 559.071568009376
2024 255 1002 19.073575592041 571.437019263267
2024 256 1003 20.6598182678223 563.04286213398
2024 257 1004 21.8907028198242 565.827635009765
2024 258 1005 22.1248374938965 558.084265479088
2024 259 1006 20.4678207397461 547.029290360451
2024 260 1007 17.5226188659668 455.680644717216
2024 261 1008 17.8165298461914 422.033118666172
2024 262 1009 18.8940216064453 413.771738230705
2024 263 1010 19.8436561584473 457.876577196598
2024 264 1011 20.1994262695313 514.200792741299
2024 265 1012 20.4750762939453 516.711087602615
2024 266 1013 21.6891456604004 507.427019124031
2024 267 1014 22.6450057983399 513.213517427921
2024 268 1015 25.7440086364746 512.64681194067
2024 269 1016 23.2100120544434 483.647951982975
2024 270 1017 19.2782417297364 483.922438061714
2024 271 1018 21.4990097045899 505.997000266075
2024 272 1019 22.9816757202149 496.615541614532
2024 273 1020 19.9692283630371 486.636383965969
2024 274 1021 21.2628036499024 489.531841971874
2024 275 1022 24.545297241211 484.515686085701
2024 276 1023 26.6851249694824 478.764628736496
2024 277 1024 26.9537178039551 473.868030693531
2024 278 1025 26.3083930969239 448.118808960915
2024 279 1026 25.9385009765625 455.454840620518
2024 280 1027 27.2158790588379 454.985559831381
2024 281 1028 27.0442176818848 447.414859174251
2024 282 1029 25.3593765258789 447.49013485074
2024 283 1030 21.8404670715332 442.580242354631
2024 284 1031 20.6195465087891 390.32029869175
2024 285 1032 19.0297752380371 390.997678220749
2024 286 1033 19.2095275878906 405.634363839388
2024 287 1034 20.9651504516602 379.566371341228
2024 288 1035 20.064298248291 381.17347640264
2024 289 1036 19.7031265258789 408.171194937229
2024 290 1037 19.6834083557129 289.098763452172
2024 291 1038 17.7698303222656 312.461664614558
2024 292 1039 18.3186431884766 379.893989367008
2024 293 1040 18.8346649169922 411.642217787027
2024 294 1041 17.0968948364258 406.887287673592
2024 295 1042 18.1264358520508 397.408425870657
2024 296 1043 16.9814888000489 370.388563228607
2024 297 1044 16.4521881103516 382.244883473039
2024 298 1045 17.4667831420899 382.625643526196
2024 299 1046 16.5457969665528 347.818148843408
2024 300 1047 16.6551872253418 360.78131434083
2024 301 1048 19.3263946533203 269.835548161387
2024 302 1049 17.0485282897949 327.328571155786
2024 303 1050 14.0840316772461 355.410975715399
2024 304 1051 12.6978813171387 344.661474830091
2024 305 1052 14.6216407775879 271.16817489332
2024 306 1053 13.3315979003906 294.646188092053
2024 307 1054 14.9498001098633 280.438952572882
2024 308 1055 14.5464988708496 309.791994576812
2024 309 1056 16.1788116455078 338.635923810393
2024 310 1057 15.0498519897461 308.286719132006
2024 311 1058 17.2318130493164 335.452686280638
2024 312 1059 14.034009552002 330.715459570974
2024 313 1060 13.020036315918 326.119921172023
2024 314 1061 12.8662239074707 315.901683433235
2024 315 1062 12.5417953491211 317.221021035701
2024 316 1063 13.1906562805176 163.566880882949
2024 317 1064 10.2078910827637 188.590029165626
2024 318 1065 10.5578514099121 275.785851863421
2024 319 1066 13.0879112243653 211.78026210811
2024 320 1067 11.6415649414063 243.625883248735
2024 321 1068 9.94698104858401 295.363401027687
2024 322 1069 9.00689849853518 197.29854165802
2024 323 1070 12.4618774414063 245.808552612616
2024 324 1071 8.96973953247073 236.285419031418
2024 325 1072 13.0816856384278 95.5545818240865
2024 326 1073 15.2862678527832 111.61242918849
2024 327 1074 16.8185516357422 87.4924554907083
2024 328 1075 14.5195060729981 150.302667963922
2024 329 1076 11.2112747192383 237.600324901104
2024 330 1077 11.7588439941406 164.452343558788
2024 331 1078 13.4131713867188 82.139841469258
2024 332 1079 10.4984909057617 241.983355956078
2024 333 1080 8.2119079589844 269.662884958029
2024 334 1081 8.22519454956057 260.086614963531
2024 335 1082 8.53633270263674 257.607324448347
2024 336 1083 10.1153121948242 215.344242530823
2024 337 1084 11.1398712158203 241.142175604463
2024 338 1085 11.1577239990235 247.849544620275
2024 339 1086 10.9746490478516 252.856823257208
2024 340 1087 11.1741271972656 241.075763694763
2024 341 1088 11.1025177001953 244.8124115026
2024 342 1089 10.4486709594727 230.972648639679
2024 343 1090 11.0524879455567 217.690724473119
2024 344 1091 10.4744087219239 256.633317379236
2024 345 1092 8.44791564941409 254.216004559278
2024 346 1093 7.92359695434573 243.851677465916
2024 347 1094 10.3282791137696 180.731553394794
2024 348 1095 11.3204627990723 95.9264756612479
2024 349 1096 12.8012596130371 108.181260339141
2024 350 1097 8.74162445068362 185.473202789545
2024 351 1098 8.68164215087893 101.199397180319
2024 352 1099 10.4422393798828 119.69668876934
2024 353 1100 9.53183517456057 214.835101819038
2024 354 1101 8.53073654174807 218.24856468153
