Year DOY_disc DOY TA_C PAR_umol_m2_day
2014 71 1 16.5761810302735 517.199210810661
2014 72 2 15.9858680725098 519.835232555747
2014 73 3 14.0683876037598 481.808340156436
2014 74 4 15.1895309448242 516.884137260914
2014 75 5 15.3388420104981 521.517129185438
2014 76 6 14.9519744873047 502.22632703495
2014 77 7 14.1996589660645 537.15567031765
2014 78 8 13.6731925964356 541.868539340734
2014 79 9 15.3077140808106 497.588897241831
2014 80 10 13.8669219970703 506.10491254735
2014 81 11 12.9904762268067 513.511470280409
2014 82 12 13.4578453063965 548.942265245438
2014 83 13 13.5546089172364 559.308804720879
2014 84 14 14.2756057739258 412.37569111824
2014 85 15 12.9837242126465 289.792382152915
2014 86 16 13.2637153625489 417.430263170719
2014 87 17 14.7045074462891 388.496283793449
2014 88 18 15.154428100586 195.756965431333
2014 89 19 11.6587463378906 351.760790490627
2014 90 20 11.1638084411621 325.449512322426
2014 91 21 9.40257415771487 278.094530106544
2014 92 22 9.88065872192385 373.053002579212
2014 93 23 11.3997741699219 439.592262726784
2014 94 24 12.4767013549805 383.823372976303
2014 95 25 11.9137474060059 571.015526078224
2014 96 26 14.5403190612793 609.313088140488
2014 97 27 17.8543754577637 604.325084116936
2014 98 28 19.3080535888672 591.340314062119
2014 99 29 17.9737449645996 568.539273524761
2014 100 30 15.4726844787598 609.326405274391
2014 101 31 16.3477493286133 540.381899982929
2014 102 32 14.3182312011719 503.801706376076
2014 103 33 14.4742904663086 588.509039581299
2014 104 34 15.9866653442383 635.180606162071
2014 105 35 16.3170104980469 640.434864156723
2014 106 36 16.8932548522949 640.337238103867
2014 107 37 17.4897209167481 640.070966996193
2014 108 38 17.0270973205567 642.165590571403
2014 109 39 15.0069061279297 647.84586580658
2014 110 40 15.7663589477539 662.135335963249
2014 111 41 16.8236480712891 561.407845499992
2014 112 42 14.4867835998535 587.372988566399
2014 113 43 13.3684173583985 670.669088630676
2014 114 44 15.272420501709 584.568335248947
2014 115 45 14.3791061401367 415.948066973686
2014 116 46 11.3613105773926 508.492390844345
2014 117 47 13.5560012817383 351.818471693993
2014 118 48 14.2176986694336 579.997480792999
2014 119 49 18.3913513183594 692.910990486145
2014 120 50 22.2104507446289 696.496671379089
2014 121 51 22.4876686096192 694.286676324844
2014 122 52 20.5781188964844 685.823944675446
2014 123 53 17.2608810424805 686.431895879745
2014 124 54 15.9932037353516 625.785933196068
2014 125 55 15.9341140747071 631.324221837044
2014 126 56 15.0128532409668 660.342508621216
2014 127 57 15.4445320129395 686.90229684639
2014 128 58 14.863542175293 520.105937625885
2014 129 59 16.7163749694824 473.767201613426
2014 130 60 15.624585723877 700.690317588806
2014 131 61 17.5335403442383 719.41751255305
2014 132 62 19.1448570251465 736.058993305665
2014 133 63 22.1866622924805 727.463108461839
2014 134 64 24.3391128540039 732.402315663302
2014 135 65 23.905648803711 716.479743491003
2014 136 66 20.5178314208985 690.727638638131
2014 137 67 18.2717796325684 720.531373304553
2014 138 68 17.856160736084 696.887195483431
2014 139 69 16.5589347839356 691.362201516107
2014 140 70 15.7104393005371 641.38453429845
2014 141 71 17.4891220092774 630.086087496042
2014 142 72 17.5226264953614 681.639157105722
2014 143 73 18.1593490600586 644.158110518083
2014 144 74 19.5676132202149 703.375140153661
2014 145 75 20.0435195922852 731.945211219028
2014 146 76 21.6094337463379 744.157828931525
2014 147 77 19.4710479736328 750.632477542058
2014 148 78 18.9925704956055 773.322573900372
2014 149 79 20.0570045471192 779.393365663886
2014 150 80 17.4284454345703 762.152808245152
2014 151 81 15.5169120788574 736.813411108375
2014 152 82 17.7722831726074 739.48935703826
2014 153 83 17.6195999145508 721.046165108681
2014 154 84 15.3259597778321 704.475690031111
2014 155 85 17.7478881835938 746.319020614415
2014 156 86 19.3015075683594 741.215628636777
2014 157 87 17.9612480163574 674.964810921252
2014 158 88 17.6310935974121 729.269264958382
2014 159 89 21.5632301330567 754.799508872867
2014 160 90 24.3583427429199 763.750389813185
2014 161 91 21.8325057983399 736.800092084408
2014 162 92 17.9471755981446 684.062143793285
2014 163 93 16.2067657470703 759.516796989918
2014 164 94 17.312646484375 771.325601169348
2014 165 95 20.2120643615723 766.50623224628
2014 166 96 18.1260276794434 712.246165148377
2014 167 97 16.707852935791 745.67997865659
2014 168 98 16.879972076416 764.096529325128
2014 169 99 20.5289321899414 775.896454365253
2014 170 100 19.8269859313965 780.187743260384
2014 171 101 19.7504402160645 749.860295005977
2014 172 102 19.737752532959 757.33345919925
2014 173 103 17.4056373596192 765.143838718653
2014 174 104 17.3889823913574 764.256291775525
2014 175 105 20.4097724914551 752.558461275876
2014 176 106 19.1176887512207 715.898390570462
2014 177 107 18.5216270446778 607.440374564588
2014 178 108 18.6802536010742 688.810530255616
2014 179 109 19.4438796997071 731.4215620507
2014 180 110 20.8196350097656 756.250646541953
2014 181 111 23.8683715820313 755.944433734894
2014 182 112 20.5691886901856 701.462464197934
2014 183 113 18.3469329833985 705.798121635675
2014 184 114 18.7764335632324 748.608892420709
2014 185 115 19.0879455566406 764.451550559461
2014 186 116 18.6967178344727 771.254598043918
2014 187 117 19.7960525512696 783.19652177465
2014 188 118 20.0447097778321 726.069660992622
2014 189 119 20.6538597106934 623.664705405056
2014 190 120 18.9435935974121 695.014456344426
2014 191 121 18.6322723388672 668.396981686711
2014 192 122 18.7108016967774 691.881420092583
2014 193 123 18.1038261413574 706.237470185578
2014 194 124 18.2711845397949 728.621340049624
2014 195 125 22.5899787902832 718.157190271854
2014 196 126 21.2687698364258 638.149434818178
2014 197 127 20.686181640625 599.119638329685
2014 198 128 18.7744499206543 611.230183237433
2014 199 129 18.5061622619629 660.804032275617
2014 200 130 19.0574127197266 687.159688625753
2014 201 131 19.5065475463867 630.751738867342
2014 202 132 19.3364082336426 523.775932162941
2014 203 133 19.3098350524903 640.732185003549
2014 204 134 19.8930068969727 706.836552330911
2014 205 135 21.2592445373535 726.003090443611
2014 206 136 23.8989082336426 738.37104823643
2014 207 137 24.3276115417481 732.77951437062
2014 208 138 23.0042129516602 643.869664038152
2014 209 139 22.0629249572754 640.585760635257
2014 210 140 21.9195533752442 551.400757031709
2014 211 141 22.3849464416504 657.116291761115
2014 212 142 21.9471183776856 685.380159453988
2014 213 143 21.7186904907227 711.478425473809
2014 214 144 21.4488082885742 700.233222132176
2014 215 145 18.7096115112305 635.300406618528
2014 216 146 17.849813079834 535.061063044235
2014 217 147 19.6984878540039 522.852876998562
2014 218 148 22.5991073608399 502.563588502251
2014 219 149 20.9261184692383 666.071614610039
2014 220 150 19.5741592407227 656.925454144308
2014 221 151 19.7908950805664 690.993887131985
2014 222 152 17.9245658874512 663.204841705781
2014 223 153 19.0776344299317 636.902443088367
2014 224 154 19.5888343811035 621.392583403587
2014 225 155 18.6998916625977 637.736720693588
2014 226 156 19.9382263183594 624.317047580719
2014 227 157 20.1975875854492 663.950375329018
2014 228 158 20.5848518371582 669.932440749168
2014 229 159 19.514478302002 670.198691696167
2014 230 160 19.1020332336426 634.235367872238
2014 231 161 18.2263732910156 603.845814469337
2014 232 162 18.8145080566406 534.430902667046
2014 233 163 18.9188018798828 572.888238079071
2014 234 164 20.3576141357422 644.317873677254
2014 235 165 18.6368309020996 618.929646471977
2014 236 166 19.0627647399903 613.222731928825
2014 237 167 18.6984992980957 558.922722753525
2014 238 168 18.4548049926758 633.742772018433
2014 239 169 20.4301849365235 625.182397179604
2014 240 170 20.7543960571289 604.653489417076
2014 241 171 20.3429389953614 541.282753034592
2014 242 172 21.0879188537598 514.110556079865
2014 243 173 21.6962791442871 612.091124326706
2014 244 174 21.91103515625 611.163618358612
2014 245 175 22.246541595459 606.348695746422
2014 246 176 18.7270523071289 596.159677567005
2014 247 177 20.2362533569336 604.569159329414
2014 248 178 19.2904067993164 580.143919872284
2014 249 179 18.8678413391114 589.245701575279
2014 250 180 18.2228065490723 592.995561933517
2014 251 181 17.5664573669434 560.56910194397
2014 252 182 16.5123344421387 582.171946689606
2014 253 183 19.4048171997071 577.396972455025
2014 254 184 21.3224998474121 581.790308135033
2014 255 185 21.4890724182129 571.574664760113
2014 256 186 22.066293334961 547.86834590292
2014 257 187 20.7305961608887 535.389453050613
2014 258 188 20.8291526794434 539.205897566318
2014 259 189 19.223779296875 550.136017624378
2014 260 190 20.658219909668 526.425240233898
2014 261 191 22.4946037292481 429.718322885275
2014 262 192 20.5219932556153 471.464016358852
2014 263 193 20.2420059204102 503.389008789539
2014 264 194 19.5985504150391 474.539354459763
2014 265 195 19.2672058105469 491.553600331307
2014 266 196 19.9933486938477 483.343805519104
2014 267 197 21.062142944336 433.920846596241
2014 268 198 19.7101837158203 348.64106009531
2014 269 199 18.0582138061524 439.370382905483
2014 270 200 18.5626731872559 470.638604049206
2014 271 201 18.8028045654297 454.627285483122
2014 272 202 18.4786010742188 437.586417692184
2014 273 203 18.3937316894531 483.286098106861
2014 274 204 20.6556411743164 492.343514732361
2014 275 205 20.6764694213867 496.528285708904
2014 276 206 23.3068099975586 488.84659272337
2014 277 207 22.1717849731446 486.845169176817
2014 278 208 21.3024688720703 485.238711399078
2014 279 209 20.7896896362305 481.684081725836
2014 280 210 19.9294982910156 462.069348685026
2014 281 211 19.815087890625 445.529945428848
2014 282 212 19.8813148498535 453.513405918598
2014 283 213 17.7798133850098 441.660250522137
2014 284 214 17.5033966064453 426.847117919445
2014 285 215 20.8283592224121 442.751929907322
2014 286 216 21.8293357849121 433.255188483715
2014 287 217 18.9618316650391 347.349696532011
2014 288 218 19.002286529541 257.676566286802
2014 289 219 16.8879028320313 340.932740024209
2014 290 220 16.7245079040528 334.888549231887
2014 291 221 19.5969635009766 370.070848000407
2014 292 222 18.7371765136719 366.9289338063
2014 293 223 18.7074295043946 242.801307177901
2014 294 224 15.2496086120606 326.652127208114
2014 295 225 15.7019134521485 363.414263599038
2014 296 226 17.8260131835938 272.822523787618
2014 297 227 17.1284233093262 334.245086636543
2014 298 228 18.8482223510742 277.797218111515
2014 299 229 16.2150970458985 328.10771244812
2014 300 230 14.6640563964844 358.532760735512
2014 301 231 14.6991554260254 358.142239639521
2014 302 232 16.665616607666 335.603017850757
2014 303 233 18.8034034729004 304.845153107524
2014 304 234 17.2499824523926 179.785593006283
2014 305 235 14.0352722167969 224.216105343342
2014 306 236 12.9825454711914 323.776493351489
2014 307 237 13.0878349304199 342.237428911686
2014 308 238 14.1841903686524 327.27342162919
2014 309 239 15.8807769775391 325.888840837657
2014 310 240 16.1113945007324 315.038610226572
2014 311 241 15.2137161254883 308.35538453266
2014 312 242 15.7907501220703 305.701625362665
2014 313 243 16.5732055664063 312.287222830147
2014 314 244 14.8395477294922 309.327247765988
2014 315 245 15.2892700195313 249.857282742262
2014 316 246 15.5125480651856 221.025382611707
2014 317 247 15.5811553955078 169.37025522525
2014 318 248 14.7637954711914 194.696357119389
2014 319 249 13.2835479736328 252.839438541733
2014 320 250 12.7745338439942 255.701771725724
2014 321 251 11.9393249511719 270.137689705189
2014 322 252 10.9835563659668 248.730108044368
2014 323 253 12.7128616333008 108.480212136342
2014 324 254 13.1744819641114 80.9263724856377
2014 325 255 12.4606338500977 141.110810065866
2014 326 256 15.2642837524414 80.296215179801
2014 327 257 12.5240875244141 251.525869672298
2014 328 258 11.2397552490235 272.853586473703
2014 329 259 11.7079139709473 271.628772794723
2014 330 260 12.0906234741211 270.07113182354
2014 331 261 12.552449798584 252.914885497332
2014 332 262 9.63339004516604 265.828664775133
2014 333 263 14.1024909973145 136.979287338257
2014 334 264 13.1798416137696 79.7814376692772
2014 335 265 13.3368888854981 134.547415486813
2014 336 266 13.2460723876953 80.2340852714777
2014 337 267 15.3231750488281 80.4692837387323
2014 338 268 15.6386581420899 183.238142976046
2014 339 269 15.0429893493653 148.47299856329
2014 340 270 16.5644851684571 119.130751403809
2014 341 271 14.4385925292969 151.104568327308
2014 342 272 13.8185363769531 119.911795044839
2014 343 273 14.5766082763672 85.2842195813656
2014 344 274 13.8139778137207 137.214487695575
2014 345 275 15.7784553527832 57.9966394292116
2014 346 276 11.2601829528809 101.415351511464
2014 347 277 10.2954803466797 156.562972498477
2014 348 278 10.0920349121094 171.589117690563
2014 349 279 11.0755630493164 76.6306537861824
2014 350 280 11.6769882202149 139.171523987889
2014 351 281 11.5076461791992 162.678157343924
2014 352 282 12.024789428711 125.75184041667
2014 353 283 12.770166015625 87.3033851519823
2014 354 284 13.0568977355957 73.8615104737282
2014 355 285 15.1907211303711 90.7159971709847
2014 356 286 14.2635055541992 145.162454182863
2014 357 287 13.3152786254883 202.386933583498
2014 358 288 11.9028335571289 152.857470854521
2014 359 289 10.1251541137696 189.601846446753
2014 360 290 9.74462661743166 254.197385419846
2014 361 291 8.33101043701174 250.278864886284
2014 362 292 8.4823051452637 240.759951508284
2014 363 293 7.88921508789065 220.160025247812
2014 364 294 7.8830619812012 228.578395347834
2014 365 295 7.65839920043948 262.345046543598
2015 1 296 7.28787765502932 255.969297825575
2015 2 297 5.59111175537112 260.373330507755
2015 3 298 6.12034759521487 258.213367192745
2015 4 299 7.46274719238284 219.232171256065
2015 5 300 7.4346977233887 221.578031115532
2015 6 301 7.47097167968752 232.134421903849
2015 7 302 8.42187271118166 250.078076155186
2015 8 303 10.2270637512207 231.855577339172
2015 9 304 10.5394645690918 147.165418509006
2015 10 305 11.0047927856446 219.320687707901
2015 11 306 9.48794708251955 226.747790932894
2015 12 307 9.30232009887698 238.66743396759
2015 13 308 10.5972610473633 249.259241265774
2015 14 309 9.02430877685549 269.716961180687
2015 15 310 9.00658950805666 229.461017353058
2015 16 311 9.64909896850588 155.061687103271
2015 17 312 11.1353584289551 116.434583308816
2015 18 313 11.2340789794922 179.219671611786
2015 19 314 12.3623825073242 187.961336280823
2015 20 315 10.32705078125 215.726641142845
2015 21 316 9.7254577636719 281.313498400688
2015 22 317 9.76322326660159 224.756013765335
2015 23 318 9.02030334472659 276.444723601341
2015 24 319 12.1896148681641 297.066197087288
2015 25 320 9.89526519775393 299.779442912102
2015 26 321 9.56156311035159 271.16431418705
2015 27 322 12.9793640136719 221.852458728313
2015 28 323 13.0422264099121 232.377864323139
2015 29 324 11.5304466247559 305.675084558487
2015 30 325 11.3686538696289 302.550217223167
2015 31 326 13.3004127502442 326.920666013718
2015 32 327 11.1125808715821 301.886289904594
2015 33 328 12.4501281738281 307.436697127342
2015 34 329 13.076188659668 281.003671162605
2015 35 330 12.3737693786621 289.254028244972
2015 36 331 12.5998893737793 215.496490908623
2015 37 332 14.9111190795899 117.691613872528
2015 38 333 16.5846916198731 112.114649559557
2015 39 334 15.980355834961 170.349651988983
2015 40 335 16.1853958129883 194.011906666756
2015 41 336 11.5483718872071 307.635876532555
2015 42 337 11.7510810852051 310.91124229908
2015 43 338 13.5242134094239 339.150142586708
2015 44 339 14.3949600219727 351.384044427872
2015 45 340 15.1887145996094 375.002039367676
2015 46 341 15.2351165771485 363.538278337479
2015 47 342 14.1496406555176 379.733618757248
2015 48 343 13.2500015258789 323.339894245148
2015 49 344 11.9021202087403 360.732105913162
2015 50 345 12.0396476745606 361.139304055894
2015 51 346 13.0097442626953 367.003971618324
2015 52 347 12.3313690185547 377.423146237671
2015 53 348 12.3465591430664 395.63238038085
2015 54 349 13.4423767089844 414.164715314306
2015 55 350 11.3623252868653 435.436846795648
2015 56 351 11.1549736022949 430.112173264742
2015 57 352 12.6884780883789 419.338899194926
2015 58 353 14.5101295471192 395.486308796808
2015 59 354 11.8569732666016 367.827231539652
2015 60 355 11.4399543762207 395.579257714808
2015 61 356 11.9841667175293 366.959706840187
2015 62 357 11.19716796875 400.111651556462
2015 63 358 11.4827667236328 457.186985559195
2015 64 359 13.2900787353516 474.382632491171
2015 65 360 13.9730926513672 487.214068956852
2015 66 361 13.0945411682129 486.457198217213
2015 67 362 13.6537223815918 474.502132183432
2015 68 363 13.6497207641602 491.299412461221
2015 69 364 13.6646934509278 407.644968557358
2015 70 365 15.1743713378906 238.393021963581
2015 71 366 14.4689956665039 415.06764449811
2015 72 367 16.1280151367188 456.009635432958
2015 73 368 18.6238113403321 367.145607007265
2015 74 369 19.1138206481934 425.053060146212
2015 75 370 15.2028480529785 361.49340299201
2015 76 371 15.9077964782715 395.326971626401
2015 77 372 14.5227867126465 521.468121104479
2015 78 373 15.0513893127442 522.45958605814
2015 79 374 15.0378967285156 427.779585933685
2015 80 375 15.0682731628418 448.560402338981
2015 81 376 16.5444007873535 377.941017088771
2015 82 377 14.8130355834961 449.31285266161
2015 83 378 14.2321182250977 370.310314860582
2015 84 379 15.5232559204102 492.534310320854
2015 85 380 16.9342094421387 550.114241575241
2015 86 381 17.668058013916 557.842317217827
2015 87 382 15.9898544311524 549.994737157822
2015 88 383 16.8302169799805 584.266493150234
2015 89 384 17.0590835571289 567.74363550806
2015 90 385 15.768155670166 558.926730191707
2015 91 386 14.2557350158692 587.147923862457
2015 92 387 13.9161315917969 595.610738170624
2015 93 388 13.9317413330078 615.599282887935
2015 94 389 13.6178680419922 612.903763840675
2015 95 390 11.841569519043 475.073111355781
2015 96 391 10.5692115783692 488.192241221428
2015 97 392 12.7323585510254 447.511413309216
2015 98 393 11.5359283447266 483.234955010414
2015 99 394 12.3220840454102 535.423811881065
2015 100 395 13.8781715393067 618.215141059875
2015 101 396 14.4706893920899 606.021082760811
2015 102 397 16.0957427978516 624.048822903633
2015 103 398 15.6525665283203 633.405715772629
2015 104 399 13.5588050842285 650.318106889725
2015 105 400 14.5649772644043 661.684463634491
2015 106 401 18.4578071594239 667.646506480217
2015 107 402 17.6075225830078 668.385682510376
2015 108 403 16.2096496582031 643.36016802597
2015 109 404 16.2324310302735 611.252805152893
2015 110 405 14.9712387084961 615.41337979126
2015 111 406 13.9802604675293 569.350336977959
2015 112 407 14.0950103759766 590.613609425544
2015 113 408 15.3076797485352 647.135667722702
2015 114 409 15.1176277160645 672.860531831741
2015 115 410 14.5308052062989 609.367249794006
2015 116 411 15.062158203125 628.408612228393
2015 117 412 18.8535247802735 678.813709020614
2015 118 413 17.705396270752 685.063451755523
2015 119 414 16.4925170898438 689.347964143753
2015 120 415 19.6120506286621 698.771263252258
2015 121 416 21.7633911132813 697.784244987488
2015 122 417 17.679029083252 686.665719388962
2015 123 418 15.4428955078125 684.049853656769
2015 124 419 13.7222839355469 650.17202767849
2015 125 420 14.0589385986328 703.972011791229
2015 126 421 14.6291023254395 705.60970777893
2015 127 422 15.5055442810059 617.356465652466
2015 128 423 15.2684455871582 643.284914274216
2015 129 424 14.956258392334 691.22466291809
2015 130 425 14.6963897705078 701.395985569
2015 131 426 14.6634841918946 707.765233613694
2015 132 427 14.0597816467285 738.13755266353
2015 133 428 13.8756385803223 690.666968906075
2015 134 429 14.6879516601563 598.611692494253
2015 135 430 14.1412101745606 516.116903660634
2015 136 431 14.5729919433594 664.340178031642
2015 137 432 14.5807968139649 581.84095854317
2015 138 433 14.1656776428223 617.440567432296
2015 139 434 14.3846260070801 697.323913325123
2015 140 435 15.0100570678711 659.515658564053
2015 141 436 15.0416923522949 637.212225863695
2015 142 437 15.4258094787598 525.062163094006
2015 143 438 15.4954200744629 526.642315553702
2015 144 439 15.8894401550293 668.20864231421
2015 145 440 15.0594116210938 695.513640313074
2015 146 441 14.8149314880371 679.406831890911
2015 147 442 15.1893478393555 656.386347603321
2015 148 443 15.1836524963379 679.366982269108
2015 149 444 15.9071632385254 676.72013718687
2015 150 445 16.0892044067383 672.603811150849
2015 151 446 15.6321044921875 646.980757348269
2015 152 447 16.1233726501465 572.178657793879
2015 153 448 17.5765129089356 594.238640459567
2015 154 449 17.5887466430664 752.305697914988
2015 155 450 16.3843055725098 675.308186467647
2015 156 451 18.9383255004883 714.302669486225
2015 157 452 18.7925582885742 669.501081118762
2015 158 453 18.364575958252 677.450456396222
2015 159 454 22.6248565673828 704.910357114762
2015 160 455 23.678483581543 656.023404546738
2015 161 456 19.653394317627 310.756313559532
2015 162 457 19.7864891052246 597.761863455206
2015 163 458 21.4866386413574 746.321505827129
2015 164 459 21.6022392272949 749.889010044455
2015 165 460 17.9127479553223 740.381616728186
2015 166 461 16.2851615905762 761.591745762348
2015 167 462 17.0913597106934 765.070716454267
2015 168 463 18.8773590087891 744.050908539712
2015 169 464 18.8047920227051 776.530066013753
2015 170 465 18.3624664306641 776.052029758453
2015 171 466 19.551717376709 759.830156567275
2015 172 467 18.2913833618164 714.40890276128
2015 173 468 17.0481163024903 746.600364504278
2015 174 469 18.4445129394531 754.270916889787
2015 175 470 19.4797950744629 757.510843780696
2015 176 471 21.6511703491211 755.218098101675
2015 177 472 23.4053245544434 732.387967978299
2015 178 473 19.9411064147949 664.663277022421
2015 179 474 19.7265907287598 655.045235873282
2015 180 475 18.6885696411133 730.006685623765
2015 181 476 22.2491775512696 630.258741501093
2015 182 477 24.3326011657715 651.783160590768
2015 183 478 22.8161750793457 533.188601303518
2015 184 479 20.9778648376465 619.003003261715
2015 185 480 21.025106048584 712.868595119476
2015 186 481 19.5259834289551 658.723378032148
2015 187 482 19.1317497253418 681.040094136655
2015 188 483 19.9301467895508 715.612807741165
2015 189 484 18.4923950195313 662.605108483851
2015 190 485 17.4153610229492 588.227901991844
2015 191 486 17.7996841430664 337.640822154462
2015 192 487 19.1070724487305 592.791292587876
2015 193 488 19.4426742553711 678.3799479388
2015 194 489 20.0383544921875 703.12660443908
2015 195 490 19.8715034484864 717.799334950626
2015 196 491 19.5390640258789 717.812625560641
2015 197 492 20.9213348388672 698.970436987281
2015 198 493 20.6021858215332 719.529970894277
2015 199 494 20.4355484008789 716.09968312943
2015 200 495 21.8992362976074 707.605887218892
2015 201 496 25.5032936096192 675.215235580832
2015 202 497 21.5741859436035 676.755562658787
2015 203 498 19.163175201416 689.432077031642
2015 204 499 18.0234886169434 682.460864379436
2015 205 500 18.5065322875977 722.637138731956
2015 206 501 19.2806678771973 691.48138618207
2015 207 502 19.295858001709 705.866405306548
2015 208 503 21.183740234375 726.297564067602
2015 209 504 23.6778541564942 728.391140862763
2015 210 505 25.2883544921875 728.116708635077
2015 211 506 22.475301361084 702.135151676327
2015 212 507 21.3674636840821 598.846257559955
2015 213 508 20.0278106689453 616.072900758043
2015 214 509 20.1273742675781 643.218544544428
2015 215 510 19.6582427978516 669.647122749239
2015 216 511 18.6822372436524 598.248747632265
2015 217 512 18.6887832641602 636.689945896588
2015 218 513 20.8565727233887 650.437605424322
2015 219 514 20.7496276855469 601.077057088118
2015 220 515 19.4829574584961 646.113237431059
2015 221 516 19.5435005187989 686.856062685311
2015 222 517 20.3469558715821 684.169376880318
2015 223 518 19.7329193115235 642.129686309541
2015 224 519 19.6915718078614 681.425155532837
2015 225 520 20.6150527954102 648.016481567383
2015 226 521 20.4728828430176 675.958841509819
2015 227 522 22.0981498718262 676.2421272192
2015 228 523 25.1647430419922 648.419270686149
2015 229 524 25.6425071716309 651.610532164573
2015 230 525 21.4849563598633 635.362081470489
2015 231 526 19.3173728942871 667.920948709488
2015 232 527 18.4740501403809 649.184998325348
2015 233 528 18.5987144470215 604.281591492653
2015 234 529 18.8149238586426 614.036853252411
2015 235 530 19.0735298156739 601.404574456215
2015 236 531 19.0958915710449 624.540120409965
2015 237 532 19.6209159851074 634.8530899477
2015 238 533 20.3077178955078 601.643596395492
2015 239 534 23.1378532409668 612.040652076721
2015 240 535 25.1544052124024 593.641101708412
2015 241 536 23.0969329833985 469.859080964088
2015 242 537 20.6241203308106 552.269775589943
2015 243 538 21.2769752502442 607.751713412285
2015 244 539 21.0554901123047 583.239618742943
2015 245 540 19.8873191833496 589.958534659386
2015 246 541 18.9971748352051 601.156719117164
2015 247 542 17.8368125915528 611.1731301651
2015 248 543 18.0952087402344 604.162101187706
2015 249 544 19.8959671020508 600.466235149383
2015 250 545 21.4908653259278 612.894906248092
2015 251 546 23.6280685424805 610.544616080284
2015 252 547 25.1016746520996 596.916468482971
2015 253 548 25.9639793395996 561.591280426025
2015 254 549 24.6004844665528 537.889180694103
2015 255 550 21.7431388854981 473.01937362957
2015 256 551 21.1238304138184 361.418158060551
2015 257 552 19.5302062988281 424.097017372608
2015 258 553 18.2464500427246 442.261969053745
2015 259 554 17.1424041748047 463.830652039528
2015 260 555 18.6295104980469 421.295263160229
2015 261 556 19.2945915222168 552.756658412456
2015 262 557 20.2701736450196 551.04372328949
2015 263 558 23.2686401367188 547.746244286537
2015 264 559 25.1459709167481 537.030516375065
2015 265 560 21.9777046203614 530.254059371948
2015 266 561 17.2936492919922 528.19588730526
2015 267 562 21.2525001525879 501.094518834114
2015 268 563 22.3253227233887 517.767851722717
2015 269 564 21.4480415344239 499.253214140892
2015 270 565 20.9192253112793 438.530736151218
2015 271 566 19.6662612915039 400.027556876182
2015 272 567 17.6043563842774 425.681591745615
2015 273 568 16.3180709838867 292.316940313816
2015 274 569 18.1004844665528 274.612285068989
2015 275 570 19.164022064209 447.648617413282
2015 276 571 19.0720573425293 480.105648294449
2015 277 572 16.7487998962403 470.385800272465
2015 278 573 18.7482658386231 460.732351181745
2015 279 574 19.4578567504883 410.371482626438
2015 280 575 18.7885528564453 403.626022157192
2015 281 576 20.3174263000489 415.222562905312
2015 282 577 20.6243339538574 432.874087211132
2015 283 578 19.7746826171875 438.80958147192
2015 284 579 19.6213317871094 421.985736291647
2015 285 580 19.7050720214844 434.246205366373
2015 286 581 22.9804969787598 426.761564582825
2015 287 582 23.1762481689453 412.385389410973
2015 288 583 21.6606689453125 354.203512061357
2015 289 584 19.6801811218262 377.666589727998
2015 290 585 18.7073455810547 316.094265509546
2015 291 586 17.8114982604981 334.068905521393
2015 292 587 17.8669754028321 350.025204975247
2015 293 588 18.3455940246582 398.659875329494
2015 294 589 19.9689575195313 400.421479960084
2015 295 590 18.2213417053223 393.963707661629
2015 296 591 18.4244819641114 369.841134622812
2015 297 592 17.9521957397461 307.458827878356
2015 298 593 18.3757530212403 302.045632508933
2015 299 594 17.0873504638672 358.191490719616
2015 300 595 17.5393844604492 241.823293993652
2015 301 596 18.0190559387207 168.074599979907
2015 302 597 17.055493927002 326.588691518068
2015 303 598 17.7199531555176 359.315737911284
2015 304 599 18.3285041809082 350.166859737337
2015 305 600 17.9424835205078 259.824485866547
2015 306 601 16.1763130187989 169.088195834212
2015 307 602 12.5357681274414 310.05256002444
2015 308 603 13.1329246520996 349.507361908078
2015 309 604 11.9630790710449 296.694404596895
2015 310 605 13.3075843811035 332.590569180101
2015 311 606 12.6621185302735 324.508398764953
2015 312 607 12.0712791442871 218.926761836156
2015 313 608 11.6198822021485 134.422500495478
2015 314 609 10.4660583496094 249.533666059211
2015 315 610 9.9091850280762 299.735170361079
2015 316 611 10.8683143615723 315.780016964547
2015 317 612 11.7392669677735 313.69087665981
2015 318 613 12.2313858032227 310.034856912054
2015 319 614 13.171949005127 206.228104609976
2015 320 615 10.983487701416 304.572970342595
2015 321 616 11.0241905212403 290.639421763718
2015 322 617 11.0933815002442 264.516214815289
2015 323 618 12.4393630981446 268.796311994518
2015 324 619 13.7940040588379 281.052356168747
2015 325 620 13.9138084411621 266.472581363678
2015 326 621 13.4189582824707 257.412231611967
2015 327 622 12.1200119018555 264.259499962091
2015 328 623 12.1478553771973 158.531795414448
2015 329 624 8.22971115112307 210.030175877571
2015 330 625 7.38300476074221 254.606044067144
2015 331 626 7.43743667602541 278.423210851908
2015 332 627 6.74682388305666 279.162389654159
2015 333 628 6.39308319091799 278.029287137985
2015 334 629 6.55866775512698 205.241070269823
2015 335 630 8.16284332275393 228.690871627927
2015 336 631 10.2342353820801 171.496023757458
2015 337 632 9.78726730346682 148.918180289507
2015 338 633 10.5776458740235 148.572941077709
2015 339 634 9.34599075317385 196.194004134893
2015 340 635 11.0193458557129 143.208428509354
2015 341 636 13.2854324340821 136.794920737028
2015 342 637 11.9219413757324 138.034248715997
2015 343 638 13.7697425842285 110.246813732982
2015 344 639 15.2062240600586 130.939113686442
2015 345 640 11.3047348022461 211.335897243619
2015 346 641 8.8909965515137 227.283356871486
2015 347 642 12.194898223877 96.6009590147733
2015 348 643 8.20397720336916 233.776531063318
2015 349 644 8.0381790161133 255.854215904236
2015 350 645 7.27985916137698 249.719562650919
2015 351 646 7.9301811218262 184.141566513777
2015 352 647 9.44195709228518 153.065485675573
2015 353 648 11.6040550231934 155.460043897629
2015 354 649 7.62938461303713 121.537950873136
2015 355 650 11.4173789978028 36.1661588635444
2015 356 651 14.3373733520508 105.944578725338
2015 357 652 11.3688636779785 220.250186054706
2015 358 653 9.12492523193362 155.831844798803
2015 359 654 6.13469085693362 218.554964604854
2015 360 655 5.94632492065432 246.882384872436
2015 361 656 5.45231018066409 209.122810927868
2015 362 657 6.43316040039065 179.330325492859
2015 363 658 5.21121368408205 217.709571554184
2015 364 659 5.74234924316409 197.327096318722
2015 365 660 7.02589187622073 186.974309699774
2016 1 661 4.93558273315432 257.779482500791
2016 2 662 5.7967353820801 207.902182857036
2016 3 663 7.49225769042971 178.713637660026
2016 4 664 8.72526702880862 110.452763470888
2016 5 665 11.5036636352539 83.613897825241
2016 6 666 10.1226287841797 83.4581399779319
2016 7 667 8.78703460693362 196.879149555921
2016 8 668 7.82118377685549 181.468280406952
2016 9 669 10.0143905639649 95.2154409408569
2016 10 670 9.82594833374026 178.784841510177
2016 11 671 10.520654296875 161.745206418514
2016 12 672 10.3807922363281 184.089420675754
2016 13 673 13.3740173339844 191.663576620579
2016 14 674 8.61031494140627 163.249359102726
2016 15 675 11.3407760620117 162.995700513363
2016 16 676 12.0275245666504 97.4049144439696
2016 17 677 13.7688919067383 107.542360860586
2016 18 678 14.0121856689453 151.149395903289
2016 19 679 13.6700721740723 87.7970393152236
2016 20 680 11.4393859863281 191.525621657371
2016 21 681 12.0187316894531 221.72879869175
2016 22 682 14.0350128173828 110.559568175077
2016 23 683 13.4052101135254 162.733142750025
2016 24 684 10.0221343994141 197.635680147171
2016 25 685 10.9404502868653 217.478907222748
2016 26 686 11.0237823486328 226.801974511146
2016 27 687 11.2624717712403 244.437926207542
2016 28 688 10.3730445861817 246.631846147537
2016 29 689 13.6886993408203 105.949205600262
2016 30 690 12.8562255859375 171.517741970658
2016 31 691 10.7790199279785 251.233306524277
2016 32 692 9.73152313232424 329.231116671562
2016 33 693 8.32870254516604 231.127517905235
2016 34 694 7.72905883789065 230.375441563129
2016 35 695 10.2985015869141 244.767239494085
2016 36 696 10.4103141784668 317.077744630814
2016 37 697 11.206143951416 328.674849373817
2016 38 698 13.1769958496094 342.830771186828
2016 39 699 13.3959976196289 351.530815150261
2016 40 700 14.2525497436524 355.179941687584
2016 41 701 12.6259170532227 351.570866347313
2016 42 702 14.0435920715332 335.505833442688
2016 43 703 13.4535766601563 292.557414325714
2016 44 704 13.6068397521973 337.7398005476
2016 45 705 14.3909469604492 340.957257799148
2016 46 706 17.5225692749024 372.499938308716
2016 47 707 16.5035377502442 378.431995174408
2016 48 708 17.2778030395508 270.827321447372
2016 49 709 12.9272018432617 237.059571746826
2016 50 710 11.7189041137696 293.816807025058
2016 51 711 10.5036941528321 252.572807534508
2016 52 712 9.96832427978518 381.515939473733
2016 53 713 11.809774017334 409.858956917625
2016 54 714 14.3746124267578 400.687185844332
2016 55 715 13.3553787231446 410.544283631161
2016 56 716 14.4799362182617 397.790140720785
2016 57 717 14.3228965759278 379.611270857744
2016 58 718 14.4728141784668 376.340425862715
2016 59 719 12.4148727416992 358.459704324081
2016 60 720 13.4016548156739 379.001605279416
2016 61 721 15.3833786010742 438.077365631312
2016 62 722 14.5795913696289 402.525099197
2016 63 723 15.4468246459961 251.166555253714
2016 64 724 16.343579864502 175.96344514586
2016 65 725 16.35927734375 117.056789039656
2016 66 726 13.831918334961 296.148680229664
2016 67 727 11.5271202087403 302.917365954071
2016 68 728 10.1910987854004 395.213507536232
2016 69 729 12.2031913757324 160.699425172657
2016 70 730 15.8643165588379 145.947170090854
2016 71 731 14.0193077087403 69.2621594233661
2016 72 732 12.1052032470703 269.08731545198
2016 73 733 13.6103950500489 106.741334320709
2016 74 734 13.6510215759278 293.874649831295
2016 75 735 11.3049674987793 492.698537415743
2016 76 736 13.4269805908203 521.646764846086
2016 77 737 15.4168830871582 527.258404827118
2016 78 738 14.8312622070313 512.87996359539
2016 79 739 14.0844169616699 430.730164233208
2016 80 740 15.2590080261231 374.947511293888
2016 81 741 14.4539695739746 324.945616158247
2016 82 742 12.0388313293457 436.960376566172
2016 83 743 12.1286483764649 501.928132002353
2016 84 744 13.2751899719239 535.824940768242
2016 85 745 13.9761787414551 554.56897986722
2016 86 746 15.1809211730957 564.488370438575
2016 87 747 15.3308311462403 544.36034056282
2016 88 748 12.8101631164551 569.067587038517
2016 89 749 11.4860816955567 583.935540044784
2016 90 750 12.5153709411621 547.733544573307
2016 91 751 13.8057456970215 577.251396756649
2016 92 752 13.5440269470215 568.600310472488
2016 93 753 13.8011375427246 566.401943591595
2016 94 754 14.4474807739258 568.306594133854
2016 95 755 14.8496871948242 584.620862879753
2016 96 756 16.333943939209 616.452780529976
2016 97 757 19.7191101074219 619.772596552849
2016 98 758 20.4894081115723 542.798335309505
2016 99 759 16.1268783569336 486.165707302093
2016 100 760 15.3165946960449 249.520000444889
2016 101 761 14.0446411132813 240.174682323456
2016 102 762 14.7016616821289 323.788575612545
2016 103 763 14.615811920166 372.682392417908
2016 104 764 14.0230766296387 515.029392957687
2016 105 765 13.9786849975586 606.47999163866
2016 106 766 13.7266021728516 617.06246555233
2016 107 767 16.9262634277344 661.563979408264
2016 108 768 18.4764762878418 657.598892755508
2016 109 769 20.1426826477051 659.810625659942
2016 110 770 19.0256668090821 645.596840693474
2016 111 771 17.9339881896973 647.421398921966
2016 112 772 17.5380569458008 519.079016849041
2016 113 773 16.1511550903321 376.531769396305
2016 114 774 13.7420974731446 523.471324838638
2016 115 775 15.4309097290039 597.966866869926
2016 116 776 13.8771415710449 676.672236068725
2016 117 777 14.1629386901856 666.610448381424
2016 118 778 13.8809104919434 496.441098349571
2016 119 779 14.8970008850098 648.28471733284
2016 120 780 15.9382263183594 674.407115680694
2016 121 781 17.770467376709 697.120688625336
2016 122 782 20.7664123535156 701.659844451904
2016 123 783 18.5501762390137 659.134186626434
2016 124 784 16.5983901977539 568.391159597397
2016 125 785 17.2252517700196 404.389723144531
2016 126 786 16.0165344238281 508.069358391762
2016 127 787 14.5335327148438 279.398315921783
2016 128 788 14.4223533630371 287.648892755508
2016 129 789 15.7740684509278 366.719189325333
2016 130 790 15.9562316894531 488.715651659012
2016 131 791 16.0764137268067 652.094037252528
2016 132 792 17.2363525390625 702.331806490046
2016 133 793 16.906999206543 700.484995281033
2016 134 794 16.1356712341309 669.004636141231
2016 135 795 15.6176773071289 596.645164373025
2016 136 796 17.4549346923828 663.802401815636
2016 137 797 18.1167694091797 711.770603277303
2016 138 798 21.4022766113281 731.088701272875
2016 139 799 23.2225814819336 729.268594261549
2016 140 800 19.5342384338379 728.476459217265
2016 141 801 15.1170555114746 690.28079896415
2016 142 802 14.0297714233399 603.382697050571
2016 143 803 14.4619270324707 610.413932749681
2016 144 804 15.019906616211 562.619316891477
2016 145 805 15.9348731994629 619.091746710151
2016 146 806 16.0016609191895 613.876153236121
2016 147 807 16.7964492797852 656.370654801622
2016 148 808 18.045369720459 711.694923591912
2016 149 809 21.9359756469727 717.008406703874
2016 150 810 20.9452110290528 740.999177360743
2016 151 811 19.080941772461 742.979506792992
2016 152 812 21.1566864013672 745.382585451841
2016 153 813 21.5639167785645 761.113869626909
2016 154 814 19.2013336181641 763.939708852738
2016 155 815 22.7426963806153 764.002011607349
2016 156 816 23.7261329650879 627.756189158022
2016 157 817 20.3706909179688 646.12193920958
2016 158 818 19.1577812194824 726.456089755088
2016 159 819 18.0137573242188 676.681134990692
2016 160 820 17.3276382446289 666.988696319967
2016 161 821 17.2409530639649 716.412089988887
2016 162 822 17.6973892211914 727.737732628405
2016 163 823 18.5418067932129 746.290417940199
2016 164 824 21.0614143371582 770.085377426386
2016 165 825 18.1910949707031 754.15828341943
2016 166 826 17.214990234375 741.746785435736
2016 167 827 15.3297897338867 655.373829297721
2016 168 828 16.022607421875 625.188433537721
2016 169 829 19.0281806945801 575.627114800095
2016 170 830 18.3366104125977 592.24841097033
2016 171 831 21.4502235412598 755.14620897758
2016 172 832 21.4045806884766 756.815026306331
2016 173 833 21.9523101806641 767.197218277871
2016 174 834 20.7303977966309 772.119095035255
2016 175 835 19.1171623229981 772.132437622011
2016 176 836 19.6232238769531 767.108223136008
2016 177 837 22.4292579650879 773.209387302995
2016 178 838 22.2297264099121 770.04088930577
2016 179 839 23.3861099243164 758.781974720538
2016 180 840 23.3808723449707 761.501024677694
2016 181 841 20.7592903137207 772.012291528106
2016 182 842 18.955525970459 768.643511336744
2016 183 843 21.0306411743164 759.347153792679
2016 184 844 19.0698486328125 715.459756464481
2016 185 845 18.2897201538086 702.492014745831
2016 186 846 18.032601928711 689.337373363137
2016 187 847 17.0389114379883 712.406965369522
2016 188 848 16.8291145324707 738.983273692846
2016 189 849 16.5634208679199 727.417319082856
2016 190 850 16.8601051330567 714.02234960115
2016 191 851 19.7019477844239 672.644848204911
2016 192 852 18.0014053344727 716.999522099137
2016 193 853 20.9001976013184 757.202177041471
2016 194 854 19.2396446228028 748.867043501496
2016 195 855 20.2019363403321 755.123964696765
2016 196 856 22.5839897155762 757.509265388846
2016 197 857 20.0798660278321 725.339101319969
2016 198 858 19.0943389892578 732.405939834058
2016 199 859 17.7365470886231 741.025878316283
2016 200 860 17.1408744812012 702.643324329197
2016 201 861 17.5384727478028 722.744670354485
2016 202 862 18.3602806091309 737.946392471492
2016 203 863 18.5508056640625 728.98376740244
2016 204 864 18.9027610778809 746.682022168457
2016 205 865 21.9158760070801 745.489389084995
2016 206 866 22.4818168640137 741.31513999626
2016 207 867 20.7854591369629 734.795661352664
2016 208 868 21.6558319091797 736.891699419737
2016 209 869 23.9419952392578 717.324381798059
2016 210 870 21.497331237793 701.170322833285
2016 211 871 21.2366653442383 697.472239325464
2016 212 872 21.0702186584473 692.256670564011
2016 213 873 19.4940353393555 714.494081896871
2016 214 874 18.8150421142578 690.205155709728
2016 215 875 18.3294960021973 696.21284188275
2016 216 876 19.6194549560547 705.998741395116
2016 217 877 17.7700477600098 692.256658018716
2016 218 878 16.6785713195801 658.302019758247
2016 219 879 17.3064933776856 696.764672812138
2016 220 880 17.4038482666016 701.121382538657
2016 221 881 19.0151992797852 704.503481568917
2016 222 882 19.5273338317871 691.900665211132
2016 223 883 20.0093093872071 682.052469740016
2016 224 884 18.7151657104492 662.258195116997
2016 225 885 19.070890045166 663.446401798248
2016 226 886 19.8822189331055 671.545667725563
2016 227 887 20.6219345092774 675.319386226654
2016 228 888 19.290731048584 651.346435385704
2016 229 889 18.4404655456543 644.448693273544
2016 230 890 19.3587852478028 646.602576128959
2016 231 891 19.7394271850586 654.385887989044
2016 232 892 19.2702194213867 643.549762038231
2016 233 893 18.6785255432129 629.487272857666
2016 234 894 17.7909866333008 625.940512147903
2016 235 895 17.3253303527832 599.070495487213
2016 236 896 17.5621391296387 611.206062627792
2016 237 897 17.6063133239746 582.907541175842
2016 238 898 17.2394882202149 616.341531908989
2016 239 899 17.5728202819824 570.464926954269
2016 240 900 17.9524131774903 568.600314504623
2016 241 901 17.4335762023926 609.101147027969
2016 242 902 17.6234832763672 613.266487649917
2016 243 903 18.8631912231446 601.976448132515
2016 244 904 19.8683982849121 609.630716551781
2016 245 905 18.6749588012696 612.817024552345
2016 246 906 18.4917617797852 603.262543963432
2016 247 907 18.5045295715332 597.223699026108
2016 248 908 17.1733261108399 604.397322839737
2016 249 909 17.8852058410645 585.524247608185
2016 250 910 19.3133445739746 597.152484465599
2016 251 911 21.7418838500977 591.856797291756
2016 252 912 21.6838928222656 547.58668312788
2016 253 913 17.7976890563965 552.909085716247
2016 254 914 17.9025817871094 550.261241625309
2016 255 915 17.6151100158692 515.897155285358
2016 256 916 16.1499038696289 510.018520680427
2016 257 917 15.5471092224121 518.380357223511
2016 258 918 17.4859214782715 548.917285161018
2016 259 919 17.9341903686524 558.333807762623
2016 260 920 17.6705909729004 554.96060476017
2016 261 921 18.9082084655762 552.32610602808
2016 262 922 21.0863357543946 544.863207776546
2016 263 923 24.1191268920899 525.896655559063
2016 264 924 22.3319030761719 510.405685780048
2016 265 925 19.0329948425293 501.478681001186
2016 266 926 16.7305007934571 524.917629993915
2016 267 927 17.0382820129395 516.079628043175
2016 268 928 19.7689453125 511.246747309685
2016 269 929 22.1840835571289 513.507422268867
2016 270 930 23.9128929138184 510.169832594871
2016 271 931 23.3515525817871 504.424680811405
2016 272 932 20.5674987792969 499.173500847816
2016 273 933 17.5104156494141 494.327275763512
2016 274 934 15.9953857421875 486.223561887264
2016 275 935 15.3706146240235 486.673037081241
2016 276 936 15.9639793395996 466.29577338028
2016 277 937 14.0540557861328 249.208479710102
2016 278 938 16.5091949462891 351.17035488081
2016 279 939 15.8932090759278 467.791031678677
2016 280 940 16.8347717285156 467.693133960724
2016 281 941 17.303353881836 443.991610320091
2016 282 942 19.238599395752 433.360204684019
2016 283 943 19.9358192443848 454.712024832487
2016 284 944 18.2951599121094 417.922637005091
2016 285 945 16.2501922607422 397.932548358083
2016 286 946 15.1846824645996 397.532042687774
2016 287 947 15.3791938781739 361.236601227403
2016 288 948 18.1372848510742 148.719616855919
2016 289 949 17.0355621337891 159.364378624201
2016 290 950 17.3655296325684 128.649433249056
2016 291 951 16.5318046569824 271.708451688647
2016 292 952 15.1199928283692 373.069559785604
2016 293 953 15.9024215698242 398.17286196661
2016 294 954 17.3060775756836 393.144198523641
2016 295 955 17.6532150268555 396.437302282095
2016 296 956 16.9042793273926 359.634548053145
2016 297 957 14.8949104309082 362.558302448511
2016 298 958 17.3458572387696 269.492276694477
2016 299 959 17.821134185791 155.639604036421
2016 300 960 17.3125625610352 284.769641853273
2016 301 961 16.9049087524414 219.637230750352
2016 302 962 16.915372467041 87.8726913978159
2016 303 963 18.018155670166 205.232088752091
2016 304 964 17.0273910522461 135.885378938436
2016 305 965 14.9302955627442 281.249576964378
2016 306 966 15.4736190795899 284.983251261651
2016 307 967 13.8187271118164 303.513695001721
2016 308 968 14.9265266418457 338.505222973078
2016 309 969 15.6547332763672 323.227849844515
2016 310 970 14.8176475524903 303.130968621224
2016 311 971 16.639005279541 180.164384393148
2016 312 972 16.6163917541504 192.331094949141
2016 313 973 17.3596702575684 247.125815037817
2016 314 974 16.5288787841797 287.666695434853
2016 315 975 17.6986480712891 267.249399067335
2016 316 976 17.1588874816895 257.427913096912
2016 317 977 17.3803993225098 256.20413178625
2016 318 978 15.5399948120117 244.767242356744
2016 319 979 14.7569366455078 242.065995354567
2016 320 980 15.4916282653809 198.61471230982
2016 321 981 13.3599868774414 240.539589140043
2016 322 982 9.84771881103518 295.895028434684
2016 323 983 10.8619361877442 294.052670038564
2016 324 984 13.9810005187989 132.494359191418
2016 325 985 14.1302734375 76.9564681875705
2016 326 986 12.5564056396485 166.235406959891
2016 327 987 10.8627716064453 218.168674982548
2016 328 988 12.2567916870117 241.701079288483
2016 329 989 9.52989349365237 254.966984160662
2016 330 990 9.13983306884768 186.234391252756
2016 331 991 10.9553161621094 82.247700356245
2016 332 992 11.4408584594727 210.478819695711
2016 333 993 11.889119720459 181.379278208852
2016 334 994 10.0200325012207 228.497483250618
2016 335 995 8.64067993164065 153.619228352785
2016 336 996 9.25728759765627 212.405732915401
2016 337 997 11.3422370910645 264.597110878467
2016 338 998 11.0116363525391 256.760395154238
2016 339 999 9.10590896606448 239.124442701816
2016 340 1000 9.63374481201174 183.702253056049
2016 341 1001 8.33833847045901 191.619074828505
2016 342 1002 6.49500808715823 162.630790278911
2016 343 1003 9.23697814941409 68.6480389737486
2016 344 1004 13.3920227050781 71.1534730648099
2016 345 1005 15.4914184570313 58.5417422491311
2016 346 1006 10.5713172912598 126.375403102696
2016 347 1007 9.75748596191409 188.744279120445
2016 348 1008 10.2375770568848 129.530559899211
2016 349 1009 12.5788093566895 80.2006304582953
2016 350 1010 15.1017738342285 69.3022101006507
2016 351 1011 11.7454963684082 168.687448062546
2016 352 1012 6.4445510864258 250.814994441748
2016 353 1013 6.32205734252932 256.146271759272
2016 354 1014 6.35995254516604 221.163627179861
2016 355 1015 6.74395523071291 236.09388952446
2016 356 1016 9.5776306152344 220.82986518836
2016 357 1017 9.90383682250979 242.172788430929
2016 358 1018 9.11720809936526 118.948103500128
2016 359 1019 7.19641265869143 187.760789729834
2016 360 1020 5.43096313476565 219.588277071714
2016 361 1021 5.02289733886721 246.071128884792
2016 362 1022 6.5312210083008 237.954052261114
2016 363 1023 6.92003402709963 239.035436345577
2016 364 1024 6.9106155395508 245.158848510504
2016 365 1025 8.13587722778323 223.544463038444
2016 366 1026 9.22294769287112 181.205722139597
2017 1 1027 8.38162002563479 216.19333254528
2017 2 1028 7.84737548828127 187.358633656263
2017 3 1029 8.5573554992676 101.528316073656
2017 4 1030 12.0320907592774 33.9662269157469
2017 5 1031 7.74371109008791 177.336542716146
2017 6 1032 4.9539619445801 260.770657595634
2017 7 1033 8.42601547241213 113.857362188578
2017 8 1034 15.0609756469727 28.9953410378695
2017 9 1035 13.9650283813477 107.146220448941
2017 10 1036 12.9279304504395 60.2351665008068
2017 11 1037 12.2524429321289 113.951069321215
2017 12 1038 8.7905097961426 154.244685323238
2017 13 1039 7.36806259155276 212.025648244858
2017 14 1040 8.57428512573244 261.163337647915
2017 15 1041 7.10207519531252 244.01957909584
2017 16 1042 7.19645843505862 269.543333919048
2017 17 1043 6.70289382934573 232.060898694038
2017 18 1044 8.53360900878909 119.261075047493
2017 19 1045 10.7230278015137 139.800558344126
2017 20 1046 10.7457405090332 172.910046631813
2017 21 1047 10.1823860168457 188.161822097778
2017 22 1048 11.2822509765625 171.745412567854
2017 23 1049 8.7549873352051 215.082246494293
2017 24 1050 7.87112579345705 243.510891999245
2017 25 1051 7.31024322509768 276.963966827393
2017 26 1052 8.50696716308596 273.349586205482
2017 27 1053 8.52575836181643 308.591995538712
2017 28 1054 8.62302169799807 316.226819994926
2017 29 1055 8.59597167968752 296.628857611656
2017 30 1056 8.54393157958987 304.326137823105
2017 31 1057 8.79483947753909 300.39048575592
2017 32 1058 9.46621093750002 231.578981949806
2017 33 1059 11.8520179748535 126.998524395943
2017 34 1060 14.9628845214844 173.757859971523
2017 35 1061 13.4572158813477 184.493906315327
2017 36 1062 11.7340980529785 193.739572236061
2017 37 1063 13.5278450012207 146.873141138554
2017 38 1064 14.9498764038086 93.3848118290901
2017 39 1065 15.5499931335449 85.1297517652511
2017 40 1066 16.3677688598633 44.8673686180115
2017 41 1067 14.2142845153809 94.7234664138555
2017 42 1068 11.4515930175781 291.791841923714
2017 43 1069 11.7318321228028 373.409841991425
2017 44 1070 10.2831588745117 321.072765853882
2017 45 1071 11.810922241211 334.883258692741
2017 46 1072 12.8632942199707 270.846292642593
2017 47 1073 15.2222648620606 204.859360900879
2017 48 1074 12.9361968994141 168.911917640686
2017 49 1075 13.0200401306153 172.633393784523
2017 50 1076 10.9836441040039 224.037870359421
2017 51 1077 13.2383171081543 63.8584699854851
2017 52 1078 13.5491195678711 197.090678160159
2017 53 1079 9.9599662780762 323.228003833484
2017 54 1080 7.73359069824221 413.489274824858
2017 55 1081 7.3240791320801 419.432907099634
2017 56 1082 8.00887069702151 388.97843447239
2017 57 1083 8.45100555419924 412.65038299337
2017 58 1084 9.07032546997073 427.48271667023
2017 59 1085 8.2492500305176 445.103911240756
2017 60 1086 9.26485977172854 455.192945670873
2017 61 1087 10.6941123962403 463.443539389163
2017 62 1088 11.5523696899414 438.544497386992
2017 63 1089 11.9914031982422 350.130573514849
2017 64 1090 10.3882766723633 304.843756224751
2017 65 1091 8.33081970214846 362.919218884736
2017 66 1092 8.84337005615237 346.676833183229
2017 67 1093 11.3132339477539 414.082741277158
2017 68 1094 13.6476226806641 459.507895480752
2017 69 1095 14.8400093078614 359.969708439469
2017 70 1096 14.8557067871094 439.14244417131
2017 71 1097 14.6429992675781 501.56854254806
2017 72 1098 14.4139801025391 515.941273772597
2017 73 1099 17.5234008789063 503.478360271335
2017 74 1100 16.5259567260742 470.681225354314
2017 75 1101 14.4623008728028 389.879801676393
2017 76 1102 13.6048751831055 473.229138397217
2017 77 1103 15.8229957580567 367.57776581943
2017 78 1104 15.2627311706543 319.247726730287
2017 79 1105 14.8854347229004 296.271882114887
2017 80 1106 15.9305931091309 215.961298799992
2017 81 1107 13.9825759887696 408.116804460049
2017 82 1108 11.5203643798828 475.85291669035
2017 83 1109 12.587606048584 201.825069052339
2017 84 1110 12.9632507324219 300.609136341095
2017 85 1111 12.7462059020996 318.944294017315
2017 86 1112 13.6604248046875 383.904924418926
2017 87 1113 14.081502532959 499.913061946869
2017 88 1114 16.1686950683594 566.997701115608
2017 89 1115 15.7690979003906 582.303019806385
2017 90 1116 14.9354148864746 596.720374669075
2017 91 1117 17.3034606933594 587.711201026917
2017 92 1118 17.0965476989746 588.077109214783
2017 93 1119 17.0044380187989 605.095921983242
2017 94 1120 14.821420288086 601.869760360241
2017 95 1121 15.9702392578125 474.424994542599
2017 96 1122 15.5708480834961 280.49802946198
2017 97 1123 13.6310974121094 257.3660097363
2017 98 1124 11.7679649353028 449.25376525116
2017 99 1125 9.93808517456057 594.88194892025
2017 100 1126 11.7520690917969 583.012519826889
2017 101 1127 14.5738159179688 353.432597836494
2017 102 1128 15.5334678649903 294.527168979883
2017 103 1129 13.9534545898438 478.690864858627
2017 104 1130 11.1529747009278 612.681640579224
2017 105 1131 12.1999908447266 640.271396363258
2017 106 1132 13.5082260131836 398.473989369392
2017 107 1133 14.0546508789063 200.557808710098
2017 108 1134 14.5577140808106 315.463775741577
2017 109 1135 13.9904266357422 605.671541008949
2017 110 1136 15.9520660400391 579.830966721535
2017 111 1137 15.7505126953125 669.842349748611
2017 112 1138 16.1395736694336 560.139307600975
2017 113 1139 15.2038780212403 536.797565319061
2017 114 1140 14.5060859680176 410.588854520798
2017 115 1141 14.4352470397949 498.962603050232
2017 116 1142 15.5811744689942 355.346881653309
2017 117 1143 15.0644889831543 482.131223573685
2017 118 1144 15.9913078308106 695.192102321625
2017 119 1145 18.5435653686524 704.794740715027
2017 120 1146 17.980615234375 696.414740411758
2017 121 1147 20.2656455993653 690.805752315521
2017 122 1148 23.2544647216797 687.182457651138
2017 123 1149 23.9844795227051 688.712983522415
2017 124 1150 21.4788871765137 679.721671230316
2017 125 1151 16.7386604309082 677.94570526886
2017 126 1152 14.2194458007813 616.345119501114
2017 127 1153 16.4588409423828 594.636532014847
2017 128 1154 17.5048080444336 696.896657155991
2017 129 1155 18.8308197021485 687.650975610733
2017 130 1156 17.4546295166016 695.566909431457
2017 131 1157 14.1442771911621 603.101327746741
2017 132 1158 14.6840950012207 711.648650391182
2017 133 1159 14.157487487793 739.970228229014
2017 134 1160 13.8421493530274 696.298699389618
2017 135 1161 14.6787200927735 704.982136634875
2017 136 1162 14.4340148925781 600.932690998744
2017 137 1163 14.9316993713379 582.320868508771
2017 138 1164 16.9375244140625 742.84386655879
2017 139 1165 20.0473648071289 738.707399953268
2017 140 1166 21.3622108459473 734.338923653513
2017 141 1167 22.4158264160156 738.859119538613
2017 142 1168 20.8632865905762 731.911497419924
2017 143 1169 19.8540740966797 713.139032556653
2017 144 1170 17.035001373291 654.64412684752
2017 145 1171 15.2924705505371 582.865265012041
2017 146 1172 15.1318069458008 589.955688791096
2017 147 1173 15.3649536132813 651.913280863643
2017 148 1174 15.934716796875 692.193487591177
2017 149 1175 16.0016265869141 698.998328084171
2017 150 1176 15.5190216064453 652.368408417881
2017 151 1177 16.3434005737305 507.788845231965
2017 152 1178 18.1639915466309 699.953246112615
2017 153 1179 18.5799041748047 744.035284079552
2017 154 1180 18.7983909606934 659.476679009259
2017 155 1181 18.4260536193848 755.369249518245
2017 156 1182 18.088208770752 765.01204904738
2017 157 1183 18.9766098022461 761.638618796319
2017 158 1184 17.0839477539063 688.596967405796
2017 159 1185 16.2564636230469 273.064002399653
2017 160 1186 18.0491729736328 343.062455805928
2017 161 1187 15.9324432373047 717.378121305942
2017 162 1188 15.6317687988281 730.590693821371
2017 163 1189 15.0163665771485 628.178850969195
2017 164 1190 16.9005676269531 676.495481823385
2017 165 1191 19.2295776367188 748.64025121671
2017 166 1192 20.2038970947266 743.54890426588
2017 167 1193 23.2542587280274 701.996938057959
2017 168 1194 25.0886779785156 730.434509890795
2017 169 1195 28.0867973327637 735.552642755508
2017 170 1196 26.9276557922364 737.681110370934
2017 171 1197 24.1682716369629 749.555011606038
2017 172 1198 22.3282638549805 744.200380162537
2017 173 1199 26.1699729919434 740.202245375216
2017 174 1200 22.6138664245606 708.061063725769
2017 175 1201 19.46376953125 665.795151879489
2017 176 1202 18.1724639892578 672.095770707905
2017 177 1203 17.9011054992676 720.671221095264
2017 178 1204 17.7497306823731 708.217239214063
2017 179 1205 17.5444618225098 733.968570698321
2017 180 1206 18.3300262451172 760.567697692692
2017 181 1207 17.9562469482422 759.697572911918
2017 182 1208 18.0539222717285 757.935014240384
2017 183 1209 19.070573425293 742.834946342111
2017 184 1210 18.8012901306153 736.739582023323
2017 185 1211 19.0767646789551 751.719172562599
2017 186 1212 18.4241958618164 706.49035252595
2017 187 1213 20.0564476013184 692.099777906954
2017 188 1214 23.3347946166992 743.129458019376
2017 189 1215 26.3335281372071 747.877235062301
2017 190 1216 21.4472976684571 752.973059573054
2017 191 1217 21.4398551940918 760.447234572172
2017 192 1218 20.2701889038086 746.904468126714
2017 193 1219 19.5975891113281 744.963412004471
2017 194 1220 19.6599517822266 741.518587195873
2017 195 1221 19.9761215209961 746.360086176932
2017 196 1222 21.2841545104981 744.57967636168
2017 197 1223 25.6799140930176 733.647276446283
2017 198 1224 24.9653945922852 742.607352544487
2017 199 1225 20.3414360046387 752.946266413927
2017 200 1226 19.00283203125 759.929619950652
2017 201 1227 19.7689949035645 749.706731900156
2017 202 1228 20.1101470947266 743.142832453698
2017 203 1229 20.879598236084 738.542323881328
2017 204 1230 23.2583862304688 719.283483236522
2017 205 1231 20.3940902709961 696.834179822534
2017 206 1232 19.6523109436035 677.593184556752
2017 207 1233 19.5734191894531 688.382770597249
2017 208 1234 20.8112464904785 718.930948789954
2017 209 1235 22.1709075927735 730.943198593944
2017 210 1236 19.793775177002 719.502129238293
2017 211 1237 18.9320007324219 695.723093157276
2017 212 1238 19.8582015991211 692.20242522794
2017 213 1239 20.5799499511719 711.028423582196
2017 214 1240 22.3739067077637 683.898265879713
2017 215 1241 23.9411064147949 533.009153521113
2017 216 1242 23.5483299255371 424.327946801171
2017 217 1243 21.2393394470215 556.377668856606
2017 218 1244 19.5226226806641 646.13472342439
2017 219 1245 18.9109397888184 633.832446760114
2017 220 1246 18.8279243469239 626.32704449765
2017 221 1247 18.6928611755371 634.71150710055
2017 222 1248 18.408292388916 655.295608847014
2017 223 1249 19.0185371398926 650.922662665717
2017 224 1250 19.9195304870606 676.888156898498
2017 225 1251 19.0379425048828 675.915421463966
2017 226 1252 18.7387138366699 615.510665128708
2017 227 1253 17.520093536377 629.575524196625
2017 228 1254 17.9473663330078 635.398683176041
2017 229 1255 19.5172554016114 617.175087115288
2017 230 1256 19.7239700317383 600.624790794373
2017 231 1257 19.1552406311035 612.346978413582
2017 232 1258 19.0350509643555 607.6036705513
2017 233 1259 18.9196105957031 600.142877074241
2017 234 1260 19.1029945373535 599.884069448471
2017 235 1261 20.120263671875 609.727681334496
2017 236 1262 19.3315979003906 649.802658910751
2017 237 1263 19.068505859375 635.563791040421
2017 238 1264 20.8155838012696 639.860873609543
2017 239 1265 24.3712669372559 609.397486774445
2017 240 1266 24.0610939025879 624.046846149445
2017 241 1267 21.7337242126465 604.520292877197
2017 242 1268 19.442700958252 628.451035328865
2017 243 1269 20.6121726989746 627.58538735199
2017 244 1270 28.0585075378418 614.564692990303
2017 245 1271 29.1740737915039 603.824191137314
2017 246 1272 28.9605422973633 597.197819775581
2017 247 1273 25.1506401062012 454.532534594536
2017 248 1274 24.4445777893067 464.550177459717
2017 249 1275 22.3705993652344 509.778982627869
2017 250 1276 20.8513084411621 455.331276851177
2017 251 1277 19.3679519653321 452.845838086128
2017 252 1278 20.6224952697754 543.513176396847
2017 253 1279 22.8697372436524 561.009427719593
2017 254 1280 25.9473510742188 550.558975986481
2017 255 1281 24.4474731445313 506.164596461773
2017 256 1282 20.9254432678223 456.43788773632
2017 257 1283 18.5421157836914 508.76159986639
2017 258 1284 17.8174682617188 548.707166069508
2017 259 1285 19.0790458679199 533.575868781567
2017 260 1286 18.5786682128906 530.911929415703
2017 261 1287 19.7545372009278 478.240174983978
2017 262 1288 17.8767410278321 496.744900569916
2017 263 1289 18.7091804504395 427.366700348854
2017 264 1290 16.7562156677246 463.94778102541
2017 265 1291 15.9027076721192 520.336527362824
2017 266 1292 17.249772644043 511.956525043487
2017 267 1293 18.0681739807129 524.174020127296
2017 268 1294 19.0303016662598 501.876424407005
2017 269 1295 20.7558990478516 509.16318640089
2017 270 1296 22.8903823852539 507.342623010159
2017 271 1297 21.4353118896485 505.687134218693
2017 272 1298 19.1973739624024 457.250006600857
2017 273 1299 18.2558914184571 445.335965461731
2017 274 1300 19.6983619689942 476.705185035229
2017 275 1301 19.7617622375489 497.119732880592
2017 276 1302 16.2453094482422 492.746771578789
2017 277 1303 16.875577545166 477.99476211071
2017 278 1304 17.2501846313477 478.204473704577
2017 279 1305 18.3884712219239 476.018012458324
2017 280 1306 18.6119132995606 470.310862539291
2017 281 1307 18.6606536865235 456.830564008474
2017 282 1308 21.2558609008789 464.175339604855
2017 283 1309 18.0402847290039 453.251901298523
2017 284 1310 16.4200187683106 424.354726997614
2017 285 1311 15.426286315918 442.997773211002
2017 286 1312 14.847241973877 447.683080575228
2017 287 1313 17.2363525390625 440.521249244451
2017 288 1314 17.2625785827637 433.341578362346
2017 289 1315 19.2576728820801 403.025435143471
2017 290 1316 18.3735977172852 376.881434632301
2017 291 1317 14.6578689575196 386.979387420535
2017 292 1318 14.879655456543 333.540134990334
2017 293 1319 14.9932418823242 328.158722106099
2017 294 1320 12.756120300293 350.826671569109
2017 295 1321 14.7410903930664 376.899278845787
2017 296 1322 18.9677291870117 379.264241574883
2017 297 1323 21.8941818237305 379.933576994538
2017 298 1324 21.8939796447754 377.840807067394
2017 299 1325 19.9750839233399 374.900212712169
2017 300 1326 19.5226226806641 372.633410293818
2017 301 1327 17.2838531494141 369.643756951928
2017 302 1328 15.6222663879395 353.678009701729
2017 303 1329 14.7231307983399 322.875482889056
2017 304 1330 13.1947494506836 348.680355708063
2017 305 1331 13.2505012512207 334.722612070739
2017 306 1332 13.8679672241211 329.314438221455
2017 307 1333 15.7614532470703 177.742609992176
2017 308 1334 14.9540077209473 112.429459760487
2017 309 1335 10.8562255859375 283.242270308614
2017 310 1336 11.4617134094239 317.739501904726
2017 311 1337 11.3747764587403 322.09906972982
2017 312 1338 12.4711280822754 211.998873387843
2017 313 1339 16.3952346801758 208.924423112661
2017 314 1340 14.8858543395996 192.423217649601
2017 315 1341 13.0322242736817 222.337783516534
2017 316 1342 12.5696426391602 257.892539888717
2017 317 1343 14.2756210327149 219.95496442242
2017 318 1344 14.3148551940918 268.017259662639
2017 319 1345 12.2821784973145 173.507983050315
2017 320 1346 14.9680458068848 105.053449300639
2017 321 1347 12.5640617370606 201.552877532085
2017 322 1348 10.8620086669922 297.391892436346
2017 323 1349 10.5165115356446 278.110753535144
2017 324 1350 13.511319732666 140.965190644026
2017 325 1351 14.1457229614258 173.494594694495
2017 326 1352 13.9074073791504 218.473512201548
2017 327 1353 14.9769187927246 216.313819795609
2017 328 1354 15.7978034973145 207.536679016709
2017 329 1355 15.714372253418 236.857758601427
2017 330 1356 16.2335411071778 94.7547066398859
2017 331 1357 12.9653106689453 189.616501241446
2017 332 1358 10.314958190918 239.191485514641
2017 333 1359 10.9022804260254 263.617541227102
2017 334 1360 11.7243934631348 260.569863824367
2017 335 1361 10.4655090332031 241.587683303595
2017 336 1362 10.1264129638672 191.660190383196
2017 337 1363 11.7128273010254 236.862223938942
2017 338 1364 10.3556457519531 265.763854001045
2017 339 1365 11.375390625 267.499649817467
2017 340 1366 9.92982254028323 262.261033230543
2017 341 1367 9.38649902343752 262.497533069372
2017 342 1368 9.70183334350588 256.647594161272
2017 343 1369 9.76977691650393 247.044952743769
2017 344 1370 9.20249328613284 254.019360358953
2017 345 1371 9.18659362792971 245.68397688961
2017 346 1372 10.0045829772949 257.513251714468
2017 347 1373 8.77274856567385 259.347216409922
2017 348 1374 9.23698577880862 254.095213134766
2017 349 1375 9.49305496215823 219.896959687471
2017 350 1376 11.5350242614746 223.877233880758
2017 351 1377 12.7691246032715 247.254671897888
2017 352 1378 9.13145599365237 244.706761501074
2017 353 1379 8.72070465087893 225.550552521229
2017 354 1380 11.3223243713379 232.074282988191
2017 355 1381 7.50064620971682 253.863180649519
2017 356 1382 7.01865158081057 233.671755027056
2017 357 1383 8.36427459716799 208.174769800186
2017 358 1384 8.75312957763674 160.072308884144
2017 359 1385 8.99639282226565 141.447108900309
2017 360 1386 9.12546691894534 219.09822461307
2017 361 1387 8.24015960693362 217.308884689808
2017 362 1388 8.80021438598635 218.834951523781
2017 363 1389 8.66969833374026 225.77366819191
2017 364 1390 8.82602844238284 216.795734775782
2017 365 1391 9.12029800415041 192.369679567337
2018 1 1392 9.83561477661135 187.344824601889
2018 2 1393 10.8348861694336 201.620455967188
2018 3 1394 11.1903053283692 126.176271264076
2018 4 1395 12.1070724487305 119.694631120443
2018 5 1396 14.7676597595215 104.271254288673
2018 6 1397 12.1095520019531 140.97238806802
2018 7 1398 9.44173965454104 189.173215626717
2018 8 1399 10.379598236084 47.6358468801974
2018 9 1400 13.222543334961 58.1924261708259
2018 10 1401 11.2343421936035 91.5882346014976
2018 11 1402 11.6133323669434 97.6294654287099
2018 12 1403 11.3093963623047 165.866883806467
2018 13 1404 10.2181182861328 229.055103833675
2018 14 1405 9.28273925781252 223.263005398273
2018 15 1406 9.60383758544924 200.254725217819
2018 16 1407 11.6830154418946 165.631101435661
2018 17 1408 12.184400177002 126.896950126886
2018 18 1409 11.6464057922364 121.847761730671
2018 19 1410 10.7166152954102 205.383994587421
2018 20 1411 7.94769439697268 277.7630694561
2018 21 1412 7.20501480102541 276.802173377991
2018 22 1413 11.4332443237305 165.097268181086
2018 23 1414 10.5863586425781 204.494266700268
2018 24 1415 9.06295166015627 226.514947484493
2018 25 1416 9.59845886230471 203.213058699012
2018 26 1417 7.89848480224612 257.548537179947
2018 27 1418 8.94075546264651 253.179987033844
2018 28 1419 10.7625137329102 282.580931494713
2018 29 1420 10.5981384277344 245.030113780022
2018 30 1421 10.4401756286621 237.9434555583
2018 31 1422 11.1654945373535 321.577549843788
2018 32 1423 12.4560867309571 297.626176973343
2018 33 1424 14.027661895752 309.957750228882
2018 34 1425 16.1281295776367 328.148164842605
2018 35 1426 17.0864578247071 302.448480408668
2018 36 1427 14.3202262878418 316.02122445488
2018 37 1428 15.0527778625489 344.986211454391
2018 38 1429 16.2284065246582 351.178689807892
2018 39 1430 15.3699432373047 343.900745589256
2018 40 1431 14.2397933959961 345.466654453277
2018 41 1432 13.9608741760254 355.048993062973
2018 42 1433 12.3965354919434 346.27186173439
2018 43 1434 9.47874603271487 314.539836196899
2018 44 1435 10.0487838745117 377.274306715011
2018 45 1436 11.141919708252 351.650245981216
2018 46 1437 10.1103988647461 382.901810375214
2018 47 1438 10.103776550293 396.839356796264
2018 48 1439 10.7809120178223 396.029691989899
2018 49 1440 12.4782119750977 365.65894345665
2018 50 1441 7.52445755004885 402.876121321242
2018 51 1442 5.62970886230471 399.019167965099
2018 52 1443 7.29722747802737 406.8887789414
2018 53 1444 8.59133300781252 428.740425239019
2018 54 1445 6.4544731140137 424.554254780866
2018 55 1446 6.12986145019534 424.887906904563
2018 56 1447 8.42241821289065 381.389277607158
2018 57 1448 10.6614128112793 301.607695769366
2018 58 1449 8.57169494628909 405.865603222579
2018 59 1450 7.80192337036135 396.794865950808
2018 60 1451 11.6503425598145 160.6530979614
2018 61 1452 9.21388397216799 358.189719037294
2018 62 1453 7.72790679931643 360.138214858144
2018 63 1454 7.31852111816409 360.832204830319
2018 64 1455 9.26496276855471 448.674691567778
2018 65 1456 11.0089698791504 443.064973466098
2018 66 1457 13.0776000976563 346.27631317994
2018 67 1458 14.9961181640625 379.520859782845
2018 68 1459 13.3302589416504 362.980884751022
2018 69 1460 13.0052352905274 297.563895418942
2018 70 1461 11.7460723876953 404.197353385329
2018 71 1462 14.6388450622559 433.976448351979
2018 72 1463 16.02041015625 195.694892476916
2018 73 1464 11.3015419006348 243.966898747921
2018 74 1465 9.88585433959963 362.242415667534
2018 75 1466 10.4906326293946 292.835007416487
2018 76 1467 9.4489685058594 387.590664506197
2018 77 1468 8.49581680297854 397.488844535351
2018 78 1469 10.7281967163086 466.411357050419
2018 79 1470 13.0048233032227 308.965715358138
2018 80 1471 13.7183471679688 135.718566394478
2018 81 1472 15.6310821533203 155.363679210007
2018 82 1473 9.7434020996094 474.645751918316
2018 83 1474 10.9111763000489 418.143796082258
2018 84 1475 9.48370895385744 534.399630435943
2018 85 1476 10.7242637634278 545.654664469242
2018 86 1477 14.0522590637207 572.45316869545
2018 87 1478 15.9137245178223 562.942013397217
2018 88 1479 17.9244590759278 571.732477988243
2018 89 1480 17.6835838317871 570.744896736622
2018 90 1481 17.2897010803223 515.461860606193
2018 91 1482 15.0252738952637 578.734610563755
2018 92 1483 15.6548553466797 577.115328832626
2018 93 1484 14.4467674255371 599.638681776046
2018 94 1485 14.9221015930176 561.954406188726
2018 95 1486 14.3930030822754 397.519983705997
2018 96 1487 14.2255302429199 151.626842836857
2018 97 1488 16.5447479248047 289.031444501102
2018 98 1489 13.789682006836 575.665069664955
2018 99 1490 15.1127334594727 613.856495853424
2018 100 1491 18.3648582458496 537.304595712185
2018 101 1492 12.8507858276367 411.711085896969
2018 102 1493 11.1599098205567 540.089434614181
2018 103 1494 11.9952102661133 611.044955649376
2018 104 1495 15.1046768188477 636.495521677971
2018 105 1496 15.3724227905274 632.287117854118
2018 106 1497 10.7558990478516 443.941357821464
2018 107 1498 9.96896896362307 551.526840601921
2018 108 1499 11.5194641113281 475.940308176517
2018 109 1500 11.7969375610352 599.006988352775
2018 110 1501 14.8644157409668 653.378050803184
2018 111 1502 16.2410179138184 657.475215078354
2018 112 1503 18.1535469055176 667.796051311493
2018 113 1504 19.2011962890625 664.17930080223
2018 114 1505 17.0765319824219 642.518950755119
2018 115 1506 14.9611793518067 642.03405829525
2018 116 1507 14.2143608093262 649.645661685943
2018 117 1508 14.0216690063477 603.989433070183
2018 118 1509 14.0386177062989 518.629281078339
2018 119 1510 13.8326850891114 490.731955043793
2018 120 1511 13.7969223022461 501.728958141327
2018 121 1512 14.6557899475098 633.870846738815
2018 122 1513 15.8345352172852 686.217765317917
2018 123 1514 14.9682060241699 660.566999753952
2018 124 1515 15.4848991394043 664.437325185776
2018 125 1516 16.9669548034668 550.917376338959
2018 126 1517 14.7110000610352 598.264065461159
2018 127 1518 16.6096740722656 665.865340072632
2018 128 1519 17.7133499145508 697.495019943237
2018 129 1520 17.6730361938477 679.940751237869
2018 130 1521 16.6572319030762 696.280552974701
2018 131 1522 17.9074989318848 661.047468123
2018 132 1523 22.7779289245606 735.161513063077
2018 133 1524 16.407674407959 659.223540254239
2018 134 1525 14.6249900817871 666.283503730066
2018 135 1526 14.8267875671387 595.68832065754
2018 136 1527 14.7937026977539 543.070016376823
2018 137 1528 15.1871696472168 604.465454679463
2018 138 1529 15.9232345581055 676.524226827241
2018 139 1530 15.5862174987793 712.976234829999
2018 140 1531 14.7070709228516 670.643131115779
2018 141 1532 15.5649162292481 682.525424405128
2018 142 1533 15.7780891418457 654.895031252414
2018 143 1534 14.6502166748047 569.837360452682
2018 144 1535 14.4066520690918 594.180230636805
2018 145 1536 14.2013374328614 377.385520763591
2018 146 1537 14.9024520874024 370.903880871966
2018 147 1538 17.3848167419434 588.24131595999
2018 148 1539 21.6548171997071 727.033894906744
2018 149 1540 23.4122711181641 735.183757245451
2018 150 1541 17.7284484863281 715.783327329248
2018 151 1542 14.5395980834961 720.24529734987
2018 152 1543 15.8130317687989 731.860636761934
2018 153 1544 21.2423263549805 748.707560276449
2018 154 1545 23.5232978820801 746.959263014436
2018 155 1546 21.3601776123047 751.981757070333
2018 156 1547 17.4656616210938 744.588157453656
2018 157 1548 16.171964263916 726.673537882
2018 158 1549 15.7927642822266 743.471548070729
2018 159 1550 17.4582153320313 753.5921489833
2018 160 1551 18.5050407409668 703.527361550808
2018 161 1552 17.2781272888184 744.80168609333
2018 162 1553 18.7006317138672 754.103759944796
2018 163 1554 22.291837310791 757.538090240002
2018 164 1555 21.9213272094727 760.407447290957
2018 165 1556 20.1799942016602 754.722118593574
2018 166 1557 18.1301856994629 752.608994574904
2018 167 1558 16.5451675415039 714.13287766701
2018 168 1559 16.0942207336426 719.195419927359
2018 169 1560 18.3845001220703 696.574166367888
2018 170 1561 18.1967559814453 718.901787507534
2018 171 1562 17.5198341369629 759.050613069475
2018 172 1563 17.3339553833008 783.522500107527
2018 173 1564 21.0024848937989 773.81112933439
2018 174 1565 24.9137512207031 763.846224590063
2018 175 1566 23.6839500427246 710.102422734499
2018 176 1567 18.2401824951172 678.979867823183
2018 177 1568 18.7550064086914 758.57460037893
2018 178 1569 17.953199005127 728.252812549055
2018 179 1570 17.7210060119629 749.414902285695
2018 180 1571 20.2978492736817 752.991602920949
2018 181 1572 24.2022987365723 755.789794049025
2018 182 1573 22.37392578125 725.872783684492
2018 183 1574 18.7227569580078 693.322229384839
2018 184 1575 18.0727058410645 746.140714343607
2018 185 1576 17.8388610839844 707.962644980371
2018 186 1577 17.7780738830567 721.851240085363
2018 187 1578 22.0675064086914 621.948529327571
2018 188 1579 23.1713882446289 691.209143797457
2018 189 1580 21.6843734741211 744.205564732134
2018 190 1581 21.5392280578614 754.041451866507
2018 191 1582 24.0141464233399 746.420977652788
2018 192 1583 21.2175117492676 721.633263685763
2018 193 1584 20.9325996398926 705.093284212291
2018 194 1585 21.5040832519531 567.782108691275
2018 195 1586 20.8761497497559 667.351161159038
2018 196 1587 19.0492340087891 698.366959562778
2018 197 1588 19.2293182373047 693.531322171986
2018 198 1589 19.7288452148438 726.153061043143
2018 199 1590 20.3538757324219 736.932074636638
2018 200 1591 20.6243263244629 708.416402679741
2018 201 1592 20.7665725708008 705.627115324795
2018 202 1593 21.6475845336914 613.576229488641
2018 203 1594 20.6838699340821 625.743203275323
2018 204 1595 20.5356193542481 690.888818958878
2018 205 1596 20.1136260986328 699.897289465993
2018 206 1597 21.4261337280274 725.076495675027
2018 207 1598 21.5332389831543 711.459259854078
2018 208 1599 19.0153175354004 718.95962284556
2018 209 1600 19.0440612792969 720.507768831819
2018 210 1601 18.8867164611817 715.058204770148
2018 211 1602 18.7194534301758 620.653985874548
2018 212 1603 19.1813446044922 664.899962166205
2018 213 1604 19.0661865234375 685.065571524501
2018 214 1605 18.518685913086 715.338456266433
2018 215 1606 19.0785919189453 710.560631989673
2018 216 1607 22.0257354736328 699.488014421806
2018 217 1608 20.2494636535645 709.132617425702
2018 218 1609 20.3834548950196 706.303291804887
2018 219 1610 20.1547676086426 696.520773143224
2018 220 1611 18.3878036499024 692.049919159699
2018 221 1612 20.0071388244629 692.503688069507
2018 222 1613 22.0325637817383 693.059759639386
2018 223 1614 22.7574592590332 677.111447632354
2018 224 1615 21.3390937805176 667.124296610832
2018 225 1616 19.4788795471192 661.220974755287
2018 226 1617 17.7176948547364 636.944843650818
2018 227 1618 17.7447868347168 622.798216917038
2018 228 1619 18.5623146057129 631.504163926124
2018 229 1620 19.7127243041992 655.526728172302
2018 230 1621 20.9729133605957 668.837005430221
2018 231 1622 19.9517265319824 680.603623145103
2018 232 1623 18.7961517333985 674.807068192482
2018 233 1624 16.7273193359375 611.783430088043
2018 234 1625 17.3149314880371 573.440747426986
2018 235 1626 17.5363708496094 569.356920446396
2018 236 1627 16.7180191040039 589.091004683494
2018 237 1628 17.3885322570801 625.854432113647
2018 238 1629 17.3436714172364 617.72680314064
2018 239 1630 17.327954864502 583.098697640419
2018 240 1631 17.1838432312012 528.923383248329
2018 241 1632 17.6043907165528 587.30265805149
2018 242 1633 18.3878036499024 545.663546758652
2018 243 1634 17.8582931518555 591.866941135406
2018 244 1635 18.8075271606446 608.406937367439
2018 245 1636 19.100717163086 609.656989943504
2018 246 1637 18.8716255187989 584.89595428276
2018 247 1638 18.2060600280762 578.111800437927
2018 248 1639 18.2819458007813 587.146959174156
2018 249 1640 16.5333801269531 566.256224752426
2018 250 1641 18.3127494812012 596.168775575638
2018 251 1642 20.2364402770996 591.417627226829
2018 252 1643 19.5605445861817 585.278530308723
2018 253 1644 19.5448356628418 589.518074311256
2018 254 1645 19.8061767578125 582.733925506592
2018 255 1646 18.2294250488281 571.011803409576
2018 256 1647 17.2506271362305 539.59563768816
2018 257 1648 16.4064270019531 531.77050351572
2018 258 1649 17.5076232910156 537.438068957329
2018 259 1650 16.1204772949219 558.773650690079
2018 260 1651 16.8354583740235 526.63234026432
2018 261 1652 16.4701057434082 523.482724692345
2018 262 1653 16.740552520752 542.771943473816
2018 263 1654 20.0549064636231 545.708041368484
