Year DOY_disc DOY TA_C PAR_umol_m2_day
2014 71 1 16.3602424621582 517.358972064018
2014 72 2 16.0453544616699 521.255302876592
2014 73 3 13.8589912414551 484.213598152757
2014 74 4 14.8956619262696 508.998303454041
2014 75 5 15.1343971252442 516.33830260849
2014 76 6 14.862939453125 513.041079772115
2014 77 7 14.0158363342285 537.359799420595
2014 78 8 13.5752349853516 540.887798354149
2014 79 9 15.0759063720703 482.407451786756
2014 80 10 13.8258720397949 485.957631494999
2014 81 11 12.9276062011719 513.391639008045
2014 82 12 13.5369583129883 542.605199570656
2014 83 13 13.1520782470703 557.076619819641
2014 84 14 13.9133239746094 409.894992127895
2014 85 15 12.7043319702149 252.320230132222
2014 86 16 13.0134674072266 398.778487637043
2014 87 17 14.525651550293 416.387398324013
2014 88 18 14.9430519104004 211.741666866183
2014 89 19 11.5895401000977 325.746840950012
2014 90 20 10.9423156738281 344.922250704765
2014 91 21 9.34348449707034 279.203976086617
2014 92 22 9.97504196166994 399.737048604965
2014 93 23 11.2026763916016 399.266651670456
2014 94 24 12.4858146667481 394.482778513908
2014 95 25 11.5958839416504 551.564955366135
2014 96 26 14.6289611816406 606.872336015701
2014 97 27 17.5906425476074 609.03794835186
2014 98 28 19.0237022399903 586.631875095367
2014 99 29 17.5519844055176 564.878143825531
2014 100 30 15.2831207275391 615.002260281563
2014 101 31 16.1151557922364 543.182101319313
2014 102 32 13.994027709961 519.83078775692
2014 103 33 14.2258277893067 595.44519685173
2014 104 34 15.8095909118653 631.124511198044
2014 105 35 15.9575057983399 639.147931657791
2014 106 36 16.2099357604981 640.678951465607
2014 107 37 17.0078674316406 636.556289984703
2014 108 38 16.4744659423828 642.493977726936
2014 109 39 14.9156852722168 647.189081415176
2014 110 40 15.6832710266114 664.505107391357
2014 111 41 16.4542366027832 529.891109763145
2014 112 42 14.2930541992188 568.947531730652
2014 113 43 13.3188415527344 670.012317343712
2014 114 44 14.9101310729981 561.008443374634
2014 115 45 14.1437355041504 394.753480433941
2014 116 46 11.3162895202637 515.761400859833
2014 117 47 13.5885139465332 360.22797311306
2014 118 48 13.8102088928223 570.744821638107
2014 119 49 18.5277801513672 692.205370891571
2014 120 50 22.1368804931641 696.128321733475
2014 121 51 22.4484001159668 694.211235078812
2014 122 52 20.2824531555176 690.132958332062
2014 123 53 17.0844055175781 680.445409223556
2014 124 54 15.6610656738281 628.599447130203
2014 125 55 16.0519004821778 640.687819138527
2014 126 56 15.009481048584 641.797245965958
2014 127 57 15.1417404174805 687.119743839264
2014 128 58 15.0346618652344 546.07993727684
2014 129 59 16.7011085510254 497.668784672737
2014 130 60 15.6263633728028 719.688229736328
2014 131 61 17.3130317687989 720.105358496501
2014 132 62 18.8862854003906 739.622503504259
2014 133 63 21.8279434204102 727.400969229204
2014 134 64 24.1085067749024 732.53987194916
2014 135 65 23.9338050842285 726.264926716635
2014 136 66 20.5101028442383 693.873953907602
2014 137 67 18.1700569152832 717.243020031162
2014 138 68 17.8771797180176 707.653104827151
2014 139 69 16.5198722839356 714.562650731042
2014 140 70 15.7671524047852 678.00910407117
2014 141 71 17.231534576416 656.765706741571
2014 142 72 16.9729591369629 704.915031438149
2014 143 73 17.846639251709 647.59735196948
2014 144 74 19.1809478759766 704.218307969824
2014 145 75 20.0141693115235 735.508719401553
2014 146 76 21.5463691711426 744.477357486442
2014 147 77 19.2945686340332 749.407686291829
2014 148 78 18.8248191833496 771.951313329846
2014 149 79 19.4613357543946 777.227775787979
2014 150 80 16.9588790893555 751.03188755843
2014 151 81 15.4760566711426 705.833625812978
2014 152 82 17.5973831176758 745.888548841238
2014 153 83 17.5642715454102 709.960711081505
2014 154 84 14.9862724304199 710.595310666084
2014 155 85 17.4869400024414 749.807062980086
2014 156 86 18.9703651428223 734.261705432981
2014 157 87 17.7528511047364 670.780036133081
2014 158 88 17.7098251342774 747.264240350127
2014 159 89 21.2864089965821 757.661850953937
2014 160 90 23.613168334961 762.001937124968
2014 161 91 21.3472877502442 738.965694592237
2014 162 92 17.5238166809082 692.387326654077
2014 163 93 15.9200378417969 749.381044007003
2014 164 94 16.9426284790039 772.625853826284
2014 165 95 19.9907737731934 767.331652620196
2014 166 96 17.7389656066895 723.216212856352
2014 167 97 16.6128746032715 746.81604309094
2014 168 98 16.7481056213379 764.309555081964
2014 169 99 20.1513916015625 776.55769149375
2014 170 100 19.5852638244629 782.60185506916
2014 171 101 19.8480010986328 764.504824828267
2014 172 102 19.7149482727051 738.615113116562
2014 173 103 17.0719123840332 760.990136476397
2014 174 104 17.4508491516114 761.655791060805
2014 175 105 20.2624298095703 748.77750295037
2014 176 106 19.4216705322266 718.973737365663
2014 177 107 18.5198379516602 609.228768133163
2014 178 108 18.3633895874024 684.976335525572
2014 179 109 19.7333885192871 726.473518816173
2014 180 110 20.9719177246094 755.398610044837
2014 181 111 23.5614181518555 754.351302919388
2014 182 112 20.6594139099121 702.478703912139
2014 183 113 18.3879753112793 705.984519928932
2014 184 114 18.8549552917481 747.690279326379
2014 185 115 19.1853080749512 770.442488692701
2014 186 116 18.4823661804199 770.535688910365
2014 187 117 19.4655014038086 785.699387427211
2014 188 118 19.9404045104981 731.457083711088
2014 189 119 20.5777183532715 662.326160028696
2014 190 120 18.9265419006348 696.390151318431
2014 191 121 18.3265090942383 652.28801942718
2014 192 122 18.3933349609375 700.308669835925
2014 193 123 17.9642311096192 706.099898149192
2014 194 124 18.3072715759278 727.241232281864
2014 195 125 22.7373138427735 709.153058877528
2014 196 126 21.1662460327149 635.668763643265
2014 197 127 20.8366905212403 620.944377324104
2014 198 128 18.7534271240235 612.210933170319
2014 199 129 18.2253776550293 653.428534141541
2014 200 130 19.0621696472168 682.406871981084
2014 201 131 19.3794380187989 609.543847227096
2014 202 132 19.3812271118164 497.264942442209
2014 203 133 19.1026168823242 631.696970541954
2014 204 134 19.7744384765625 697.62829394421
2014 205 135 21.3221031188965 725.901027026177
2014 206 136 23.8267303466797 737.803009120524
2014 207 137 24.1624389648438 732.952579653442
2014 208 138 22.8231750488281 612.814459484458
2014 209 139 22.3141532897949 655.327877260089
2014 210 140 21.633618927002 518.335276221543
2014 211 141 22.126180267334 659.92090576525
2014 212 142 22.1531425476074 689.485051756918
2014 213 143 21.5400329589844 711.198849328637
2014 214 144 21.2929512023926 705.176859566182
2014 215 145 18.8059745788574 652.141578497209
2014 216 146 17.7371841430664 543.887699839681
2014 217 147 19.5243888854981 513.427138448376
2014 218 148 22.4664512634278 540.337516705699
2014 219 149 20.5336967468262 664.172269349418
2014 220 150 19.5398536682129 685.202657698462
2014 221 151 19.6334510803223 683.405376786526
2014 222 152 17.8954254150391 668.232776970369
2014 223 153 19.1714302062989 655.425514888599
2014 224 154 19.5136810302735 641.908194192886
2014 225 155 18.8456321716309 633.529758358002
2014 226 156 19.6766716003418 653.17113675499
2014 227 157 20.2148376464844 657.65324593544
2014 228 158 20.5719619750977 673.362790697098
2014 229 159 19.6510940551758 647.215709634781
2014 230 160 19.1874938964844 634.080035919189
2014 231 161 18.2277618408203 624.041905776024
2014 232 162 18.6808563232422 517.106028170586
2014 233 163 18.8061729431153 591.313679794311
2014 234 164 20.2749267578125 642.125663362503
2014 235 165 18.5517707824707 626.353958199501
2014 236 166 19.1057945251465 624.321481921196
2014 237 167 18.9729362487793 573.411897500992
2014 238 168 18.3203598022461 634.133300422669
2014 239 169 20.2188049316406 618.00659903717
2014 240 170 21.0417190551758 616.160494087219
2014 241 171 20.229508972168 547.983717885971
2014 242 172 21.4301734924317 519.653287125587
2014 243 173 21.9754806518555 611.922480279922
2014 244 174 21.8695846557617 611.403263262749
2014 245 175 22.2731071472168 603.579549409866
2014 246 176 18.6762939453125 593.221894743919
2014 247 177 20.0345970153809 598.93325471592
2014 248 178 19.3038879394531 582.895304654121
2014 249 179 18.8688369750977 591.735270758629
2014 250 180 18.3695350646973 588.451347793579
2014 251 181 17.6878105163574 567.85142758131
2014 252 182 16.6739402770996 576.509423936844
2014 253 183 19.4020439147949 585.447001981735
2014 254 184 21.4444480895996 578.635102007866
2014 255 185 21.6625724792481 567.993433832169
2014 256 186 22.3629356384278 547.495578549385
2014 257 187 20.9986854553223 534.164633071423
2014 258 188 20.8920074462891 538.198534660339
2014 259 189 19.2255607604981 547.366870783806
2014 260 190 20.8838821411133 517.425538580894
2014 261 191 22.3409286499024 419.249724024534
2014 262 192 20.4696441650391 471.033563769817
2014 263 193 20.5027519226074 502.399400382042
2014 264 194 19.7849441528321 418.10922682476
2014 265 195 19.282674407959 489.756322520256
2014 266 196 20.1948143005371 496.155514323235
2014 267 197 20.8945938110352 449.004686411142
2014 268 198 19.8484016418457 348.232805921555
2014 269 199 17.8591361999512 440.484252137661
2014 270 200 18.0013061523438 483.605622881651
2014 271 201 18.7286392211914 432.75373453331
2014 272 202 18.1958290100098 367.545783554554
2014 273 203 18.2902160644531 488.065561619759
2014 274 204 20.4250350952149 494.553490633965
2014 275 205 20.3611808776856 497.362586356163
2014 276 206 23.0228515625 489.064021571636
2014 277 207 22.5675750732422 486.645464838028
2014 278 208 21.1971794128418 484.218033123255
2014 279 209 20.7288108825684 479.487437070608
2014 280 210 19.920972442627 458.474775674343
2014 281 211 19.7185111999512 449.124504327059
2014 282 212 20.0201164245606 449.404092316627
2014 283 213 18.0356155395508 443.266689903259
2014 284 214 17.7808013916016 426.971362363577
2014 285 215 20.5321022033692 441.283032195568
2014 286 216 22.0708557128906 432.806979128122
2014 287 217 18.737565612793 341.221194804668
2014 288 218 18.813321685791 297.017001008034
2014 289 219 16.9233909606934 305.164667297959
2014 290 220 16.7782379150391 341.159057840109
2014 291 221 19.2400413513184 354.800634589076
2014 292 222 18.5868698120117 362.566662198424
2014 293 223 18.8267951965332 250.562888602376
2014 294 224 15.3519302368164 317.00009062469
2014 295 225 15.7588249206543 377.157900993347
2014 296 226 17.4849601745606 277.078303748786
2014 297 227 17.1575752258301 308.808046215832
2014 298 228 18.663404083252 279.119651606142
2014 299 229 16.017594909668 314.958735081077
2014 300 230 14.4290786743164 362.362521251082
2014 301 231 14.4782577514649 355.577231730223
2014 302 232 16.804216003418 344.531733262897
2014 303 233 18.7474761962891 305.244543388486
2014 304 234 17.2587028503418 180.562192604512
2014 305 235 13.8936897277832 223.767898192823
2014 306 236 13.5629402160645 312.247272625476
2014 307 237 13.3446250915528 324.641849471092
2014 308 238 14.5928665161133 320.701137546986
2014 309 239 15.8026519775391 328.147653454483
2014 310 240 16.2781463623047 316.529683105826
2014 311 241 15.3400321960449 311.568300592154
2014 312 242 15.9497772216797 304.907279645234
2014 313 243 16.84169921875 309.16306011042
2014 314 244 14.9708152770996 316.494170171231
2014 315 245 15.163949584961 258.533043526985
2014 316 246 15.4104324340821 224.655443198636
2014 317 247 15.7758804321289 156.443156972703
2014 318 248 14.6450134277344 215.247464809246
2014 319 249 13.1372085571289 223.688022377931
2014 320 250 13.3081336975098 251.845380848477
2014 321 251 11.8851943969727 271.966040534671
2014 322 252 11.0755630493164 217.444134418231
2014 323 253 12.8879447937012 103.696344540715
2014 324 254 13.0717712402344 81.325766420722
2014 325 255 12.6289840698242 142.894773263097
2014 326 256 15.4748664855957 99.0500463186502
2014 327 257 12.5994354248047 229.909708548784
2014 328 258 11.0805183410645 269.924684931993
2014 329 259 11.3969970703125 271.251565808535
2014 330 260 12.1957183837891 270.040060443163
2014 331 261 12.3313499450684 246.284914951086
2014 332 262 9.67284164428713 267.088982410908
2014 333 263 13.6460243225098 134.303339014292
2014 334 264 13.213941192627 78.0152240563631
2014 335 265 13.670613861084 137.094667763591
2014 336 266 13.5904975891114 83.5313180621862
2014 337 267 15.4038864135742 94.6433838024139
2014 338 268 15.5067916870117 182.665680104017
2014 339 269 14.9638763427735 144.279344667315
2014 340 270 16.4718795776367 148.233361597419
2014 341 271 14.4639755249024 163.556830565929
2014 342 272 13.7296997070313 124.948614299893
2014 343 273 14.6156669616699 90.5828655862808
2014 344 274 13.8464981079102 116.339425426602
2014 345 275 15.6261726379395 63.0378974978924
2014 346 276 11.3611083984375 105.480312683612
2014 347 277 10.2185531616211 147.527760714471
2014 348 278 10.0406776428223 152.853037018061
2014 349 279 11.0957885742188 80.7888008272648
2014 350 280 11.6004425048828 152.702151123881
2014 351 281 11.4215827941895 162.518403871328
2014 352 282 12.0025764465332 127.762130754113
2014 353 283 12.7340751647949 80.708924610734
2014 354 284 13.1038948059082 80.2429642217755
2014 355 285 15.1316276550293 105.098665655255
2014 356 286 14.3947731018067 146.644660082221
2014 357 287 13.6138969421387 216.747413669825
2014 358 288 11.7263542175293 149.999578738451
2014 359 289 10.1225791931153 191.363620301008
2014 360 290 9.70219573974612 254.157438302279
2014 361 291 8.39663467407229 244.953599986076
2014 362 292 8.54516372680666 234.098922182083
2014 363 293 8.10951004028323 222.631844468832
2014 364 294 7.63519821166994 232.625595674038
2014 365 295 7.56817779541018 262.460426086903
2015 1 296 7.16068801879885 255.084070809126
2015 2 297 5.4153991699219 260.001536410808
2015 3 298 5.91552505493166 260.041366848469
2015 4 299 7.67705688476565 226.482223180771
2015 5 300 7.46528396606448 233.75440346241
2015 6 301 7.87132797241213 230.921655992269
2015 7 302 8.78404769897463 249.157439433098
2015 8 303 10.336328125 223.977010321617
2015 9 304 10.3230377197266 167.016750175953
2015 10 305 11.3119140625 197.995446385384
2015 11 306 9.24136123657229 236.569436251402
2015 12 307 9.50777587890627 237.813184836388
2015 13 308 10.689225769043 254.645880300999
2015 14 309 8.93719635009768 266.963880382061
2015 15 310 9.16289291381838 233.209980057239
2015 16 311 9.50735244750979 185.943011788368
2015 17 312 11.3642288208008 120.612877542496
2015 18 313 11.271630859375 165.525136423588
2015 19 314 12.4537101745606 188.018887951851
2015 20 315 10.2011238098145 195.516792191505
2015 21 316 9.91277084350588 275.271785607338
2015 22 317 9.9131904602051 232.382295135498
2015 23 318 9.30020675659182 287.284384726524
2015 24 319 12.113900756836 297.517669196129
2015 25 320 9.89779434204104 301.36843474102
2015 26 321 9.96192321777346 280.481373594284
2015 27 322 12.9230438232422 248.74138761425
2015 28 323 12.909757232666 242.438531580925
2015 29 324 11.3260437011719 300.890405982971
2015 30 325 11.3939643859864 302.9131587677
2015 31 326 13.1784873962403 326.876392163277
2015 32 327 11.1701637268067 317.687683677673
2015 33 328 12.3256813049317 304.063962356567
2015 34 329 12.8928810119629 296.269497611046
2015 35 330 12.4528709411621 305.714917012215
2015 36 331 12.31533203125 206.750393915176
2015 37 332 14.9083763122559 123.193331552982
2015 38 333 16.794149017334 127.960306535721
2015 39 334 15.8257423400879 163.914008677483
2015 40 335 16.1086097717285 204.351416221142
2015 41 336 11.5087181091309 306.803757774353
2015 42 337 12.0845733642578 337.525746596336
2015 43 338 13.5029083251953 351.552242923736
2015 44 339 14.4582420349121 353.238606781006
2015 45 340 14.8668266296387 374.404501152038
2015 46 341 15.6726051330567 365.689398172378
2015 47 342 14.0547157287598 378.848375612259
2015 48 343 13.329305267334 327.221636667252
2015 49 344 12.0054756164551 360.386854352951
2015 50 345 12.3299003601074 375.369414128984
2015 51 346 12.782559967041 368.739017457634
2015 52 347 12.4625679016114 384.283705008805
2015 53 348 12.4353614807129 368.097231021602
2015 54 349 13.5218978881836 421.830828130163
2015 55 350 11.1254516601563 431.192145692438
2015 56 351 10.9126068115235 428.934812018633
2015 57 352 12.9371772766114 415.151746738642
2015 58 353 14.3637405395508 388.603627716944
2015 59 354 11.851277923584 360.426689011753
2015 60 355 11.6350646972656 406.7243387025
2015 61 356 11.6308532714844 386.965959182411
2015 62 357 11.4190689086914 368.805420358032
2015 63 358 11.2302719116211 435.180121988118
2015 64 359 13.2314315795899 466.893560643256
2015 65 360 14.2046943664551 486.222611563444
2015 66 361 12.8608146667481 482.495784839451
2015 67 362 13.5132461547852 477.162254377484
2015 68 363 13.5843368530274 492.149238466322
2015 69 364 13.8279624938965 403.466680119872
2015 70 365 15.4277053833008 263.958516519129
2015 71 366 14.3352676391602 403.519791276216
2015 72 367 16.1461540222168 464.636221960783
2015 73 368 18.1981407165528 448.308125007868
2015 74 369 19.0781684875489 465.525875253439
2015 75 370 15.0347343444824 354.305318178177
2015 76 371 15.8624435424805 393.574207325816
2015 77 372 14.3717552185059 518.52916568613
2015 78 373 15.2074829101563 529.209468267441
2015 79 374 15.1526428222656 435.118164138555
2015 80 375 15.0018249511719 457.713697590828
2015 81 376 16.6372123718262 397.743664883614
2015 82 377 14.8102966308594 436.924024096966
2015 83 378 14.0926872253418 371.217678046226
2015 84 379 15.4534393310547 512.058110148907
2015 85 380 17.0922065734864 551.977655976772
2015 86 381 17.6033035278321 557.275772007942
2015 87 382 16.1507965087891 551.176518127918
2015 88 383 17.2949119567871 584.164682749271
2015 89 384 17.1763664245606 563.614037242889
2015 90 385 15.5346427917481 553.779108559608
2015 91 386 14.2814727783203 585.178276815891
2015 92 387 13.9642311096192 598.293002582073
2015 93 388 14.3272567749024 614.762748437881
2015 94 389 13.4712692260742 611.354596905231
2015 95 390 11.9061180114746 442.810821759224
2015 96 391 10.6750885009766 513.084984556198
2015 97 392 13.0114303588867 408.481526286691
2015 98 393 11.020394897461 459.851549685478
2015 99 394 12.3693290710449 524.287587225914
2015 100 395 13.9252029418946 618.772846821785
2015 101 396 14.6134925842285 593.105543456077
2015 102 397 16.1782127380371 622.610330513954
2015 103 398 15.7529693603516 626.607144021034
2015 104 399 13.5375076293946 647.998784526825
2015 105 400 14.5601211547852 661.325973567009
2015 106 401 18.7784286499024 665.986704312324
2015 107 402 17.4942527770996 669.24436194992
2015 108 403 16.1075569152832 648.614021799087
2015 109 404 16.4425216674805 625.78831921196
2015 110 405 15.0573020935059 595.867463198662
2015 111 406 13.8777404785156 561.259305678367
2015 112 407 14.2882247924805 589.684107550621
2015 113 408 15.2766738891602 649.769262752533
2015 114 409 14.9362236022949 675.649010239601
2015 115 410 14.3120590209961 622.061484360695
2015 116 411 14.8988929748535 627.116153688431
2015 117 412 18.5736099243164 677.016707410812
2015 118 413 17.7134109497071 678.946505371094
2015 119 414 16.672021484375 689.883550621033
2015 120 415 19.8588500976563 698.045386211395
2015 121 416 21.9184356689453 698.545540302276
2015 122 417 17.9450202941895 681.814645662308
2015 123 418 15.7350402832031 660.484986127853
2015 124 419 13.7707992553711 685.032468830109
2015 125 420 14.1078773498535 699.377652004242
2015 126 421 14.8444648742676 695.566734033584
2015 127 422 15.6753479003906 633.556209163666
2015 128 423 15.3114791870117 617.037789894104
2015 129 424 14.8417221069336 687.856366519928
2015 130 425 14.6430221557617 711.146835165024
2015 131 426 14.6957527160645 712.262215324128
2015 132 427 13.931111907959 733.826474553788
2015 133 428 13.789998626709 674.299025890976
2015 134 429 14.5662437438965 618.162042419294
2015 135 430 13.8758522033692 541.748794570267
2015 136 431 14.5923934936524 637.52649634524
2015 137 432 14.4527603149414 571.196031394351
2015 138 433 14.1696754455567 645.719317310225
2015 139 434 14.1726280212403 678.273730595402
2015 140 435 14.8107200622559 683.735585620493
2015 141 436 14.7122093200684 639.792685418367
2015 142 437 15.3916297912598 580.721138513677
2015 143 438 15.5148254394531 568.451817587435
2015 144 439 16.0132614135742 674.391983188257
2015 145 440 15.1427284240723 691.052032743588
2015 146 441 15.0094161987305 649.933008716062
2015 147 442 15.3053604125977 674.369840876356
2015 148 443 15.210652923584 648.282058848575
2015 149 444 15.9200340270996 686.139009656906
2015 150 445 16.6821380615235 684.182656716972
2015 151 446 16.3836685180664 663.21592316553
2015 152 447 16.1455207824707 543.944166173369
2015 153 448 17.4014335632324 565.769578723341
2015 154 449 17.6809326171875 755.452682109356
2015 155 450 16.588697052002 663.361999289662
2015 156 451 19.0051895141602 715.117088179767
2015 157 452 18.7180992126465 676.799816695064
2015 158 453 18.2782989501953 686.740971660167
2015 159 454 22.6303421020508 719.923898671835
2015 160 455 23.5131126403809 649.277946030557
2015 161 456 19.0585494995117 314.261842018947
2015 162 457 19.4363380432129 557.612143609822
2015 163 458 21.1786781311035 741.001259989977
2015 164 459 21.6395774841309 744.365160478949
2015 165 460 17.785977935791 760.923429275811
2015 166 461 15.9307876586914 762.162762168944
2015 167 462 17.217919921875 766.314481104791
2015 168 463 18.752271270752 753.753025752008
2015 169 464 18.5603233337403 777.003674543798
2015 170 465 18.4004302978516 776.012212173223
2015 171 466 19.6709037780762 746.817254621506
2015 172 467 18.2968650817871 722.300751064539
2015 173 468 16.9034133911133 740.731281712174
2015 174 469 18.4552780151367 761.821938712001
2015 175 470 19.5804153442383 755.957264177501
2015 176 471 21.6180587768555 753.036000507533
2015 177 472 23.1728721618653 740.713566085994
2015 178 473 20.0733657836914 709.363074141562
2015 179 474 19.9271865844727 661.374638286471
2015 180 475 18.8035331726074 731.830283196092
2015 181 476 22.1093193054199 743.971227881729
2015 182 477 23.8906837463379 674.715098658025
2015 183 478 22.4894271850586 530.223060696006
2015 184 479 21.45205078125 651.774285987615
2015 185 480 20.7612319946289 724.43414607495
2015 186 481 19.764981842041 665.159025690794
2015 187 482 19.4247451782227 691.503507041752
2015 188 483 20.1520515441895 718.171125519454
2015 189 484 18.2550941467285 675.998684988916
2015 190 485 17.3575645446778 614.545847421288
2015 191 486 17.6111122131348 401.767037748992
2015 192 487 18.5620094299317 606.021086540937
2015 193 488 19.2064186096192 683.262004149854
2015 194 489 20.0860229492188 711.708946916461
2015 195 490 20.1649147033692 719.804381748497
2015 196 491 19.4981475830078 734.57449014759
2015 197 492 21.085652923584 711.815169733166
2015 198 493 20.5694900512696 730.524528690934
2015 199 494 20.1374870300293 715.063981055558
2015 200 495 22.0156723022461 657.399949671209
2015 201 496 25.4524589538574 678.795997678578
2015 202 497 21.6412559509278 703.679898698777
2015 203 498 19.5310531616211 675.423278532326
2015 204 499 18.2854782104492 684.634108318627
2015 205 500 18.6128479003906 720.822405808449
2015 206 501 19.1011596679688 696.155409521967
2015 207 502 19.2832008361817 710.872393660277
2015 208 503 21.090291595459 725.137922038793
2015 209 504 23.5458045959473 728.395576211274
2015 210 505 24.9335571289063 727.904259473547
2015 211 506 22.638990020752 680.584199389979
2015 212 507 21.5087944030762 616.028622292697
2015 213 508 19.9769760131836 613.26668902041
2015 214 509 20.3572860717774 652.894107123583
2015 215 510 19.6168991088867 679.968941697158
2015 216 511 18.7292762756348 590.927876296282
2015 217 512 18.4968276977539 643.187543970547
2015 218 513 21.1974502563477 656.8466882868
2015 219 514 20.4764724731446 598.169073136676
2015 220 515 19.5449768066406 656.966181300837
2015 221 516 19.8603263854981 696.558207114518
2015 222 517 20.5182357788086 683.952488338143
2015 223 518 19.7801681518555 639.124339520181
2015 224 519 19.4612251281739 679.158952516556
2015 225 520 20.6599784851074 628.328922120094
2015 226 521 20.2788177490235 671.6610452528
2015 227 522 22.3883987426758 668.275012500763
2015 228 523 25.1774040222168 633.401307641029
2015 229 524 25.2986846923828 660.170719509125
2015 230 525 21.6870323181153 646.16634952259
2015 231 526 19.5538345336914 652.721493219375
2015 232 527 18.6596694946289 651.6902081604
2015 233 528 18.7275978088379 615.878141817093
2015 234 529 19.0439964294434 622.889184906959
2015 235 530 19.080697631836 613.30653884697
2015 236 531 19.253247833252 622.659021568298
2015 237 532 19.7886100769043 634.667177274704
2015 238 533 20.2684799194336 589.949691179275
2015 239 534 23.3534332275391 602.121632209778
2015 240 535 24.9711051940918 600.019193348884
2015 241 536 23.1330047607422 468.712722300052
2015 242 537 20.5745559692383 563.760103349686
2015 243 538 20.9656311035156 603.77259089756
2015 244 539 21.0335517883301 605.892720750809
2015 245 540 19.9252906799317 597.916769608497
2015 246 541 19.1785789489746 605.038467587471
2015 247 542 17.8745666503906 610.925265753746
2015 248 543 17.9992233276367 602.95374592781
2015 249 544 20.0767417907715 595.579760285377
2015 250 545 21.476937866211 611.885733417511
2015 251 546 23.699365234375 610.965106271744
2015 252 547 24.8297782897949 598.222197787285
2015 253 548 25.8625198364258 568.7616472826
2015 254 549 24.5325637817383 521.919593969345
2015 255 550 21.4682861328125 495.287397671699
2015 256 551 21.4199844360352 409.030351680756
2015 257 552 19.7358718872071 391.980794386864
2015 258 553 18.5090614318848 450.862008508682
2015 259 554 17.1295372009278 450.600876861095
2015 260 555 18.8908592224121 450.906268750667
2015 261 556 19.1380783081055 554.221714003563
2015 262 557 20.0609260559082 551.592570954799
2015 263 558 23.6867080688477 549.113936921596
2015 264 559 25.2052513122559 538.070645922184
2015 265 560 21.992261505127 516.842788220406
2015 266 561 17.3879333496094 529.984066099644
2015 267 562 21.1622253417969 492.830865282536
2015 268 563 22.3040252685547 510.818776499748
2015 269 564 21.2978530883789 499.430265189171
2015 270 565 20.859952545166 454.017865321636
2015 271 566 19.8594757080078 404.590928697586
2015 272 567 17.6722846984864 417.878271423578
2015 273 568 16.3520256042481 307.821772572994
2015 274 569 17.6543518066406 250.423318517089
2015 275 570 19.2460723876953 439.061874931574
2015 276 571 18.9935852050781 479.928614382744
2015 277 572 16.882958984375 471.005478437424
2015 278 573 18.6427932739258 459.878114146948
2015 279 574 18.8689170837403 436.255689654827
2015 280 575 18.9260879516602 405.971889072895
2015 281 576 20.1879058837891 391.312434491873
2015 282 577 20.7690368652344 436.592063965797
2015 283 578 20.0569168090821 440.646436200142
2015 284 579 19.8388076782227 417.240895714044
2015 285 580 19.9318367004395 433.104251305818
2015 286 581 22.7507873535156 427.713184482336
2015 287 582 22.8845230102539 412.925378727674
2015 288 583 21.653279876709 361.723569606781
2015 289 584 19.4802108764649 384.451889707208
2015 290 585 18.7885566711426 338.672109166503
2015 291 586 18.3128982543946 294.950504472613
2015 292 587 18.1342330932617 329.359472003341
2015 293 588 18.1825386047364 392.613744324207
2015 294 589 20.0843368530274 400.669347395539
2015 295 590 18.3607765197754 393.892891400456
2015 296 591 18.2901168823242 372.558801431656
2015 297 592 18.0148406982422 306.569173325658
2015 298 593 18.3337722778321 286.438995298475
2015 299 594 17.233529663086 364.808592895985
2015 300 595 17.3894134521485 236.188787333965
2015 301 596 17.7553840637207 122.657768512487
2015 302 597 17.1185737609864 317.360147743642
2015 303 598 17.3678985595703 359.089989256441
2015 304 599 18.5183425903321 348.883264838159
2015 305 600 17.5847412109375 272.129211308628
2015 306 601 16.329663848877 158.730974831473
2015 307 602 12.8207412719727 314.244130472153
2015 308 603 13.2632843017578 344.935134006143
2015 309 604 11.7580390930176 310.322560541987
2015 310 605 13.6396003723145 334.104305241197
2015 311 606 12.9787269592285 327.712936929926
2015 312 607 12.048299407959 222.529655913457
2015 313 608 11.6314750671387 112.017272601291
2015 314 609 10.218637084961 253.840323295176
2015 315 610 10.4078384399414 287.73585160619
2015 316 611 10.8864494323731 315.780011924379
2015 317 612 11.5422607421875 311.561877117574
2015 318 613 12.2822204589844 312.805643319525
2015 319 614 13.0751281738281 204.736491792798
2015 320 615 10.8847633361817 302.948568052012
2015 321 616 11.0244079589844 290.630565683186
2015 322 617 11.0739799499512 267.76059740439
2015 323 618 12.2653480529785 268.605993962015
2015 324 619 13.6568962097168 283.765592921257
2015 325 620 14.026872253418 271.841513278007
2015 326 621 13.4980522155762 257.841566291571
2015 327 622 12.356046295166 275.62144832325
2015 328 623 12.225057220459 155.163489187956
2015 329 624 7.94156417846682 226.083868654489
2015 330 625 8.09660491943362 252.269035626054
2015 331 626 7.46253738403323 278.463050361872
2015 332 627 6.77825698852541 279.587289741278
2015 333 628 6.4747138977051 277.028974924087
2015 334 629 6.6198440551758 211.455401283026
2015 335 630 8.0839553833008 227.354176030755
2015 336 631 10.3120704650879 166.95920404911
2015 337 632 9.55902633666994 152.994671052456
2015 338 633 10.5755325317383 148.679169186592
2015 339 634 9.1128974914551 196.295807227611
2015 340 635 10.6443000793457 127.079503275394
2015 341 636 13.0120559692383 146.59444450283
2015 342 637 11.545426940918 144.877093183994
2015 343 638 13.7115226745606 115.797218435645
2015 344 639 15.179647064209 137.149016659379
2015 345 640 10.9035392761231 213.30553937602
2015 346 641 8.92833480834963 207.927750499129
2015 347 642 11.9282699584961 105.369181971073
2015 348 643 8.34847030639651 235.706339103937
2015 349 644 7.97110137939455 254.95571585536
2015 350 645 7.0826354980469 252.508048367023
2015 351 646 8.10525283813479 207.259397030353
2015 352 647 9.44660339355471 181.180465601921
2015 353 648 12.0139099121094 157.168544743121
2015 354 649 7.70173034667971 139.370951999426
2015 355 650 11.0952774047852 41.1146071858852
2015 356 651 14.497689819336 111.326794319451
2015 357 652 11.4310928344727 227.500231679201
2015 358 653 9.63791809082034 170.292103846073
2015 359 654 6.05009994506838 233.785381347656
2015 360 655 5.82291946411135 255.849795676231
2015 361 656 5.02369079589846 241.840989585161
2015 362 657 6.37557373046877 218.15218153429
2015 363 658 5.64616165161135 250.193162360668
2015 364 659 5.50356826782229 196.778252937555
2015 365 660 6.84660491943362 196.304654739857
2016 1 661 4.59744033813479 264.405756839275
2016 2 662 5.61730728149416 250.890639562607
2016 3 663 7.09256134033205 184.196221347809
2016 4 664 8.71290740966799 152.942807211876
2016 5 665 11.7879959106446 135.346908224583
2016 6 666 10.1864906311035 103.804234267235
2016 7 667 8.74536285400393 188.446117100954
2016 8 668 7.90640411376955 235.18160940218
2016 9 669 9.40427551269534 125.431974926472
2016 10 670 9.14108047485354 187.987750923276
2016 11 671 9.54852447509768 218.529147348404
2016 12 672 9.85798416137698 248.158253696918
2016 13 673 13.1083122253418 200.991094630003
2016 14 674 8.38063583374026 176.840122256279
2016 15 675 11.462003326416 190.893699410438
2016 16 676 11.9666000366211 117.466198876858
2016 17 677 13.6832595825196 129.348108436108
2016 18 678 13.802392578125 170.133741428554
2016 19 679 13.6897560119629 128.965387757301
2016 20 680 11.5493179321289 193.724001642704
2016 21 681 11.6257377624512 272.104511300087
2016 22 682 13.8848892211914 132.845926587105
2016 23 683 13.4196601867676 169.746578660011
2016 24 684 10.0792900085449 216.2506629529
2016 25 685 11.1119285583496 230.816009266853
2016 26 686 10.2943244934082 281.841452046394
2016 27 687 10.8761688232422 279.959035704613
2016 28 688 10.4802452087403 300.451990935326
2016 29 689 13.2938247680664 147.798435984611
2016 30 690 12.6891494750977 198.036193629742
2016 31 691 10.3900085449219 289.228705429077
2016 32 692 9.65363082885744 341.798335961342
2016 33 693 8.40366134643557 232.680627764702
2016 34 694 7.54188308715823 257.614821447372
2016 35 695 10.4431854248047 282.081758220672
2016 36 696 10.2038703918457 348.985344447136
2016 37 697 11.1776748657227 346.938265791893
2016 38 698 12.8907752990723 350.222473022461
2016 39 699 13.0725074768067 357.823325733185
2016 40 700 14.0814910888672 362.633947065353
2016 41 701 12.1043601989746 361.23214609623
2016 42 702 13.4022804260254 350.378239438057
2016 43 703 13.0965934753418 319.102561868667
2016 44 704 13.2682815551758 362.193386921883
2016 45 705 13.8317085266114 356.452690143585
2016 46 706 16.9928451538086 379.722526353836
2016 47 707 15.5240837097168 386.455617240906
2016 48 708 16.6986824035645 282.864984317779
2016 49 709 13.2071472167969 294.030413726807
2016 50 710 11.3154350280762 304.977784957034
2016 51 711 10.5958152770996 274.423050979905
2016 52 712 10.3374496459961 395.217958808526
2016 53 713 11.7586837768555 421.140096505027
2016 54 714 14.51845703125 410.935901294619
2016 55 715 13.46572265625 433.658370562389
2016 56 716 14.4788833618164 422.203683962285
2016 57 717 14.228475189209 413.717246123247
2016 58 718 14.1960159301758 407.371313586697
2016 59 719 12.3231674194336 398.63568056637
2016 60 720 13.4757629394531 403.722196294933
2016 61 721 15.1361099243164 450.920495162517
2016 62 722 14.939298248291 452.197693142503
2016 63 723 14.954793548584 311.973426128402
2016 64 724 16.1827789306641 239.560560298785
2016 65 725 16.1283355712891 142.587308226108
2016 66 726 13.8566261291504 293.758955907464
2016 67 727 11.6651016235352 354.138613588333
2016 68 728 9.91975173950198 439.919719152152
2016 69 729 12.4441772460938 213.625070041507
2016 70 730 15.8649459838867 180.569346903562
2016 71 731 14.103475189209 74.9005008482038
2016 72 732 12.2090545654297 269.185213295937
2016 73 733 13.4068885803223 131.590977219328
2016 74 734 13.7104774475098 299.744401516795
2016 75 735 11.263516998291 496.205237604141
2016 76 736 13.3449150085449 532.224768886089
2016 77 737 15.5188499450684 538.290323945761
2016 78 738 14.5818992614746 542.380019194841
2016 79 739 13.8677192687989 487.901248085976
2016 80 740 15.1007286071778 416.734438640118
2016 81 741 14.6036697387696 335.723878451586
2016 82 742 11.701734161377 419.698238058329
2016 83 743 12.1918884277344 532.816637415886
2016 84 744 13.1529098510742 541.049431022167
2016 85 745 13.8580833435059 565.618710942268
2016 86 746 15.1229187011719 571.030090149879
2016 87 747 15.2420555114746 566.513196748733
2016 88 748 12.9973503112793 572.850198917389
2016 89 749 11.3728042602539 585.488636799812
2016 90 750 12.1801620483399 596.031038347721
2016 91 751 13.5877853393555 595.652789810657
2016 92 752 13.6547828674317 601.740596963405
2016 93 753 13.6089302062989 586.07160035944
2016 94 754 13.7674308776856 597.415039960861
2016 95 755 14.9487205505371 610.516294867992
2016 96 756 16.5161033630371 624.058104878426
2016 97 757 19.4869171142578 627.150961093902
2016 98 758 20.4722381591797 591.536404347896
2016 99 759 15.793546295166 594.606992593765
2016 100 760 15.1949440002442 556.807409285545
2016 101 761 14.0745750427246 609.07888561058
2016 102 762 13.9114776611328 634.440317262649
2016 103 763 14.5236869812012 634.729562467575
2016 104 764 13.7737098693848 638.089419607162
2016 105 765 13.8346420288086 632.789306661129
2016 106 766 13.9529319763184 658.106215982437
2016 107 767 16.6212059020996 669.120343557358
2016 108 768 18.1282936096192 668.88448079586
2016 109 769 19.8782402038574 669.41850381279
2016 110 770 19.2886444091797 656.624308587074
2016 111 771 17.7017875671387 656.312794908523
2016 112 772 17.1953178405762 554.101712625503
2016 113 773 16.1025863647461 412.893956047535
2016 114 774 13.7469116210938 592.938191708565
2016 115 775 15.429029083252 673.107650298118
2016 116 776 13.9719863891602 694.637488199234
2016 117 777 14.0293594360352 682.461877925873
2016 118 778 14.1099678039551 555.174203080177
2016 119 779 14.551114654541 644.764653388977
2016 120 780 15.5975738525391 696.729083641052
2016 121 781 17.4587036132813 708.602078149795
2016 122 782 20.1958633422852 714.667643037796
2016 123 783 18.1354042053223 714.244877714157
2016 124 784 16.7579322814942 618.090451316833
2016 125 785 17.0139938354492 527.293995978832
2016 126 786 15.7054039001465 622.006584826469
2016 127 787 14.3838287353516 674.055553829193
2016 128 788 14.6246124267578 547.306337348938
2016 129 789 15.4614845275879 580.117313829422
2016 130 790 15.9620948791504 696.270696420669
2016 131 791 16.0355850219727 714.72549478541
2016 132 792 16.7870346069336 723.68809021197
2016 133 793 16.5190330505371 720.239231120877
2016 134 794 16.2625480651856 725.88200919955
2016 135 795 15.3957344055176 635.45493156968
2016 136 796 17.2824188232422 648.25355981086
2016 137 797 17.8971343994141 732.365896110631
2016 138 798 20.9502388000489 742.672429089036
2016 139 799 22.6143547058106 745.707423218153
2016 140 800 19.5991416931153 744.051981859401
2016 141 801 15.0012756347656 742.498894861825
2016 142 802 13.5517707824707 623.00785686963
2016 143 803 14.2119270324707 652.588026069686
2016 144 804 14.9663101196289 655.120163951382
2016 145 805 16.0368400573731 618.379716020912
2016 146 806 16.0709701538086 611.668875147849
2016 147 807 16.5050064086914 639.077367420807
2016 148 808 17.9720970153809 731.404650063679
2016 149 809 21.7649246215821 724.94747288315
2016 150 810 20.4104667663574 741.283986524135
2016 151 811 19.1232391357422 736.081765027344
2016 152 812 20.9502349853516 748.328581544936
2016 153 813 21.5115676879883 753.962472957522
2016 154 814 19.4042144775391 762.880566529006
2016 155 815 22.881723022461 757.073131647587
2016 156 816 23.7881103515625 635.06777455008
2016 157 817 20.2634902954102 639.753783316791
2016 158 818 19.2553497314453 722.842560291678
2016 159 819 17.9938713073731 678.247587814927
2016 160 820 17.3064933776856 685.528056685597
2016 161 821 16.9817481994629 703.595666610896
2016 162 822 18.1513114929199 737.229905895054
2016 163 823 18.2911811828614 743.277674577176
2016 164 824 21.0455032348633 764.665087137401
2016 165 825 17.9710441589356 765.319258705318
2016 166 826 16.9702354431153 730.808324213386
2016 167 827 15.3513504028321 634.871973128974
2016 168 828 15.7814079284668 646.175358950257
2016 169 829 18.8430953979492 547.733555031657
2016 170 830 18.3904281616211 591.393984173179
2016 171 831 21.3447013854981 760.241637457073
2016 172 832 21.3817611694336 752.146801775098
2016 173 833 21.8585105895996 764.326870455742
2016 174 834 20.8262878417969 773.329531884849
2016 175 835 19.1152778625489 768.781487405658
2016 176 836 19.6613288879395 765.742030959189
2016 177 837 22.8090682983399 772.047904604554
2016 178 838 22.1436744689942 770.881946299255
2016 179 839 23.7275939941406 757.304539655924
2016 180 840 23.5431343078614 762.395508342087
2016 181 841 20.9944168090821 748.987203140855
2016 182 842 19.3504081726074 774.28632299751
2016 183 843 21.1060081481934 757.607151766419
2016 184 844 19.0579048156739 706.292464978993
2016 185 845 18.3282409667969 696.422011737227
2016 186 846 18.5524803161621 693.2891043877
2016 187 847 16.9698196411133 709.563311163187
2016 188 848 17.1536499023438 744.950905392706
2016 189 849 16.736157989502 733.198064286113
2016 190 850 17.0855995178223 710.488933242202
2016 191 851 19.6435333251953 676.632191612899
2016 192 852 17.9015365600586 725.695120318711
2016 193 853 21.1154342651367 750.393459430158
2016 194 854 19.3445411682129 748.586693186402
2016 195 855 20.0428024291992 751.279031635165
2016 196 856 22.7793403625489 754.656703251242
2016 197 857 20.1443572998047 712.535998099983
2016 198 858 19.1801849365235 734.096986134112
2016 199 859 17.5592094421387 742.926101196289
2016 200 860 17.1237083435059 713.4661150015
2016 201 861 17.4819465637207 732.895450663566
2016 202 862 18.58095703125 734.71557237801
2016 203 863 18.551644897461 728.868064595312
2016 204 864 19.2469764709473 745.613991570115
2016 205 865 21.9269691467285 740.233769236743
2016 206 866 22.7810111999512 740.598667910308
2016 207 867 21.1725975036621 733.349374846011
2016 208 868 21.8438507080078 739.317020563841
2016 209 869 23.4652496337891 722.637864799768
2016 210 870 21.8147483825684 700.996775710329
2016 211 871 21.4041610717774 703.199588728845
2016 212 872 21.4179817199707 702.198306676224
2016 213 873 19.2846656799317 714.511873692602
2016 214 874 18.8491645812989 682.800109523281
2016 215 875 18.6050315856934 700.00883151143
2016 216 876 19.411752319336 717.181972680211
2016 217 877 17.92958984375 693.791982130654
2016 218 878 17.0523086547852 666.494746542953
2016 219 879 17.6714302062989 697.752607379589
2016 220 880 17.5058227539063 701.60644233213
2016 221 881 18.8879066467285 698.63819484292
2016 222 882 19.7000671386719 686.756273823192
2016 223 883 20.2320915222168 679.996513331515
2016 224 884 18.8546043395996 670.717938636882
2016 225 885 19.0681701660156 679.013024510383
2016 226 886 19.7532402038574 673.726231218338
2016 227 887 20.9221855163574 674.500563433647
2016 228 888 19.3162742614746 662.872313471794
2016 229 889 18.5719505310059 657.189485895157
2016 230 890 19.3328224182129 644.631139318466
2016 231 891 19.6328521728516 648.671883944511
2016 232 892 19.2731452941895 639.277627296448
2016 233 893 18.507470703125 624.356261101723
2016 234 894 17.8397651672364 617.325035160065
2016 235 895 17.3311897277832 601.024105220794
2016 236 896 17.7650199890137 617.850142118454
2016 237 897 17.5786758422852 599.577801577568
2016 238 898 17.5533424377442 622.331440839767
2016 239 899 17.4622665405274 576.103276049614
2016 240 900 17.6919532775879 566.860297042847
2016 241 901 17.3360153198242 623.555229096413
2016 242 902 17.5248657226563 616.928953497886
2016 243 903 18.6891990661621 595.479223031044
2016 244 904 19.1251159667969 608.976544983864
2016 245 905 18.7798629760742 608.037543398857
2016 246 906 18.2708717346192 605.158306672096
2016 247 907 18.3487602233887 600.263144573212
2016 248 908 17.2773872375489 602.43036875534
2016 249 909 17.7805114746094 579.089318992614
2016 250 910 19.169091796875 598.327330667496
2016 251 911 21.8319145202637 591.006833312034
2016 252 912 21.3325630187989 554.746987287521
2016 253 913 17.9900985717774 553.300702796936
2016 254 914 17.9622512817383 552.241559717178
2016 255 915 17.4549385070801 511.883134138107
2016 256 916 15.9870086669922 518.820924423218
2016 257 917 15.4922538757324 512.265841208458
2016 258 918 17.5767875671387 538.908899069786
2016 259 919 17.7216735839844 545.984638773918
2016 260 920 17.5056015014649 554.987305558205
2016 261 921 18.7191444396973 545.245919887066
2016 262 922 20.6763778686524 539.594217872619
2016 263 923 23.8396087646485 529.585845389843
2016 264 924 22.1089187622071 510.098614506244
2016 265 925 19.1104598999024 497.740543571472
2016 266 926 16.6109481811524 527.20055629015
2016 267 927 16.9658409118653 516.920712757587
2016 268 928 19.7752319335938 511.749630147934
2016 269 929 22.0925880432129 509.622445066452
2016 270 930 23.9124732971192 509.17299003315
2016 271 931 23.1149688720703 504.415776345253
2016 272 932 20.3265167236328 500.646497728825
2016 273 933 17.4884391784668 496.018340586185
2016 274 934 16.0054336547852 480.959030768633
2016 275 935 15.4093490600586 485.849757771015
2016 276 936 15.7456031799317 459.349088205337
2016 277 937 14.3032165527344 256.119572473288
2016 278 938 16.6130386352539 350.805442630291
2016 279 939 15.8850456237793 471.239896182537
2016 280 940 16.8192802429199 466.49158570075
2016 281 941 17.4185081481934 448.779989891529
2016 282 942 19.5342346191406 444.574586228132
2016 283 943 19.8776145935059 451.463436474562
2016 284 944 18.3387046813965 428.456151223421
2016 285 945 16.1710487365723 406.325525457859
2016 286 946 15.4172950744629 406.031825499773
2016 287 947 15.472371673584 381.257833581209
2016 288 948 18.0960403442383 157.410759471804
2016 289 949 17.0604797363281 186.6304509902
2016 290 950 17.4838310241699 140.887347127557
2016 291 951 16.257943725586 264.552607448339
2016 292 952 14.8287521362305 378.685649227619
2016 293 953 15.9585357666016 394.928690812588
2016 294 954 17.5920845031739 395.774224735975
2016 295 955 17.5483146667481 394.287888670325
2016 296 956 17.0424705505371 362.487092172146
2016 297 957 15.1021858215332 357.743226363182
2016 298 958 17.5288482666016 261.446404361963
2016 299 959 17.9482246398926 130.95461472547
2016 300 960 17.4911552429199 277.449149726987
2016 301 961 16.6871620178223 217.060592525631
2016 302 962 17.0175491333008 80.8013999497517
2016 303 963 17.6672378540039 209.49978297919
2016 304 964 17.0600601196289 131.679986284658
2016 305 965 14.5584426879883 248.420802450955
2016 306 966 15.590463256836 291.542773384541
2016 307 967 13.9309478759766 328.692634239316
2016 308 968 15.0014854431153 341.010670704096
2016 309 969 15.668344116211 326.463114012301
2016 310 970 14.5245262145996 305.062333884984
2016 311 971 16.2204605102539 191.445519814536
2016 312 972 16.6473747253418 225.284469033837
2016 313 973 17.4164138793946 248.7100721322
2016 314 974 16.506681060791 280.105885793909
2016 315 975 17.4453063964844 273.969131995134
2016 316 976 17.2872253417969 246.258038889058
2016 317 977 17.4025932312012 275.482184325836
2016 318 978 15.5598846435547 259.568438579764
2016 319 979 15.0444084167481 248.149346242104
2016 320 980 15.6231170654297 215.859050201638
2016 321 981 13.1956268310547 243.360990560278
2016 322 982 9.91996154785159 296.727201626709
2016 323 983 10.9207740783692 292.819968495471
2016 324 984 13.7998825073242 127.848399920702
2016 325 985 14.1133209228516 88.455660470128
2016 326 986 12.5899063110352 195.926818992615
2016 327 987 10.9264274597168 210.865975093007
2016 328 988 12.0955749511719 232.373565941214
2016 329 989 9.76041946411135 256.377680775642
2016 330 990 9.11972579956057 193.723991310358
2016 331 991 10.5964485168457 83.9209567506312
2016 332 992 11.3449607849121 202.944711923838
2016 333 993 11.8300834655762 181.161221985578
2016 334 994 10.2631278991699 233.735308153033
2016 335 995 8.48302230834963 147.874083625555
2016 336 996 9.32072219848635 206.544886704087
2016 337 997 11.2180839538574 264.205497829914
2016 338 998 11.0271316528321 256.974001790523
2016 339 999 9.0374465942383 234.660943084478
2016 340 1000 9.77570114135744 176.960271689296
2016 341 1001 8.07787857055666 194.876585923195
2016 342 1002 6.36498794555666 164.410850369453
2016 343 1003 9.04832992553713 57.277901094377
2016 344 1004 13.2902580261231 96.6839938420652
2016 345 1005 15.5056625366211 70.4503500863313
2016 346 1006 10.516675567627 131.898038491547
2016 347 1007 9.71456298828127 199.313388648629
2016 348 1008 10.1477523803711 110.003293947101
2016 349 1009 12.5235343933106 92.0424835283159
2016 350 1010 15.1970344543457 63.1520999097823
2016 351 1011 12.0457359313965 167.477002014644
2016 352 1012 6.42591247558596 251.268903976202
2016 353 1013 6.19601974487307 256.155166901111
2016 354 1014 6.41125640869143 217.100637012958
2016 355 1015 6.86245880126955 232.831925062656
2016 356 1016 9.23571929931643 214.430553681373
2016 357 1017 9.38144454956057 240.094576401234
2016 358 1018 9.27278289794924 119.918230647325
2016 359 1019 7.05676040649416 185.032849292993
2016 360 1020 5.19729766845705 220.407109945059
2016 361 1021 5.08277282714846 250.877293447733
2016 362 1022 6.52557525634768 239.578357528448
2016 363 1023 6.8046699523926 239.969973349094
2016 364 1024 6.80153808593752 242.159451892376
2016 365 1025 8.46920547485354 225.06196511364
2016 366 1026 8.74955139160159 167.886414663315
2017 1 1027 8.3878112792969 223.618427263021
2017 2 1028 7.78914031982424 188.402785006046
2017 3 1029 8.70645675659182 115.74933343029
2017 4 1030 11.931729888916 33.8680576902032
2017 5 1031 7.75506362915041 180.830442293435
2017 6 1032 5.32650146484377 255.857781319618
2017 7 1033 8.08072814941409 109.961867413998
2017 8 1034 15.2334075927735 39.5752037661076
2017 9 1035 13.9249702453614 96.4994256655872
2017 10 1036 13.0188003540039 63.849542586565
2017 11 1037 12.4601837158203 110.546410814524
2017 12 1038 8.65772399902346 163.231545130253
2017 13 1039 7.25510559082034 195.671700770378
2017 14 1040 8.47186431884768 265.277480739593
2017 15 1041 7.28422698974612 249.088636089325
2017 16 1042 6.79995498657229 266.357326312542
2017 17 1043 6.95029602050784 221.958494806766
2017 18 1044 8.63293609619143 124.165026696682
2017 19 1045 10.6036659240723 138.435131957948
2017 20 1046 10.7277732849121 171.696328632355
2017 21 1047 9.83978424072268 162.905800535202
2017 22 1048 11.4315620422364 188.674983856201
2017 23 1049 8.76985321044924 233.158602844954
2017 24 1050 8.08527145385744 253.947968636513
2017 25 1051 6.97136077880862 277.361100876808
2017 26 1052 8.36447677612307 276.348186224937
2017 27 1053 8.24222717285159 311.684299351692
2017 28 1054 8.35332260131838 311.001590348244
2017 29 1055 8.30108032226565 297.668552696228
2017 30 1056 8.57202301025393 303.433703365326
2017 31 1057 8.42126235961916 289.855247799873
2017 32 1058 9.15045318603518 206.684399961472
2017 33 1059 11.7830406188965 152.022511709213
2017 34 1060 14.8744903564453 173.597226264954
2017 35 1061 13.5819526672364 178.376236666679
2017 36 1062 11.7954345703125 188.871312037945
2017 37 1063 13.640397644043 150.920349277019
2017 38 1064 14.8879180908203 77.0130181250572
2017 39 1065 15.6309410095215 100.100415850639
2017 40 1066 16.3442321777344 47.0404582965374
2017 41 1067 14.466439819336 126.637086837769
2017 42 1068 11.2013069152832 322.469429883003
2017 43 1069 11.5482460021973 370.652204376221
2017 44 1070 10.3579154968262 326.132887636185
2017 45 1071 12.5727363586426 321.197697525024
2017 46 1072 12.8147636413574 264.652767950058
2017 47 1073 15.1733184814453 206.894123399734
2017 48 1074 12.7269950866699 149.452289241314
2017 49 1075 13.0315986633301 178.403003994942
2017 50 1076 10.919206237793 194.962209318161
2017 51 1077 13.1691413879395 52.0068795614242
2017 52 1078 13.8233619689942 213.399999224393
2017 53 1079 9.95873031616213 338.609186640453
2017 54 1080 7.65305480957034 411.579462141752
2017 55 1081 7.4366279602051 422.217321383163
2017 56 1082 8.02538833618166 376.760956627533
2017 57 1083 8.63252410888674 405.171744294792
2017 58 1084 8.6122871398926 430.891817802176
2017 59 1085 8.06648406982424 447.549200273454
2017 60 1086 9.28881988525393 457.316937301427
2017 61 1087 10.8597351074219 463.51047686246
2017 62 1088 11.8338409423828 450.619208899915
2017 63 1089 11.9389549255371 324.089200920016
2017 64 1090 10.4948364257813 322.429268936276
2017 65 1091 8.6893135070801 359.956326224387
2017 66 1092 9.02985153198244 333.955119112432
2017 67 1093 11.2031646728516 423.555980456829
2017 68 1094 13.4795204162598 456.736873193383
2017 69 1095 14.8245216369629 361.973223467052
2017 70 1096 14.731591796875 425.720162267089
2017 71 1097 14.5775352478028 501.720266622305
2017 72 1098 14.2374130249024 513.647698607802
2017 73 1099 17.6051765441895 505.401566572905
2017 74 1100 16.3931671142578 478.686403301239
2017 75 1101 14.3206382751465 438.669439453483
2017 76 1102 13.5497337341309 482.461403013229
2017 77 1103 15.9545379638672 380.286076569438
2017 78 1104 14.9630905151367 272.720415260672
2017 79 1105 14.8100639343262 291.341157341242
2017 80 1106 15.8283592224121 232.797161475152
2017 81 1107 14.170915222168 417.188433353424
2017 82 1108 11.7165466308594 465.31321465683
2017 83 1109 12.2782531738281 226.545634930015
2017 84 1110 12.7722259521485 323.111987390041
2017 85 1111 12.6443954467774 311.715538821697
2017 86 1112 13.6757026672364 408.107869248867
2017 87 1113 14.0077758789063 507.538954216003
2017 88 1114 15.7315155029297 560.081295258522
2017 89 1115 15.6986824035645 584.409193432331
2017 90 1116 14.6863647460938 601.4726046381
2017 91 1117 17.4940696716309 586.296693288326
2017 92 1118 16.821061706543 586.943697232246
2017 93 1119 16.659986114502 608.313159483433
2017 94 1120 14.5186820983887 596.80516089201
2017 95 1121 15.7996612548828 491.675851640701
2017 96 1122 15.3775573730469 338.176358671069
2017 97 1123 13.8082824707031 294.116636397839
2017 98 1124 11.7431846618653 395.984087534904
2017 99 1125 9.78112945556643 596.488343443871
2017 100 1126 11.5899559020996 589.723655234814
2017 101 1127 14.508145904541 315.039868567705
2017 102 1128 15.5479217529297 352.602631734371
2017 103 1129 14.1711250305176 484.683599308014
2017 104 1130 10.9539047241211 614.346050469399
2017 105 1131 12.5101638793946 640.896090000153
2017 106 1132 13.7250610351563 407.451921021461
2017 107 1133 14.400350189209 212.623577829599
2017 108 1134 14.8028388977051 350.478624983311
2017 109 1135 13.5592361450196 616.72886484623
2017 110 1136 16.1024032592774 577.126874851227
2017 111 1137 16.0090576171875 662.591302894592
2017 112 1138 15.9184051513672 570.11677729702
2017 113 1139 15.3362480163574 530.046260270119
2017 114 1140 14.9052635192871 437.3173956604
2017 115 1141 14.3452125549317 452.310366524696
2017 116 1142 15.6012016296387 356.19023041153
2017 117 1143 15.062215423584 472.680294260025
2017 118 1144 15.7269683837891 689.342145772934
2017 119 1145 18.3851676940918 706.494838024139
2017 120 1146 17.9386917114258 696.843098306656
2017 121 1147 20.4056564331055 691.122571275711
2017 122 1148 22.8172775268555 685.727784303665
2017 123 1149 23.8213363647461 688.556800788879
2017 124 1150 21.7149291992188 677.731516241074
2017 125 1151 16.7502227783203 675.531658982277
2017 126 1152 14.2642646789551 627.75047102356
2017 127 1153 16.692399597168 618.027368564606
2017 128 1154 17.3924728393555 693.777578958511
2017 129 1155 18.5222869873047 679.235292928696
2017 130 1156 17.5407463073731 698.230852325439
2017 131 1157 13.7614074707031 647.758952765815
2017 132 1158 14.6118103027344 717.306729731163
2017 133 1159 14.0883117675781 740.224577321498
2017 134 1160 13.8165451049805 699.79261695401
2017 135 1161 14.7419219970703 694.451363260318
2017 136 1162 13.9584213256836 611.936460018825
2017 137 1163 14.8094421386719 572.79409271951
2017 138 1164 17.2107444763184 740.670791748762
2017 139 1165 20.1623970031739 739.809586074255
2017 140 1166 21.0873466491699 733.78116849795
2017 141 1167 22.5892959594727 735.574959685631
2017 142 1168 20.6299301147461 728.328358788103
2017 143 1169 19.6770950317383 718.86404067564
2017 144 1170 17.0314880371094 669.784348258272
2017 145 1171 15.4095664978028 594.707923107266
2017 146 1172 14.9395462036133 574.578975353777
2017 147 1173 15.6305252075196 667.231968602061
2017 148 1174 15.8787551879883 688.092745063946
2017 149 1175 15.9948135375977 697.548117050111
2017 150 1176 15.4157539367676 678.847066164777
2017 151 1177 16.2281700134278 547.029383052304
2017 152 1178 18.1231056213379 681.363736288309
2017 153 1179 18.5532661437989 738.818964821219
2017 154 1180 19.1046424865723 656.870775391132
2017 155 1181 18.3729759216309 752.147550838679
2017 156 1182 17.9876342773438 763.5261481058
2017 157 1183 18.9483238220215 764.365030297965
2017 158 1184 16.8084655761719 701.474856649876
2017 159 1185 16.1494842529297 294.125567372128
2017 160 1186 18.1652351379395 361.861687304437
2017 161 1187 16.0906349182129 716.833731984913
2017 162 1188 15.8616119384766 714.562479349554
2017 163 1189 15.043832397461 553.405844623446
2017 164 1190 16.8210578918457 688.695138111889
2017 165 1191 19.5250984191895 750.871348449528
2017 166 1192 20.7998863220215 743.066983489513
2017 167 1193 23.4874092102051 710.582212968528
2017 168 1194 25.1244140625 731.804394054234
2017 169 1195 28.3682647705078 735.878379412293
2017 170 1196 27.2679878234864 738.408445784628
2017 171 1197 24.1137519836426 743.812161793649
2017 172 1198 22.1388984680176 738.386131949484
2017 173 1199 26.196607208252 733.504488906264
2017 174 1200 22.7022567749024 701.956767408907
2017 175 1201 19.7122016906739 669.347074352086
2017 176 1202 18.2236763000489 652.555819659054
2017 177 1203 17.6853004455567 719.046991304457
2017 178 1204 18.1844383239746 706.82056409657
2017 179 1205 17.5461212158203 738.122857978165
2017 180 1206 18.5935340881348 762.700640284955
2017 181 1207 18.2577491760254 755.699449716985
2017 182 1208 18.2001281738281 757.975182180345
2017 183 1209 19.0133682250977 746.685818108559
2017 184 1210 18.5082412719727 730.140005206764
2017 185 1211 18.7775360107422 725.40560527575
2017 186 1212 18.4983345031739 704.861675164223
2017 187 1213 20.1357513427735 718.672172602236
2017 188 1214 23.2317481994629 744.494886295617
2017 189 1215 26.4894424438477 747.627337446868
2017 190 1216 21.8834434509278 751.866430228293
2017 191 1217 21.6007286071778 757.234446910977
2017 192 1218 20.0936180114746 745.663976372778
2017 193 1219 19.5038352966309 736.739578306198
2017 194 1220 19.8540702819824 745.280225168467
2017 195 1221 19.9348121643067 737.109945216358
2017 196 1222 21.214559173584 741.349049023151
2017 197 1223 25.8387313842774 726.927224349797
2017 198 1224 25.2859016418457 741.045602575719
2017 199 1225 20.2681213378906 747.355142691851
2017 200 1226 19.1668106079102 756.435708497465
2017 201 1227 19.8146263122559 747.979851890266
2017 202 1228 19.9668289184571 742.054065278023
2017 203 1229 20.5813995361328 731.688376520067
2017 204 1230 23.2697425842285 705.673789713115
2017 205 1231 20.1167541503906 686.490800458074
2017 206 1232 19.6178260803223 667.660349965245
2017 207 1233 19.1548286437989 676.946187637568
2017 208 1234 20.8091751098633 725.26283351776
2017 209 1235 22.0261436462403 727.998142649829
2017 210 1236 19.8290840148926 719.899252939612
2017 211 1237 19.4183403015137 717.302258544296
2017 212 1238 19.716943359375 702.054949896395
2017 213 1239 20.1956344604492 691.769575314134
2017 214 1240 22.5056510925293 649.704478140071
2017 215 1241 23.7701202392578 553.097956771426
2017 216 1242 23.6455932617188 394.703442941826
2017 217 1243 21.6769348144531 527.538522774681
2017 218 1244 19.7549453735352 639.1424650435
2017 219 1245 19.0831657409668 649.963268987592
2017 220 1246 18.9415031433106 627.014221106689
2017 221 1247 19.0575653076172 637.469138667552
2017 222 1248 18.4789253234864 660.47174926602
2017 223 1249 19.1414047241211 659.570384637229
2017 224 1250 20.4097877502442 680.890765591622
2017 225 1251 19.1383033752442 676.745394118309
2017 226 1252 18.8095413208008 605.501973603249
2017 227 1253 17.4244781494141 610.651341653824
2017 228 1254 18.1691566467285 640.851471402168
2017 229 1255 19.5864349365235 609.303759796143
2017 230 1256 19.9203620910645 615.653470246315
2017 231 1257 19.0870948791504 616.019366337776
2017 232 1258 19.3559700012207 602.213330016136
2017 233 1259 19.0643821716309 615.591005418777
2017 234 1260 19.008618927002 600.794361224175
2017 235 1261 20.4643074035645 611.097566946983
2017 236 1262 19.5098205566406 646.313219032288
2017 237 1263 19.2785278320313 642.466788032532
2017 238 1264 21.1071716308594 636.764112271309
2017 239 1265 24.4852691650391 600.129507522583
2017 240 1266 24.3167549133301 627.978042707443
2017 241 1267 22.151700592041 610.530870532036
2017 242 1268 19.6190582275391 629.36578966999
2017 243 1269 20.9933830261231 627.326564605713
2017 244 1270 28.3633132934571 613.587468781471
2017 245 1271 29.3816123962403 603.690320222855
2017 246 1272 29.1887336730957 598.420464921951
2017 247 1273 25.3455825805664 466.080693250656
2017 248 1274 24.5309043884278 463.189204377651
2017 249 1275 22.1060653686524 512.782042692661
2017 250 1276 21.1579719543457 433.484382093906
2017 251 1277 19.7708450317383 452.069415208817
2017 252 1278 20.8250747680664 540.728759860992
2017 253 1279 22.9506851196289 558.729249323368
2017 254 1280 26.2571197509766 548.635759478569
2017 255 1281 24.4346748352051 512.483079034328
2017 256 1282 20.7775856018067 462.470781746387
2017 257 1283 18.5799041748047 517.034508679867
2017 258 1284 17.5570579528809 548.765171355724
2017 259 1285 19.2394920349121 521.688579850197
2017 260 1286 18.3847557067871 518.805981834888
2017 261 1287 19.5284057617188 474.108187678814
2017 262 1288 17.9310470581055 499.2035659585
2017 263 1289 18.7870346069336 457.504360229492
2017 264 1290 16.5400024414063 466.584939454555
2017 265 1291 15.7982154846192 522.295438345909
2017 266 1292 16.9276252746582 505.414948976994
2017 267 1293 18.2889343261719 524.049068295479
2017 268 1294 19.3373847961426 501.970131224632
2017 269 1295 20.7908035278321 509.314907073021
2017 270 1296 22.8302894592285 506.722373290062
2017 271 1297 21.3471389770508 504.18338021183
2017 272 1298 19.379712677002 462.466325229168
2017 273 1299 18.1807228088379 440.512329909802
2017 274 1300 19.8856674194336 475.647646241188
2017 275 1301 19.904256439209 494.55396088171
2017 276 1302 16.4222885131836 488.181963813305
2017 277 1303 16.8084617614746 480.096446710348
2017 278 1304 17.7284599304199 477.851971609592
2017 279 1305 18.419450378418 475.366525788307
2017 280 1306 18.6195503234864 468.914192209959
2017 281 1307 18.8469291687012 455.340200973988
2017 282 1308 21.1272064208985 463.055331447125
2017 283 1309 17.9663673400879 451.623198987961
2017 284 1310 16.5556922912598 440.744351810694
2017 285 1311 15.5869575500489 448.566591162205
2017 286 1312 15.057878112793 446.781707882166
2017 287 1313 17.3734756469727 439.561877817392
2017 288 1314 17.3237052917481 433.591460983276
2017 289 1315 19.3716636657715 404.078502173781
2017 290 1316 18.4677711486817 391.852099473715
2017 291 1317 14.8837905883789 403.989261701703
2017 292 1318 14.736344909668 346.342172466636
2017 293 1319 14.6987625122071 302.518951166272
2017 294 1320 12.7755294799805 354.784637093425
2017 295 1321 14.8210083007813 369.831151686549
2017 296 1322 19.2227684020996 379.353490615249
2017 297 1323 22.2801528930664 378.791246307373
2017 298 1324 21.6915985107422 375.99344887948
2017 299 1325 20.179948425293 374.030075960994
2017 300 1326 19.7547393798828 369.880245324373
2017 301 1327 17.5583015441895 366.810252952456
2017 302 1328 15.9832473754883 350.420619697094
2017 303 1329 14.7014404296875 328.082872984409
2017 304 1330 13.1606689453125 349.180119311869
2017 305 1331 13.4491630554199 335.391942355722
2017 306 1332 13.6267601013184 331.313501047462
2017 307 1333 15.3075500488281 204.310513015062
2017 308 1334 14.7010284423828 126.994064429358
2017 309 1335 10.5743423461914 305.754052158594
2017 310 1336 11.5152030944824 314.740910485059
2017 311 1337 11.314469909668 320.193711547866
2017 312 1338 12.5985542297364 214.952841090605
2017 313 1339 16.4466529846192 153.51734815336
2017 314 1340 14.8730522155762 200.01788027706
2017 315 1341 12.9977394104004 221.146373319767
2017 316 1342 13.0904594421387 238.87021013961
2017 317 1343 14.1653419494629 211.521413586095
2017 318 1344 14.4046836853028 261.306122321337
2017 319 1345 12.2004028320313 142.071817553362
2017 320 1346 14.665299987793 116.106305154316
2017 321 1347 12.648942565918 211.356311901828
2017 322 1348 10.6226631164551 296.16924829801
2017 323 1349 10.7120796203614 286.258724629275
2017 324 1350 13.2849899291992 142.236919221878
2017 325 1351 14.2138687133789 159.77334698987
2017 326 1352 14.2867713928223 236.308911944151
2017 327 1353 15.3232437133789 241.717089636564
2017 328 1354 15.8669830322266 206.425593595743
2017 329 1355 15.9058090209961 221.275770682812
2017 330 1356 16.2457176208496 93.0322988977432
2017 331 1357 12.8087783813477 185.680847599208
2017 332 1358 10.1906410217285 250.012314805269
2017 333 1359 10.992936706543 262.698328604698
2017 334 1360 11.5222183227539 258.5127854743
2017 335 1361 10.4213157653809 241.886652002096
2017 336 1362 9.8387504577637 186.073514862061
2017 337 1363 11.6826835632324 234.845307165623
2017 338 1364 10.5041252136231 264.340409539223
2017 339 1365 11.0930953979492 267.031114217281
2017 340 1366 10.1163040161133 260.859905375957
2017 341 1367 9.66115722656252 261.167800969362
2017 342 1368 9.51907119750979 254.733314124584
2017 343 1369 9.6351371765137 244.992347543478
2017 344 1370 9.60498199462893 250.83781682992
2017 345 1371 9.2425590515137 246.799525002003
2017 346 1372 10.1898208618164 253.845338200092
2017 347 1373 9.12566909790041 251.056466911077
2017 348 1374 9.36977157592776 250.01231304121
2017 349 1375 9.70121917724612 227.214955607176
2017 350 1376 11.5862442016602 219.129456270814
2017 351 1377 13.1953598022461 247.807985656738
2017 352 1378 9.2245918273926 244.18468217206
2017 353 1379 8.53815231323244 220.740309957743
2017 354 1380 11.1825157165528 226.563469441175
2017 355 1381 7.76291427612307 254.104141793728
2017 356 1382 6.93687973022463 228.986442370653
2017 357 1383 8.06462631225588 208.567446576357
2017 358 1384 9.05153808593752 173.351804823399
2017 359 1385 8.74838027954104 140.822405435085
2017 360 1386 8.98174057006838 212.489712459326
2017 361 1387 8.55818328857424 223.386386461496
2017 362 1388 8.57119522094729 218.959896047354
2017 363 1389 8.8869453430176 227.866430180788
2017 364 1390 8.87414703369143 216.17102778244
2017 365 1391 9.09798965454104 191.013166782618
2018 1 1392 9.66710052490237 190.903725566149
2018 2 1393 10.8983589172364 200.11238026762
2018 3 1394 10.5987602233887 146.720008463144
2018 4 1395 12.1475959777832 106.464424503565
2018 5 1396 14.9979873657227 110.201269129991
2018 6 1397 12.1666236877442 141.021320987463
2018 7 1398 9.46427688598635 198.301780786514
2018 8 1399 10.4567199707031 60.7859750437736
2018 9 1400 13.2159210205078 62.5965659565925
2018 10 1401 11.1286827087403 95.6987599860429
2018 11 1402 11.7477241516114 105.356719271779
2018 12 1403 11.0220008850098 165.11951422596
2018 13 1404 10.4149490356446 226.590570680618
2018 14 1405 9.43946228027346 227.346840443134
2018 15 1406 9.41237411499026 216.34540350914
2018 16 1407 11.9462142944336 182.535868793487
2018 17 1408 12.0214744567871 142.471575114965
2018 18 1409 11.6619163513184 142.885297115803
2018 19 1410 10.746598815918 204.222903258085
2018 20 1411 7.95988998413088 278.07448333931
2018 21 1412 7.20025405883791 278.635009579658
2018 22 1413 11.1927848815918 159.63436307621
2018 23 1414 10.5793281555176 202.505733637333
2018 24 1415 8.97405014038088 218.934489816666
2018 25 1416 9.62450942993166 204.489819066346
2018 26 1417 7.69896087646487 255.769083421707
2018 27 1418 8.84813079833987 246.164513635635
2018 28 1419 10.6332908630371 284.057879364014
2018 29 1420 10.6210952758789 242.601167746544
2018 30 1421 10.5206085205078 250.114888035774
2018 31 1422 11.4518562316895 317.542660885811
2018 32 1423 12.3677955627442 307.755694448471
2018 33 1424 14.3152671813965 305.96733773613
2018 34 1425 16.0871940612793 326.101802899361
2018 35 1426 17.217546081543 305.130994308472
2018 36 1427 14.0723243713379 312.965027402878
2018 37 1428 15.0263114929199 339.207444265365
2018 38 1429 16.192643737793 350.529187452316
2018 39 1430 15.4652534484864 346.231816585541
2018 40 1431 14.6160942077637 341.365033660889
2018 41 1432 13.8240028381348 338.268776339531
2018 42 1433 12.5212112426758 343.059945644379
2018 43 1434 9.56020889282229 314.611011444092
2018 44 1435 10.1835876464844 378.648930086136
2018 45 1436 11.3542610168457 342.83752501297
2018 46 1437 10.2793174743653 379.080441110611
2018 47 1438 10.2975135803223 396.003001272201
2018 48 1439 10.9994598388672 394.824113862991
2018 49 1440 12.6628395080567 368.030072706222
2018 50 1441 7.50171051025393 406.043552881759
2018 51 1442 6.1588073730469 399.130384329006
2018 52 1443 7.39420089721682 403.187537059076
2018 53 1444 8.47245178222659 434.590358772252
2018 54 1445 6.94139633178713 423.090664366819
2018 55 1446 6.38108215332034 435.497883168481
2018 56 1447 8.59567794799807 384.51220346947
2018 57 1448 10.7809196472168 305.562528702792
2018 58 1449 8.88534317016604 408.272312377989
2018 59 1450 7.99338684082034 379.116040232092
2018 60 1451 11.9054809570313 164.656857325051
2018 61 1452 8.6335159301758 317.934127202451
2018 62 1453 7.88380203247073 364.689162663549
2018 63 1454 7.54761657714846 331.707081399888
2018 64 1455 9.16199645996096 418.513027379393
2018 65 1456 11.080094909668 456.135035272777
2018 66 1457 13.3896003723145 405.402956146061
2018 67 1458 14.9907508850098 383.773753333867
2018 68 1459 13.5556274414063 364.364412273288
2018 69 1460 13.2955261230469 268.140702015102
2018 70 1461 11.8502822875977 405.167168672085
2018 71 1462 14.6559997558594 410.39874452126
2018 72 1463 16.5478492736817 211.754423722327
2018 73 1464 11.5016799926758 287.109633129239
2018 74 1465 9.74174270629885 346.018290087938
2018 75 1466 10.6628547668457 282.136067929149
2018 76 1467 9.66978988647463 388.351374405384
2018 77 1468 8.88907012939455 404.655570878029
2018 78 1469 10.8574157714844 464.858773636579
2018 79 1470 13.1098571777344 307.017211567521
2018 80 1471 13.635026550293 147.738742241859
2018 81 1472 15.564298248291 219.036816078901
2018 82 1473 9.58130035400393 463.630958033085
2018 83 1474 10.8745819091797 439.479377815008
2018 84 1475 9.36482009887698 543.955293448448
2018 85 1476 10.6595512390137 547.545320478916
2018 86 1477 14.180249786377 570.700401118755
2018 87 1478 15.7497611999512 560.855606809139
2018 88 1479 18.0718742370606 570.193252281666
2018 89 1480 17.5411239624024 567.555234503746
2018 90 1481 17.5022598266602 505.060984477043
2018 91 1482 15.2609802246094 584.046255415916
2018 92 1483 15.653207397461 571.630155506134
2018 93 1484 14.5544868469239 599.051475906372
2018 94 1485 15.0335479736328 572.733418711185
2018 95 1486 14.805493927002 394.472683055878
2018 96 1487 14.3233276367188 106.41994268316
2018 97 1488 16.6295181274414 267.233189766467
2018 98 1489 13.9939628601074 579.121640586853
2018 99 1490 15.2692504882813 615.382371665001
2018 100 1491 18.5370880126953 537.940742124557
2018 101 1492 12.7044006347656 374.200308290958
2018 102 1493 11.2661834716797 505.127718327522
2018 103 1494 12.1608291625977 610.982692428589
2018 104 1495 15.1594673156739 636.001738360405
2018 105 1496 15.9732643127442 635.757052279472
2018 106 1497 10.837979888916 464.316060612678
2018 107 1498 10.2652603149414 532.847068946838
2018 108 1499 11.592244720459 482.417486006737
2018 109 1500 11.8802619934082 577.738101157188
2018 110 1501 14.5484901428223 651.438456770897
2018 111 1502 16.5813461303711 657.070389731407
2018 112 1503 18.1969696044922 664.655308452606
2018 113 1504 19.4931503295899 667.360059576988
2018 114 1505 17.6635261535645 651.380619826317
2018 115 1506 15.4842887878418 629.106348999023
2018 116 1507 14.5160308837891 639.218084758758
2018 117 1508 14.051847076416 590.959417420387
2018 118 1509 14.4531684875489 566.354097773552
2018 119 1510 14.0096717834473 458.506141148567
2018 120 1511 14.178800201416 463.230588699341
2018 121 1512 14.9553886413574 614.430359388351
2018 122 1513 16.3543258666992 698.567144481659
2018 123 1514 14.9647003173828 654.494654830932
2018 124 1515 15.9188896179199 662.408749998093
2018 125 1516 17.1067253112793 560.188309129715
2018 126 1517 14.8303047180176 583.236623874664
2018 127 1518 16.6820465087891 691.440450687408
2018 128 1519 18.0239082336426 692.325734153747
2018 129 1520 18.0485130310059 674.700294233322
2018 130 1521 16.7339378356934 696.551927757263
2018 131 1522 17.9699417114258 682.467594654601
2018 132 1523 23.0241790771485 736.015650302533
2018 133 1524 16.5958229064942 653.355816102627
2018 134 1525 14.8546997070313 661.523471579798
2018 135 1526 14.487077331543 589.246712810326
2018 136 1527 14.8561492919922 534.848972915977
2018 137 1528 15.128865814209 559.685617664311
2018 138 1529 16.4337211608887 670.429628551103
2018 139 1530 15.7938056945801 709.421782822706
2018 140 1531 14.4126487731934 655.246461547635
2018 141 1532 15.6858688354492 680.074231901511
2018 142 1533 16.0272270202637 643.795704664737
2018 143 1534 14.6260238647461 567.782093035251
2018 144 1535 14.2706008911133 610.462191396922
2018 145 1536 13.981763458252 358.305380956054
2018 146 1537 15.2415405273438 348.175870867923
2018 147 1538 17.6459518432617 605.817821889937
2018 148 1539 21.4207702636719 730.930872750983
2018 149 1540 23.8332267761231 736.25143922162
2018 150 1541 17.8698745727539 712.678168061822
2018 151 1542 14.537744140625 732.407813264787
2018 152 1543 15.8696838378906 747.066026704251
2018 153 1544 21.3934684753418 745.033007095754
2018 154 1545 23.8661056518555 745.259893505692
2018 155 1546 21.5611511230469 750.322422630101
2018 156 1547 17.5673881530762 742.172543674588
2018 157 1548 16.6495834350586 745.513472145379
2018 158 1549 15.8940788269043 743.026681449562
2018 159 1550 17.8237663269043 752.533384609222
2018 160 1551 18.6789260864258 701.174042241573
2018 161 1552 17.4085899353028 746.407621142566
2018 162 1553 18.8137260437012 751.029744888186
2018 163 1554 22.3819862365723 755.776445288062
2018 164 1555 21.9723983764649 758.183123162925
2018 165 1556 20.4930320739746 757.50249978131
2018 166 1557 17.888688659668 753.738976218581
2018 167 1558 16.5511642456055 706.454555546343
2018 168 1559 16.1624504089356 705.849545784533
2018 169 1560 18.3760162353516 712.39790169704
2018 170 1561 18.450040435791 727.234062515795
2018 171 1562 17.6139045715332 747.137193320155
2018 172 1563 17.4489074707031 773.655434615195
2018 173 1564 21.1286026000977 770.603693765402
2018 174 1565 25.2377487182617 762.329254756689
2018 175 1566 23.7184806823731 716.864329274416
2018 176 1567 18.2145362854004 657.114898012698
2018 177 1568 19.0839668273926 750.891851793051
2018 178 1569 17.7753845214844 699.665954319596
2018 179 1570 17.8661476135254 751.657011279225
2018 180 1571 20.4037109375 752.386581377745
2018 181 1572 24.5109840393067 756.314718742311
2018 182 1573 22.6104522705078 716.606300039708
2018 183 1574 19.2628112792969 691.404856448591
2018 184 1575 18.1208816528321 745.121995937407
2018 185 1576 17.9157730102539 715.111586079538
2018 186 1577 18.2902160644531 723.790850750208
2018 187 1578 21.8471008300781 617.357553887904
2018 188 1579 23.4796691894531 704.221351522982
2018 189 1580 21.9240089416504 750.197869759142
2018 190 1581 21.681901550293 753.405304635107
2018 191 1582 24.4227005004883 744.917339695811
2018 192 1583 21.6142898559571 730.143462825537
2018 193 1584 20.7785697937012 702.917906423151
2018 194 1585 21.925668334961 586.573081589758
2018 195 1586 21.3268905639649 666.964146130442
2018 196 1587 19.3448997497559 696.333945498466
2018 197 1588 19.0839630126953 693.237706321716
2018 198 1589 19.6773544311524 725.370088088512
2018 199 1590 20.6493431091309 734.400805302024
2018 200 1591 20.7793937683106 723.701881628215
2018 201 1592 21.1536270141602 716.668601439774
2018 202 1593 21.7216011047364 594.309223581433
2018 203 1594 20.7446571350098 623.438817956567
2018 204 1595 20.4475456237793 677.000242282003
2018 205 1596 20.2087341308594 701.30306262362
2018 206 1597 21.6796279907227 722.224924781114
2018 207 1598 21.6864486694336 697.361575175047
2018 208 1599 19.2640510559082 712.842774744421
2018 209 1600 18.9231010437012 721.544283569902
2018 210 1601 18.9365440368653 710.396018424094
2018 211 1602 19.0095344543457 646.66061827141
2018 212 1603 19.4418655395508 665.211382097617
2018 213 1604 19.0765205383301 673.71269622314
2018 214 1605 18.7326789855957 712.38012636061
2018 215 1606 19.0883041381836 716.63746266289
2018 216 1607 22.1274620056153 700.066327417716
2018 217 1608 20.2732444763184 705.831758485578
2018 218 1609 20.2817245483399 701.961452537157
2018 219 1610 19.8516632080078 694.318725427084
2018 220 1611 18.5709930419922 689.981305879403
2018 221 1612 20.1963249206543 692.512573887035
2018 222 1613 21.6750732421875 689.496406694058
2018 223 1614 22.7607666015625 678.699609849494
2018 224 1615 21.5497718811035 679.980816547394
2018 225 1616 19.3785949707031 655.873706494331
2018 226 1617 17.5212799072266 632.61632958126
2018 227 1618 17.8585067749024 600.564010391235
2018 228 1619 18.4343238830567 633.40817134285
2018 229 1620 19.9401527404785 655.415518864631
2018 230 1621 20.8157745361328 668.930434030533
2018 231 1622 20.0377479553223 677.53406662178
2018 232 1623 18.9406791687012 665.629545857429
2018 233 1624 16.6834884643555 597.267582767486
2018 234 1625 17.2409111022949 566.180603068352
2018 235 1626 17.5917793273926 607.196907763481
2018 236 1627 16.6595054626465 606.609673668861
2018 237 1628 17.564282989502 625.511879059791
2018 238 1629 17.0043769836426 601.431481901169
2018 239 1630 17.407559967041 579.651033704758
2018 240 1631 17.1166549682617 537.486991859436
2018 241 1632 17.7489181518555 572.137298295021
2018 242 1633 18.4014488220215 551.006344389915
2018 243 1634 17.9844184875489 597.365446716308
2018 244 1635 18.8730712890625 608.762816627502
2018 245 1636 19.2681861877442 607.245826633453
2018 246 1637 18.8300605773926 588.392567329407
2018 247 1638 18.3319831848145 571.38104214096
2018 248 1639 18.2443176269531 587.462813446045
2018 249 1640 16.8519912719727 560.926767439842
2018 250 1641 18.6551414489746 591.862490666389
2018 251 1642 20.3743453979492 586.381795025825
2018 252 1643 19.6494499206543 580.727590567589
2018 253 1644 19.3099494934082 590.390001330376
2018 254 1645 19.7983184814453 582.507051382065
2018 255 1646 18.0557495117188 571.194201572895
2018 256 1647 17.4571815490723 523.531662210941
2018 257 1648 16.6094718933106 547.527520618915
2018 258 1649 17.7828231811524 539.431048961162
2018 259 1650 15.8967681884766 560.419638259411
2018 260 1651 16.4914031982422 528.380664932251
2018 261 1652 16.1949172973633 505.016493899345
2018 262 1653 16.9208503723145 538.341123554706
2018 263 1654 19.8810173034668 543.634983667374
