Year DOY_disc DOY TA_C PAR_umol_m2_day
2014 71 1 16.5020233154297 518.104522647619
2014 72 2 16.0154129028321 517.292406177163
2014 73 3 14.0949607849121 490.714872399807
2014 74 4 15.2464385986328 514.066191002369
2014 75 5 15.3336921691895 520.185790279627
2014 76 6 14.9541564941406 512.970062282205
2014 77 7 14.1818099975586 535.850974499941
2014 78 8 13.6099334716797 540.461773553371
2014 79 9 15.1405502319336 516.804255374193
2014 80 10 14.090592956543 500.784076191425
2014 81 11 12.8683181762696 517.283526533842
2014 82 12 13.7499214172364 535.513704046965
2014 83 13 13.8681045532227 561.150456681728
2014 84 14 14.3208099365235 427.04681646204
2014 85 15 13.1356254577637 313.467649538398
2014 86 16 13.1136108398438 406.371451979637
2014 87 17 14.6479888916016 387.551051551819
2014 88 18 15.0420013427735 205.75960434413
2014 89 19 11.6978088378906 339.667990694046
2014 90 20 10.862996673584 337.35149611783
2014 91 21 9.47593841552737 295.716751375198
2014 92 22 9.80649719238284 384.817414464235
2014 93 23 11.4858337402344 502.940804222107
2014 94 24 12.4671760559082 380.357495634794
2014 95 25 11.7616516113281 540.643732717991
2014 96 26 14.4381996154785 605.40788474083
2014 97 27 17.9870277404785 605.119452011108
2014 98 28 19.1406951904297 598.334153039932
2014 99 29 17.6418014526367 550.68186386919
2014 100 30 15.7056823730469 613.812946779251
2014 101 31 16.4098106384278 541.566779648781
2014 102 32 14.2288032531739 506.464342354298
2014 103 33 14.4532676696778 596.465882435799
2014 104 34 16.2365165710449 630.170407251358
2014 105 35 16.2571311950684 645.072282105446
2014 106 36 17.0459419250489 641.171540263176
2014 107 37 17.4948707580567 637.315146865845
2014 108 38 16.7554412841797 641.220343209267
2014 109 39 15.0967346191406 650.344297622681
2014 110 40 15.9670272827149 666.00947781086
2014 111 41 16.987638092041 586.578626720428
2014 112 42 14.3255744934082 625.768191802025
2014 113 43 13.4380126953125 673.305098909378
2014 114 44 15.4417510986328 587.208781884193
2014 115 45 14.3931900024414 405.523841254711
2014 116 46 11.5282646179199 537.155663261414
2014 117 47 13.5676971435547 348.689887234211
2014 118 48 13.9059921264649 564.114864700317
2014 119 49 18.6507164001465 693.341437026977
2014 120 50 22.1204315185547 697.810238145828
2014 121 51 22.2721229553223 694.393165010452
2014 122 52 20.2586685180664 688.144855699539
2014 123 53 17.1694770812989 691.304523384094
2014 124 54 15.8359619140625 633.512014947891
2014 125 55 16.1399398803711 644.925844034195
2014 126 56 15.0959373474121 641.060586996079
2014 127 57 15.7245193481446 705.682762001038
2014 128 58 14.8677078247071 548.294361631393
2014 129 59 16.6787048339844 495.463247143745
2014 130 60 15.4134002685547 722.27986435318
2014 131 61 17.4897132873535 718.135013386562
2014 132 62 19.3302627563477 735.970235933763
2014 133 63 22.2667709350586 728.976382843477
2014 134 64 24.1979309082031 731.354996819461
2014 135 65 23.8741165161133 730.667149222204
2014 136 66 20.401628112793 697.166770754449
2014 137 67 18.1456657409668 706.224160745807
2014 138 68 17.6620307922364 700.974340911135
2014 139 69 16.3769012451172 692.666911698297
2014 140 70 15.518888092041 669.905809032947
2014 141 71 17.246411895752 664.993247987985
2014 142 72 18.2586952209473 678.049038848199
2014 143 73 17.9838577270508 654.200696816206
2014 144 74 19.1801544189453 695.706766239345
2014 145 75 20.0411354064942 730.436382266238
2014 146 76 21.6853729248047 746.793849290565
2014 147 77 19.6360221862793 751.156143012181
2014 148 78 19.0088287353516 773.49119778648
2014 149 79 20.1993728637696 783.081144247413
2014 150 80 17.3639961242676 760.328913586378
2014 151 81 15.6315208435059 717.504874462575
2014 152 82 18.2729698181153 749.594059462994
2014 153 83 17.7201286315918 716.288925211906
2014 154 84 15.4088417053223 731.701128808558
2014 155 85 18.1371398925781 753.392753039837
2014 156 86 19.1906600952149 734.550162702024
2014 157 87 18.2160621643067 677.747260279238
2014 158 88 17.6899887084961 736.107803169191
2014 159 89 21.5071083068848 758.380742320895
2014 160 90 24.4660278320313 764.105411236525
2014 161 91 22.1511627197266 749.824819211125
2014 162 92 17.8960166931153 688.060549426675
2014 163 93 16.4641471862793 750.03340243721
2014 164 94 17.5545555114746 774.751521123946
2014 165 95 20.5951667785645 764.602431476474
2014 166 96 18.4954467773438 712.809737351716
2014 167 97 16.8133407592774 749.070389803231
2014 168 98 17.5248123168946 763.74152201426
2014 169 99 20.5285354614258 776.881632275402
2014 170 100 19.8105255126953 778.496962199211
2014 171 101 19.8192459106446 767.340515000939
2014 172 102 20.1962028503418 757.342327880204
2014 173 103 17.7242980957031 762.56108248508
2014 174 104 17.8890739440918 758.416246214688
2014 175 105 20.6263023376465 753.778847418606
2014 176 106 19.3060699462891 709.175247401476
2014 177 107 18.8250137329102 618.161911333561
2014 178 108 18.9073043823242 696.248157415986
2014 179 109 19.7583786010742 709.188555400073
2014 180 110 21.0803886413574 754.431173843741
2014 181 111 24.1269393920899 755.913374198914
2014 182 112 20.9865928649903 703.002373225391
2014 183 113 18.886678314209 718.592087281704
2014 184 114 19.2896133422852 745.666672107041
2014 185 115 19.2303215026856 769.173301619947
2014 186 116 18.9663940429688 770.220601122141
2014 187 117 20.0841690063477 789.631214510321
2014 188 118 20.0554100036621 704.249363898933
2014 189 119 21.088712310791 642.849003560424
2014 190 120 18.7885223388672 692.382886391401
2014 191 121 18.8002258300781 656.898826040864
2014 192 122 18.8922401428223 684.275151279509
2014 193 123 18.1835380554199 697.912314982712
2014 194 124 18.2099090576172 728.847697493851
2014 195 125 22.6457000732422 729.926052121878
2014 196 126 21.796216583252 635.735322095871
2014 197 127 20.5358787536621 608.172605809212
2014 198 128 19.0326248168946 569.107305458426
2014 199 129 18.3536697387696 652.190397059947
2014 200 130 19.2753387451172 706.135407020152
2014 201 131 19.5208221435547 663.56429950437
2014 202 132 19.689168548584 542.551956235886
2014 203 133 19.4298034667969 643.590093972683
2014 204 134 19.8126998901367 712.099697056621
2014 205 135 21.3724685668946 725.794522212028
2014 206 136 23.8431907653809 737.048606740534
2014 207 137 24.2933135986328 735.779412737548
2014 208 138 23.2857872009278 647.619554542899
2014 209 139 22.3401351928711 668.392543062091
2014 210 140 21.4111381530762 605.146058699742
2014 211 141 22.7127243041992 658.784861806586
2014 212 142 22.7839179992676 687.843103882849
2014 213 143 22.0528121948242 714.877720925927
2014 214 144 21.6641555786133 694.863563425511
2014 215 145 19.0952850341797 636.75599828475
2014 216 146 17.9660125732422 543.581495553657
2014 217 147 19.63662109375 535.549213028178
2014 218 148 22.1329246520996 426.736176110856
2014 219 149 21.2116561889649 671.8450966781
2014 220 150 19.9679695129395 680.121464986632
2014 221 151 20.0224967956543 673.562483628567
2014 222 152 18.0272804260254 677.964711821062
2014 223 153 19.1174980163574 665.08200345309
2014 224 154 19.7266403198242 625.95900654316
2014 225 155 18.8226333618164 632.584536196709
2014 226 156 20.2045303344727 657.271610404968
2014 227 157 20.1150985717774 664.33647040081
2014 228 158 20.7978149414063 669.475344820023
2014 229 159 19.8105216979981 661.829147727013
2014 230 160 19.1646896362305 640.883084348678
2014 231 161 18.3649765014649 624.166178193092
2014 232 162 18.8549514770508 536.325811571121
2014 233 163 19.3492980957031 594.677484394073
2014 234 164 20.6328407287598 636.764855192184
2014 235 165 18.7072273254395 613.00527384758
2014 236 166 19.2479682922364 616.16050517559
2014 237 167 18.7024742126465 558.083982221603
2014 238 168 18.4686828613281 628.816891098976
2014 239 169 20.1640754699707 623.50050496006
2014 240 170 20.7978225708008 604.733363995552
2014 241 171 20.4232421875 531.843717511177
2014 242 172 21.1571327209473 496.692493399143
2014 243 173 21.7095695495606 611.296766512871
2014 244 174 22.1069427490235 613.80407608223
2014 245 175 22.2239356994629 610.236145655632
2014 246 176 18.8965927124024 585.256184720516
2014 247 177 20.2451797485352 597.863764169693
2014 248 178 19.4518142700196 586.192543745041
2014 249 179 19.1462455749512 584.910041554451
2014 250 180 18.1890922546387 597.38892583847
2014 251 181 17.6993118286133 560.862008831501
2014 252 182 16.7701164245606 580.490079166889
2014 253 183 19.7046409606934 578.377697565079
2014 254 184 21.5545021057129 573.713662485123
2014 255 185 21.745263671875 570.749256482601
2014 256 186 22.2572456359864 553.5885574193
2014 257 187 21.1456199645996 538.336111106873
2014 258 188 20.8957725524903 539.077202401161
2014 259 189 19.2003799438477 549.164145066738
2014 260 190 20.701245880127 535.451594803333
2014 261 191 22.3641334533692 435.629382659912
2014 262 192 20.501180267334 470.611963733196
2014 263 193 20.144246673584 505.82974730587
2014 264 194 19.8345161437989 478.018538098812
2014 265 195 19.4966255187989 501.134652185917
2014 266 196 19.6471305847168 485.398483740807
2014 267 197 21.1134963989258 454.099194744825
2014 268 198 19.5513549804688 318.957117970705
2014 269 199 17.7314277648926 443.000444500446
2014 270 200 18.2711769104004 494.167409674644
2014 271 201 18.6481338500977 411.807666114807
2014 272 202 18.4153419494629 450.948400025368
2014 273 203 18.2382675170899 482.309815905571
2014 274 204 20.5301261901856 491.464850519657
2014 275 205 20.4835258483887 496.674731844425
2014 276 206 23.225904083252 488.859902801037
2014 277 207 22.2784629821778 486.365909609556
2014 278 208 21.4484153747559 483.34825296402
2014 279 209 20.8826919555664 478.768508154392
2014 280 210 19.9241424560547 458.745488430738
2014 281 211 20.0238891601563 449.665904386997
2014 282 212 20.009408569336 451.893654443741
2014 283 213 17.9543090820313 439.938409672976
2014 284 214 17.7960716247559 419.325184927225
2014 285 215 20.9762817382813 443.692725288391
2014 286 216 21.649488067627 433.383888185024
2014 287 217 19.0167633056641 347.087866821051
2014 288 218 18.8616996765137 273.497060787439
2014 289 219 17.0479217529297 333.140102969885
2014 290 220 16.6277404785156 348.13517306447
2014 291 221 19.6427665710449 373.842912066102
2014 292 222 18.9816642761231 367.332773170233
2014 293 223 18.8618980407715 235.936135896325
2014 294 224 15.1133895874024 324.681780712128
2014 295 225 15.6582885742188 375.853203915596
2014 296 226 17.3162055969239 283.402057266831
2014 297 227 17.1518226623535 344.012526074052
2014 298 228 18.5838943481446 272.69826245892
2014 299 229 15.9936042785645 314.621455177784
2014 300 230 14.6852737426758 368.850472442031
2014 301 231 14.902604675293 360.134786692858
2014 302 232 16.7931190490723 329.953800072491
2014 303 233 18.71376953125 307.596543748558
2014 304 234 16.8331695556641 175.201427952901
2014 305 235 13.8980537414551 218.686701322854
2014 306 236 12.9044052124024 325.036812751323
2014 307 237 12.9498229980469 328.866566714674
2014 308 238 14.1738754272461 328.302967042416
2014 309 239 15.8222785949707 328.338471219718
2014 310 240 16.1306205749512 319.622781091899
2014 311 241 15.2133270263672 322.675930857867
2014 312 242 15.8811698913574 307.259268428668
2014 313 243 16.7909370422364 304.396943972439
2014 314 244 15.1060424804688 319.187884334058
2014 315 245 15.3057266235352 258.719427605391
2014 316 246 15.1030708312989 217.484069347844
2014 317 247 15.906755065918 177.686553262766
2014 318 248 14.6124969482422 208.462180328555
2014 319 249 13.3541389465332 243.626721464239
2014 320 250 13.1122261047364 251.419370664189
2014 321 251 12.2020698547364 270.488274267968
2014 322 252 10.9831596374512 242.952185335618
2014 323 253 13.0104957580567 108.08525657387
2014 324 254 13.0781112670899 93.9865977729559
2014 325 255 12.2859397888184 141.310511758566
2014 326 256 15.1004959106446 80.682297273159
2014 327 257 12.2304130554199 251.623499001265
2014 328 258 11.399373626709 269.773801683903
2014 329 259 11.5595947265625 270.559274688244
2014 330 260 11.7451988220215 269.38772601676
2014 331 261 12.8348098754883 249.985976647377
2014 332 262 9.73927841186526 267.128915163994
2014 333 263 14.3374649047852 135.860986159682
2014 334 264 13.3360992431641 77.6912672721744
2014 335 265 13.3854728698731 144.004210674882
2014 336 266 13.3965774536133 104.08242386198
2014 337 267 15.4742790222168 79.359854832232
2014 338 268 15.3785034179688 168.225319265008
2014 339 269 14.9269882202149 141.634461171508
2014 340 270 16.1637397766114 132.08447698015
2014 341 271 14.3967567443848 148.28217890799
2014 342 272 13.5675025939942 145.23346260047
2014 343 273 14.7653823852539 92.6597224406004
2014 344 274 14.0662017822266 136.974850477695
2014 345 275 15.899015045166 39.8197160872221
2014 346 276 11.2076278686524 104.987720279172
2014 347 277 9.98396835327151 149.613499039173
2014 348 278 9.97187194824221 165.24760620892
2014 349 279 10.9807830810547 77.9619737913609
2014 350 280 11.5701004028321 137.449692085028
2014 351 281 11.5528579711914 164.488749516785
2014 352 282 12.0660377502442 123.475291697979
2014 353 283 12.7546974182129 87.849224340558
2014 354 284 13.0670104980469 85.8300611010194
2014 355 285 15.3033500671387 102.524782890797
2014 356 286 14.0840469360352 126.244433498383
2014 357 287 13.328759765625 212.49607542038
2014 358 288 12.0356956481934 152.999478113413
2014 359 289 10.1172157287598 192.073659115553
2014 360 290 9.18267211914065 253.891181811094
2014 361 291 8.54218826293948 248.308523304462
2014 362 292 8.4037796020508 233.859284586191
2014 363 293 7.94195709228518 217.044738265276
2014 364 294 8.09761581420901 234.280868998289
2014 365 295 7.63877258300784 263.126086719513
2015 1 296 7.22713241577151 256.566831757069
2015 2 297 5.49513015747073 262.989195735931
2015 3 298 6.56520996093752 258.726795072079
2015 4 299 7.92996749877932 206.241385255813
2015 5 300 7.08685455322268 210.995084938049
2015 6 301 7.52391204833987 228.792670814514
2015 7 302 8.46322021484377 244.310793494701
2015 8 303 10.3551040649414 218.944468846798
2015 9 304 10.4536109924317 169.508679166317
2015 10 305 11.1473823547364 206.152861243725
2015 11 306 9.48858032226565 223.233412299395
2015 12 307 9.29177627563479 234.914054059505
2015 13 308 10.5242782592774 249.821366751671
2015 14 309 8.8274971008301 271.058088598251
2015 15 310 8.86420593261721 236.449932085991
2015 16 311 9.80624923706057 146.62543146038
2015 17 312 10.8043952941895 126.203124149203
2015 18 313 11.2292304992676 179.737527783394
2015 19 314 12.1221214294434 176.60824022007
2015 20 315 10.6122375488281 207.502841213703
2015 21 316 9.83683929443362 277.604376214504
2015 22 317 9.88176498413088 230.527733790398
2015 23 318 9.10299072265627 280.494659479141
2015 24 319 12.1560874938965 297.429151736259
2015 25 320 9.98744735717776 300.049436688423
2015 26 321 9.58940277099612 268.597140517235
2015 27 322 13.0356842041016 230.456912363052
2015 28 323 12.9492050170899 257.57599652338
2015 29 324 11.5192657470703 306.206221574783
2015 30 325 11.3669677734375 301.124987533569
2015 31 326 13.3864723205567 327.137534395218
2015 32 327 10.9077583312989 317.798336550712
2015 33 328 12.1634651184082 302.860049501419
2015 34 329 13.6223007202149 290.236641402244
2015 35 330 12.3503547668457 288.368794172287
2015 36 331 12.4880958557129 201.31064561367
2015 37 332 15.0657402038574 124.029876587391
2015 38 333 16.3545585632324 147.222958713651
2015 39 334 16.0147415161133 194.755498892784
2015 40 335 16.1216789245606 181.339802473068
2015 41 336 11.6008964538574 293.272985229492
2015 42 337 11.9466186523438 316.988345141411
2015 43 338 13.6421295166016 343.155823766708
2015 44 339 14.4936767578125 354.840880462646
2015 45 340 15.5122886657715 376.936264612198
2015 46 341 15.529801940918 366.008084011078
2015 47 342 14.3941131591797 373.70517168808
2015 48 343 13.3236137390137 326.64623285675
2015 49 344 11.9976669311524 364.4235194664
2015 50 345 12.0134864807129 360.338175279344
2015 51 346 13.2917686462403 373.54139912191
2015 52 347 12.5547538757324 386.908407164872
2015 53 348 12.2256866455078 391.445229940634
2015 54 349 13.2615943908692 416.050246480383
2015 55 350 11.2060218811035 432.214584247202
2015 56 351 11.0284210205078 427.190901530504
2015 57 352 12.8085075378418 416.497292368144
2015 58 353 14.1857048034668 404.497980220601
2015 59 354 11.7907386779785 373.413054784
2015 60 355 11.2167793273926 405.502718726456
2015 61 356 11.6852699279785 381.358006903857
2015 62 357 11.3138061523438 387.32889313519
2015 63 358 11.388272857666 461.232506123155
2015 64 359 13.1820770263672 471.240061059058
2015 65 360 14.1106201171875 486.395219198942
2015 66 361 13.3923774719239 486.837847638666
2015 67 362 13.4590354919434 472.926424223304
2015 68 363 13.8429389953614 490.268121165037
2015 69 364 13.6153388977051 395.110079682112
2015 70 365 15.2376495361328 271.677740507081
2015 71 366 14.6725479125977 417.426797424674
2015 72 367 16.182015991211 412.712929314136
2015 73 368 18.6094757080078 454.845561835766
2015 74 369 19.3620964050293 465.486042295694
2015 75 370 15.1401992797852 349.432108156323
2015 76 371 15.7723747253418 404.732558699846
2015 77 372 14.3620544433594 522.30023986268
2015 78 373 14.865983581543 523.504169854402
2015 79 374 14.8984619140625 428.000886387586
2015 80 375 14.8288589477539 463.264110357761
2015 81 376 16.7882476806641 389.240996196985
2015 82 377 14.6172843933106 462.693147439957
2015 83 378 14.3901115417481 365.884161885738
2015 84 379 15.5964599609375 492.144814647198
2015 85 380 16.9736572265625 538.482282553196
2015 86 381 17.4733673095703 562.963393289089
2015 87 382 16.0193840026856 549.406062078953
2015 88 383 16.5553680419922 584.598465881824
2015 89 384 17.3364654541016 576.812840080261
2015 90 385 15.5426651000977 556.921681503773
2015 91 386 14.4531723022461 584.757793680668
2015 92 387 13.9444023132324 604.347980595588
2015 93 388 13.864877319336 615.92238240242
2015 94 389 13.2386032104492 610.650840661049
2015 95 390 11.5291801452637 467.663710463524
2015 96 391 10.7029434204102 486.147368144035
2015 97 392 12.4885154724121 456.576188581109
2015 98 393 11.647721862793 491.374660227775
2015 99 394 12.2809539794922 592.826680998802
2015 100 395 13.6845260620117 621.570171733856
2015 101 396 14.3158584594727 608.313823273659
2015 102 397 16.1197868347168 626.323892584801
2015 103 398 15.5475173950196 637.615001626015
2015 104 399 13.5081840515137 650.375650496483
2015 105 400 14.6970191955567 661.356922219276
2015 106 401 18.1213623046875 667.704048070907
2015 107 402 17.6821990966797 657.129942349434
2015 108 403 16.350545501709 641.523310777664
2015 109 404 16.4214263916016 608.083658926964
2015 110 405 14.4964195251465 614.647672312736
2015 111 406 13.7524467468262 574.042064761162
2015 112 407 13.8096061706543 582.389805968284
2015 113 408 15.2513633728028 646.28143774414
2015 114 409 14.9961257934571 674.27690493679
2015 115 410 14.5141387939453 606.313198845863
2015 116 411 14.8200012207031 628.634335178375
2015 117 412 18.93642578125 680.544359832763
2015 118 413 17.7334457397461 686.218672548294
2015 119 414 16.3518157958985 691.769091867447
2015 120 415 19.4513145446778 699.877804079056
2015 121 416 21.5484481811524 698.160477457046
2015 122 417 17.5410781860352 676.436848091125
2015 123 418 15.1507469177246 669.461222267151
2015 124 419 13.5296989440918 673.657220219612
2015 125 420 13.9264694213867 709.035524599075
2015 126 421 14.4430557250977 704.551834821701
2015 127 422 15.227311706543 624.517993061065
2015 128 423 14.8164154052735 649.176141740799
2015 129 424 14.7326675415039 682.704316091537
2015 130 425 14.6792999267578 694.831982263565
2015 131 426 14.6145454406739 694.491172992433
2015 132 427 13.7967430114746 734.322211440767
2015 133 428 13.6935935974121 683.416922021538
2015 134 429 14.2690292358399 597.14661523042
2015 135 430 13.8285957336426 533.927775191605
2015 136 431 14.719800567627 654.416718784053
2015 137 432 14.1325546264649 531.838618612636
2015 138 433 13.9631668090821 632.418705079924
2015 139 434 14.2559562683106 685.970811098039
2015 140 435 14.9963394165039 703.604651743375
2015 141 436 14.5947166442871 656.864397396199
2015 142 437 15.4205299377442 498.713235597551
2015 143 438 15.1526428222656 522.78269276274
2015 144 439 15.7626701354981 625.186343080476
2015 145 440 15.0695358276367 692.260393043652
2015 146 441 14.448331451416 671.280379403546
2015 147 442 15.0412689208985 679.960085593
2015 148 443 14.7584053039551 670.474823090747
2015 149 444 15.8432479858399 699.311267169699
2015 150 445 16.0107360839844 670.041056701004
2015 151 446 15.634423828125 623.889489812612
2015 152 447 15.725545501709 571.572275972128
2015 153 448 17.2324729919434 582.456194000184
2015 154 449 17.6710029602051 753.297135651737
2015 155 450 16.2507759094239 680.486807752222
2015 156 451 18.6672645568848 715.679213980674
2015 157 452 18.8288436889649 678.955355749935
2015 158 453 18.2167068481446 688.294544805646
2015 159 454 22.3137260437012 711.213208926946
2015 160 455 23.1846748352051 650.13219547677
2015 161 456 19.5875869750977 380.171801862627
2015 162 457 19.3745399475098 562.007334071934
2015 163 458 21.3132568359375 749.003786619127
2015 164 459 21.1828933715821 743.085991855979
2015 165 460 17.9665351867676 754.461223329902
2015 166 461 16.1657691955567 765.765636526584
2015 167 462 17.0052963256836 758.989178452432
2015 168 463 18.6598831176758 752.119789935648
2015 169 464 18.7820182800293 777.818058964193
2015 170 465 18.4537979125977 775.175663358688
2015 171 466 19.6240707397461 757.816267738342
2015 172 467 17.9983879089356 732.724355645716
2015 173 468 16.9270454406739 741.129631828308
2015 174 469 18.2297874450684 755.058765829682
2015 175 470 19.2735000610352 755.244656892955
2015 176 471 21.4853759765625 755.523509269893
2015 177 472 23.4029975891114 733.069584966183
2015 178 473 20.0723091125489 693.774137153268
2015 179 474 19.7109809875489 654.018374822438
2015 180 475 18.7723098754883 733.59186539793
2015 181 476 22.0945640563965 709.509135145187
2015 182 477 24.2646690368653 700.227470827102
2015 183 478 22.7083908081055 538.088364950478
2015 184 479 20.8325325012207 646.901090204239
2015 185 480 20.9643684387207 729.232127293885
2015 186 481 19.5512977600098 653.646559808791
2015 187 482 19.0226951599121 700.90024981606
2015 188 483 19.5820976257324 700.816153592229
2015 189 484 18.4457908630371 669.408135240614
2015 190 485 17.2004180908203 564.85777940166
2015 191 486 17.9985977172852 401.435063127339
2015 192 487 19.0752159118653 624.469311772048
2015 193 488 19.4464622497559 683.549700573921
2015 194 489 19.6293426513672 722.743355248451
2015 195 490 19.8457695007324 720.702895342827
2015 196 491 19.407861328125 731.440760746538
2015 197 492 20.7473197937012 704.264145516872
2015 198 493 20.6296058654785 715.794280907512
2015 199 494 20.6169486999512 702.737109710455
2015 200 495 21.9034477233887 709.456018255651
2015 201 496 25.9719940185547 653.110990373582
2015 202 497 21.8173919677735 658.971241624474
2015 203 498 19.1583305358887 683.996758156448
2015 204 499 17.8387046813965 667.912067585617
2015 205 500 18.4417739868164 711.63369744885
2015 206 501 19.0248046875 705.676095023304
2015 207 502 19.5517211914063 703.409893582076
2015 208 503 21.1866928100586 728.037045255423
2015 209 504 23.7961860656739 732.675666260928
2015 210 505 25.4161811828614 727.709503084183
2015 211 506 22.960034942627 701.263201362177
2015 212 507 21.9127326965332 642.032306757852
2015 213 508 20.0594459533692 613.46145424582
2015 214 509 19.9537712097168 651.960195447504
2015 215 510 19.8012557983399 662.529856976546
2015 216 511 18.7299171447754 609.216777823686
2015 217 512 18.7364517211914 625.938784086667
2015 218 513 20.7416091918946 653.310187112249
2015 219 514 20.426473236084 612.576219137538
2015 220 515 19.1937690734864 638.694988018522
2015 221 516 19.7139373779297 696.832622126877
2015 222 517 20.3885055541992 673.70591495958
2015 223 518 20.0655685424805 646.834708041871
2015 224 519 19.484220123291 678.871264723778
2015 225 520 20.4724632263184 624.48258285141
2015 226 521 20.2667976379395 668.128969578743
2015 227 522 22.3257499694824 672.466589217186
2015 228 523 25.2041870117188 640.664631338119
2015 229 524 25.7401748657227 671.8557862854
2015 230 525 21.7834259033203 635.264714482307
2015 231 526 19.5647941589356 659.657276509285
2015 232 527 18.3329292297364 650.326952385902
2015 233 528 18.4725738525391 612.669171201706
2015 234 529 18.6655746459961 619.250878603935
2015 235 530 19.0148902893067 610.779190574646
2015 236 531 18.9167991638184 623.030822721481
2015 237 532 19.5354782104492 634.552111229896
2015 238 533 20.5321517944336 597.85922600174
2015 239 534 23.5810256958008 607.459581198692
2015 240 535 24.8422218322754 583.190934744835
2015 241 536 22.6375137329102 468.885341527939
2015 242 537 20.4878593444824 564.277952465057
2015 243 538 20.993051147461 595.159280174255
2015 244 539 21.0727859497071 589.657558965683
2015 245 540 19.9484916687012 589.94082753849
2015 246 541 18.7818046569824 607.26926140213
2015 247 542 17.9194999694824 608.096953884125
2015 248 543 17.9507194519043 598.735619618416
2015 249 544 19.7476860046387 606.764665914535
2015 250 545 21.5250297546387 613.218016346931
2015 251 546 23.7717147827149 611.133285614967
2015 252 547 25.3581748962403 598.974628453255
2015 253 548 26.1175399780274 570.293118689537
2015 254 549 24.8415885925293 554.867931681156
2015 255 550 21.4351745605469 517.896215748787
2015 256 551 21.6256462097168 387.258083678245
2015 257 552 19.6825004577637 456.009639213085
2015 258 553 18.0369888305664 434.317014445305
2015 259 554 17.210538482666 471.726943818569
2015 260 555 17.9950157165528 402.138835185051
2015 261 556 19.0669914245606 551.796175628185
2015 262 557 20.4937606811524 551.433227027416
2015 263 558 23.3662963867188 548.467709667682
2015 264 559 25.2754837036133 538.840788245201
2015 265 560 21.9336181640625 508.787159570217
2015 266 561 17.235009765625 528.98374027729
2015 267 562 21.3381477355957 502.36480919981
2015 268 563 22.168172454834 516.227557500362
2015 269 564 21.9424758911133 492.923815066814
2015 270 565 21.1284690856934 434.387838392734
2015 271 566 19.9292999267578 392.635861088753
2015 272 567 17.8344856262207 426.619921224117
2015 273 568 16.3623596191406 268.557296597123
2015 274 569 18.2352691650391 282.93789917922
2015 275 570 18.8524681091309 452.150020359754
2015 276 571 18.972917175293 479.145171306372
2015 277 572 16.878736114502 469.713026953697
2015 278 573 18.644906616211 458.913198282242
2015 279 574 19.1802612304688 409.02594455719
2015 280 575 18.5156074523926 409.831511202335
2015 281 576 20.1083808898926 394.410750596165
2015 282 577 20.8162857055664 439.296444133758
2015 283 578 19.6137367248535 436.817788679838
2015 284 579 19.5949684143067 419.316761041164
2015 285 580 19.9915214538574 433.25474394083
2015 286 581 23.0815368652344 425.858632713556
2015 287 582 23.1064277648926 410.827392603874
2015 288 583 21.3750625610352 359.607856705427
2015 289 584 19.8803649902344 380.220476378918
2015 290 585 18.7261177062989 300.770896714389
2015 291 586 18.071794128418 298.093067966461
2015 292 587 17.7918754577637 365.410560537934
2015 293 588 18.4734130859375 392.85274610281
2015 294 589 20.0421539306641 400.55869540453
2015 295 590 18.2333694458008 394.202721410632
2015 296 591 18.4468399047852 385.567291528702
2015 297 592 18.3010841369629 325.114779972434
2015 298 593 18.390943145752 307.215393334329
2015 299 594 16.9413772583008 362.493712622821
2015 300 595 17.8509422302246 221.507211767256
2015 301 596 18.0361457824707 137.945725711942
2015 302 597 17.1236358642578 318.785370187998
2015 303 598 17.9464965820313 359.829164782584
2015 304 599 18.042684173584 349.538338596284
2015 305 600 17.5817886352539 267.539286555141
2015 306 601 16.0149513244629 170.486860558323
2015 307 602 12.7125259399414 311.703511088967
2015 308 603 13.1618286132813 352.818122259736
2015 309 604 11.999356842041 293.631506640524
2015 310 605 13.4936309814453 334.24595414409
2015 311 606 12.758935546875 326.938367322668
2015 312 607 12.0565162658692 222.171140534878
2015 313 608 11.1762786865235 141.300757834971
2015 314 609 10.2637687683106 227.725968647152
2015 315 610 9.99229965209963 279.874994205989
2015 316 611 10.8043991088867 315.005433748834
2015 317 612 11.2437797546387 311.566312466085
2015 318 613 11.8371444702149 312.265635606207
2015 319 614 13.112264251709 207.467431760073
2015 320 615 10.888143157959 305.489192632873
2015 321 616 11.017236328125 292.241696201384
2015 322 617 11.0026832580567 267.384368714958
2015 323 618 11.9782577514649 268.822870659793
2015 324 619 13.8034950256348 280.52563862443
2015 325 620 14.0745483398438 264.436552270412
2015 326 621 13.1344047546387 261.572820614815
2015 327 622 12.0641151428223 271.035950664997
2015 328 623 11.9126525878906 140.424378267765
2015 329 624 7.88124237060549 205.95811441493
2015 330 625 7.67748031616213 264.113434989333
2015 331 626 7.18198547363284 278.865828392267
2015 332 627 6.81411132812502 279.817457868099
2015 333 628 6.12392959594729 277.546834119797
2015 334 629 6.41460189819338 223.720298398018
2015 335 630 8.06897125244143 208.759873541474
2015 336 631 10.2850700378418 157.341163655996
2015 337 632 9.72989044189455 154.056948361158
2015 338 633 10.3576332092285 160.674057656765
2015 339 634 9.19938430786135 190.457695579529
2015 340 635 11.1718498229981 134.537584133625
2015 341 636 13.3892112731934 146.57673423183
2015 342 637 11.6089111328125 138.994723814011
2015 343 638 13.733041381836 115.496237701774
2015 344 639 15.1739479064942 148.488836789608
2015 345 640 11.3732925415039 216.625153036117
2015 346 641 8.95026550292971 212.823085601806
2015 347 642 11.8310256958008 96.9683304896354
2015 348 643 8.32991180419924 232.802773986578
2015 349 644 7.75763473510744 254.189988972187
2015 350 645 7.50155410766604 252.809028848886
2015 351 646 8.36660537719729 195.583187342644
2015 352 647 9.39703903198244 171.668645505428
2015 353 648 11.9400764465332 178.170673950732
2015 354 649 7.59479293823244 140.747483830452
2015 355 650 11.1739631652832 28.3893952379673
2015 356 651 14.3183876037598 119.22306722936
2015 357 652 11.1971641540528 223.366201593637
2015 358 653 9.27215728759768 144.846111014605
2015 359 654 6.51120910644534 228.885623874903
2015 360 655 5.94843063354494 250.764133594751
2015 361 656 5.05195770263674 224.871097198725
2015 362 657 6.32453308105471 228.066788229465
2015 363 658 5.33312759399416 257.739769751072
2015 364 659 5.52465972900393 206.909738850593
2015 365 660 7.19464645385744 207.316938999057
2016 1 661 4.86753997802737 263.849484501362
2016 2 662 5.38719711303713 250.276521207809
2016 3 663 7.08606872558596 195.392799755812
2016 4 664 8.95578536987307 156.316018782616
2016 5 665 11.4982238769531 92.4340978999137
2016 6 666 10.2149711608887 116.059952478886
2016 7 667 9.21834716796877 200.661781595468
2016 8 668 7.80171356201174 249.190684386253
2016 9 669 9.39777145385744 132.311903570175
2016 10 670 9.1387763977051 185.393310444474
2016 11 671 9.8091979980469 195.183643084526
2016 12 672 10.0897613525391 221.08352755785
2016 13 673 12.795297241211 215.396230107546
2016 14 674 8.67627105712893 189.447401311397
2016 15 675 11.0325714111328 195.553012104273
2016 16 676 12.0438514709473 109.66953107357
2016 17 677 13.6070457458496 112.771290243149
2016 18 678 14.1838775634766 153.739388433158
2016 19 679 13.9026885986328 99.4831383180617
2016 20 680 11.4289222717285 197.60008042717
2016 21 681 11.7320991516114 250.863940276623
2016 22 682 13.7785202026367 120.189688340664
2016 23 683 13.5025764465332 149.689747720241
2016 24 684 9.84646377563479 212.138724431038
2016 25 685 10.9475723266602 247.210369822502
2016 26 686 10.6831298828125 295.098446656227
2016 27 687 10.8399482727051 290.621595379829
2016 28 688 10.3477073669434 275.744741939545
2016 29 689 13.3298355102539 130.091280816078
2016 30 690 12.8667007446289 202.214884650707
2016 31 691 10.3225875854492 276.839473650932
2016 32 692 9.80459365844729 339.065945559502
2016 33 693 8.10635147094729 227.967917758942
2016 34 694 7.72926864624026 264.717262957573
2016 35 695 9.68294677734377 259.652987824201
2016 36 696 10.1337295532227 347.138517745018
2016 37 697 11.1789299011231 349.786360323906
2016 38 698 12.8983093261719 349.977718395233
2016 39 699 12.8520446777344 358.157096796989
2016 40 700 13.4958740234375 361.797318364143
2016 41 701 12.4379020690918 363.194667856216
2016 42 702 13.9556594848633 346.720196842194
2016 43 703 13.1208816528321 320.597818655014
2016 44 704 13.2159362792969 362.914313508987
2016 45 705 14.1669212341309 362.994413887024
2016 46 706 17.3927513122559 383.184757385254
2016 47 707 16.0410362243653 383.171392873764
2016 48 708 16.8542381286621 301.359803956032
2016 49 709 13.0871711730957 250.819446170807
2016 50 710 12.0340171813965 276.069606707675
2016 51 711 10.4653831481934 264.33010093718
2016 52 712 9.85442504882815 401.839780913934
2016 53 713 11.6047950744629 422.559688261848
2016 54 714 14.5827308654785 412.684815662295
2016 55 715 13.4024864196778 432.977494164303
2016 56 716 15.0368705749512 433.969875971913
2016 57 717 14.2640701293946 415.670855218932
2016 58 718 14.159799194336 409.405047198102
2016 59 719 12.2615982055664 393.242089075103
2016 60 720 13.7841812133789 404.349656984478
2016 61 721 15.4941345214844 448.913480493754
2016 62 722 14.7893882751465 447.391535320789
2016 63 723 15.3387886047364 286.318310410529
2016 64 724 16.358228302002 204.017202756524
2016 65 725 16.4116264343262 135.017595111296
2016 66 726 13.592603302002 303.847455229163
2016 67 727 11.5677352905274 299.014579567343
2016 68 728 10.2080551147461 419.53359136939
2016 69 729 12.3045288085938 206.531531611413
2016 70 730 15.884839630127 179.648167292297
2016 71 731 14.0356422424317 106.318568178043
2016 72 732 12.1029029846192 257.645971454382
2016 73 733 13.6298690795899 136.664151069909
2016 74 734 13.7896209716797 313.014753203869
2016 75 735 11.0851379394531 519.00336958611
2016 76 736 13.342603302002 532.714283432722
2016 77 737 15.5827041625977 539.153651176929
2016 78 738 14.6524559020996 537.253448835611
2016 79 739 13.6843048095703 482.205078678608
2016 80 740 15.5500465393067 440.404794381142
2016 81 741 14.4213119506836 339.938177508831
2016 82 742 11.8897605895996 423.133755439281
2016 83 743 11.9056640625 536.488009242058
2016 84 744 13.0859123229981 551.876641922474
2016 85 745 14.185132598877 557.047702607393
2016 86 746 15.1223007202149 572.23609366703
2016 87 747 15.3193183898926 561.088450509548
2016 88 748 12.8991561889649 576.477081173897
2016 89 749 11.3763671875 578.555304039955
2016 90 750 12.1565032958985 599.319696551323
2016 91 751 13.5741706848145 598.905856358528
2016 92 752 13.4265647888184 601.896351786613
2016 93 753 13.8850952148438 586.663477457523
2016 94 754 14.0059066772461 594.086334088325
2016 95 755 14.8241477966309 604.504132080078
2016 96 756 16.4187408447266 622.647411035538
2016 97 757 19.6041732788086 627.974240404129
2016 98 758 20.2266403198242 595.879736513614
2016 99 759 15.4767623901367 592.159416080475
2016 100 760 15.1884590148926 593.481105583191
2016 101 761 13.5580497741699 591.189285405159
2016 102 762 13.9749198913574 630.93803503418
2016 103 763 14.498983001709 622.758652600288
2016 104 764 13.9548240661621 638.917153418541
2016 105 765 13.9629875183106 628.005379070759
2016 106 766 13.8788200378418 646.375621361732
2016 107 767 16.8318344116211 670.139416287422
2016 108 768 18.2323432922364 670.246226535797
2016 109 769 19.8143783569336 671.100648040771
2016 110 770 19.2314849853516 657.443145492554
2016 111 771 17.6098724365235 651.172862053871
2016 112 772 17.5610977172852 561.933979644775
2016 113 773 16.2035079956055 386.117403268337
2016 114 774 13.4024864196778 567.6212657547
2016 115 775 15.6097198486328 661.701927819252
2016 116 776 14.0293594360352 688.104703699112
2016 117 777 14.1782279968262 674.958943597793
2016 118 778 14.0555282592774 540.528759916305
2016 119 779 14.6210494995117 654.999996263504
2016 120 780 15.7252937316895 690.574515420914
2016 121 781 17.6806427001953 707.186929805755
2016 122 782 20.3518501281739 713.363735250473
2016 123 783 18.1871200561524 711.712741281509
2016 124 784 16.6699882507324 628.076578006744
2016 125 785 17.0845542907715 398.982794405937
2016 126 786 16.0148597717285 633.069661512375
2016 127 787 14.9072624206543 690.432120573044
2016 128 788 14.331689453125 594.153086083412
2016 129 789 15.6074119567871 553.999358894348
2016 130 790 15.4055763244629 702.807978767395
2016 131 791 16.3368774414063 710.609090170008
2016 132 792 17.4951454162598 721.712225109202
2016 133 793 16.9547477722168 728.026993449978
2016 134 794 16.3638854980469 730.616977598598
2016 135 795 15.6848846435547 556.050886112794
2016 136 796 17.2717338562012 604.882395530922
2016 137 797 17.8481422424317 732.428184532262
2016 138 798 21.1527076721192 742.734755815949
2016 139 799 22.819539642334 745.618450127028
2016 140 800 19.4929977416992 744.421347603038
2016 141 801 15.2537780761719 715.909242683828
2016 142 802 13.9347206115723 636.060175589085
2016 143 803 14.5119644165039 652.022859849974
2016 144 804 14.947469329834 668.893378694042
2016 145 805 16.1603752136231 632.593473140448
2016 146 806 16.0485664367676 618.330748450309
2016 147 807 16.8012748718262 667.981086758867
2016 148 808 18.0055938720703 710.039482178032
2016 149 809 21.8440643310547 719.260186773226
2016 150 810 20.8168693542481 742.765896943599
2016 151 811 19.2379699707031 743.691519337624
2016 152 812 21.1690383911133 743.16196168971
2016 153 813 21.5511489868164 757.340136005312
2016 154 814 19.2457138061524 761.291872322052
2016 155 815 22.6815582275391 761.305236361027
2016 156 816 23.8012977600098 632.994007130206
2016 157 817 20.5310722351074 632.535645992696
2016 158 818 19.3127151489258 721.832383364975
2016 159 819 18.0137535095215 687.517271210849
2016 160 820 17.4538894653321 685.608141628116
2016 161 821 17.3376861572266 715.263963107645
2016 162 822 17.8125473022461 743.740470055163
2016 163 823 18.4892478942871 752.222470143735
2016 164 824 21.07314453125 771.456019694209
2016 165 825 18.1573883056641 759.235914811015
2016 166 826 16.9817481994629 741.444188508749
2016 167 827 15.5615592956543 699.105464998484
2016 168 828 16.0879379272461 615.865363225221
2016 169 829 18.9486137390137 570.291380398333
2016 170 830 18.2660537719727 636.500728613317
2016 171 831 21.5212036132813 747.585409479976
2016 172 832 21.5251823425293 752.765393846691
2016 173 833 22.1662879943848 761.429839917183
2016 174 834 20.9703422546387 767.611083419502
2016 175 835 19.3485237121582 769.270985256731
2016 176 836 19.7297988891602 766.538607455313
2016 177 837 22.3013359069824 770.388001633286
2016 178 838 22.4562698364258 768.105059901535
2016 179 839 23.7374320983887 759.226998689472
2016 180 840 23.6132789611817 761.616733029008
2016 181 841 21.0115829467774 769.110791367888
2016 182 842 19.2193466186524 772.977973813474
2016 183 843 21.2272430419922 759.422812774002
2016 184 844 19.2704292297364 713.733100868106
2016 185 845 18.2985092163086 720.488421167493
2016 186 846 18.3508544921875 700.071131911337
2016 187 847 17.1925903320313 695.336173403621
2016 188 848 17.0054107666016 746.904523190558
2016 189 849 17.1465316772461 726.006625680983
2016 190 850 17.071363067627 723.056179433882
2016 191 851 19.9812484741211 681.651954432845
2016 192 852 18.2225051879883 723.532330288052
2016 193 853 21.011792755127 754.861396349072
2016 194 854 19.9194923400879 749.997400070727
2016 195 855 20.301602935791 756.312150209308
2016 196 856 22.7336936950684 757.188825571418
2016 197 857 20.6625610351563 724.80509745568
2016 198 858 19.1820655822754 735.30299047029
2016 199 859 17.8743148803711 745.760831216812
2016 200 860 17.3261734008789 708.343989063084
2016 201 861 17.7579055786133 725.28568151629
2016 202 862 18.3824668884278 738.204491449535
2016 203 863 19.0026374816895 733.705397498876
2016 204 864 18.8703094482422 746.076804751694
2016 205 865 21.8827987670899 742.699133513629
2016 206 866 22.5835739135742 739.12121363005
2016 207 867 20.936841583252 738.734053255588
2016 208 868 21.8281532287598 738.716254624128
2016 209 869 24.07998046875 719.838706274301
2016 210 870 21.7636581420899 706.822009160206
2016 211 871 21.3524490356446 692.492535073817
2016 212 872 21.3652206420899 695.763384045854
2016 213 873 19.7237258911133 712.780781361669
2016 214 874 18.6726661682129 697.191884017452
2016 215 875 18.7162147521973 707.146881176039
2016 216 876 19.9000183105469 707.382741496205
2016 217 877 17.7470184326172 700.769825628884
2016 218 878 17.075341796875 651.444327835105
2016 219 879 17.2585464477539 696.608924541149
2016 220 880 17.3588348388672 705.055312884193
2016 221 881 19.2643524169922 699.995484065637
2016 222 882 19.5306831359864 686.72067914336
2016 223 883 20.3541542053223 677.526665320498
2016 224 884 18.5531021118164 676.632194634539
2016 225 885 19.2930389404297 668.372704075813
2016 226 886 20.1927276611328 678.065137107849
2016 227 887 21.0549255371094 666.098694846153
2016 228 888 19.5147720336914 662.049060370445
2016 229 889 18.4356475830078 645.565674305916
2016 230 890 19.3181663513184 637.368493020057
2016 231 891 19.5227180480957 658.030541880607
2016 232 892 18.9666191101074 638.262975802421
2016 233 893 18.5535255432129 632.121778141975
2016 234 894 17.9880043029785 616.893356801986
2016 235 895 17.4746185302735 597.998006040573
2016 236 896 17.7396865844727 606.359858712196
2016 237 897 17.6885963439942 598.928092575073
2016 238 898 17.1245399475098 622.353684112549
2016 239 899 17.7767463684082 589.11552712059
2016 240 900 17.7327743530274 560.434280453682
2016 241 901 17.6375099182129 616.09677425766
2016 242 902 17.5711380004883 603.907808545113
2016 243 903 18.85732421875 597.090191003799
2016 244 904 19.5359130859375 612.35863934803
2016 245 905 18.8774276733399 614.352317415237
2016 246 906 18.3820510864258 603.373800648689
2016 247 907 18.4974189758301 596.707472845077
2016 248 908 17.446981048584 603.302590120315
2016 249 909 18.0956245422364 580.379861260414
2016 250 910 19.4540496826172 597.415046009064
2016 251 911 21.4797492980957 592.493189160347
2016 252 912 21.8660522460938 556.82076170063
2016 253 913 17.7997718811035 547.697950397491
2016 254 914 17.4601722717285 536.683830382824
2016 255 915 17.5085388183594 508.193950859547
2016 256 916 15.8942543029785 511.727378810882
2016 257 917 15.4265151977539 535.767089207172
2016 258 918 17.3682571411133 539.469619860649
2016 259 919 18.1517349243164 554.75143422842
2016 260 920 17.8774505615235 552.802281012058
2016 261 921 19.1450134277344 542.682623115063
2016 262 922 20.9617553710938 538.392682969093
2016 263 923 23.9541412353516 529.100769467831
2016 264 924 22.3561912536621 504.656085543632
2016 265 925 18.8826690673828 497.219870449543
2016 266 926 16.5749374389649 531.859855627537
2016 267 927 17.0491653442383 517.30340823555
2016 268 928 20.0472045898438 511.914291453361
2016 269 929 21.9983688354492 511.246756886005
2016 270 930 24.0098358154297 508.901530071735
2016 271 931 23.2334762573242 502.609020496845
2016 272 932 20.5838371276856 495.90708692503
2016 273 933 17.3383155822754 496.3654439044
2016 274 934 15.7734504699707 475.507594063759
2016 275 935 15.4677635192871 487.44290975523
2016 276 936 15.6218582153321 477.163041777849
2016 277 937 14.1981178283692 256.119573985338
2016 278 938 16.4367500305176 345.242751256227
2016 279 939 15.5766349792481 467.537364521026
2016 280 940 17.0981575012207 468.596509616852
2016 281 941 17.2417922973633 436.626616590738
2016 282 942 19.3175331115723 445.620374624729
2016 283 943 20.0970397949219 453.719659704685
2016 284 944 18.1986366271973 412.039525470257
2016 285 945 16.2480979919434 392.912782577038
2016 286 946 15.0730834960938 386.887276446342
2016 287 947 15.596524810791 342.98207465899
2016 288 948 18.2761093139649 140.099672372743
2016 289 949 16.8444000244141 186.056385470509
2016 290 950 17.5156532287598 124.083576057434
2016 291 951 16.3730979919434 275.940544431686
2016 292 952 14.8218437194824 385.160608123541
2016 293 953 15.8429656982422 398.577816467881
2016 294 954 17.4790168762207 397.091473219991
2016 295 955 17.5242401123047 397.220528379202
2016 296 956 17.1601348876953 353.261928334892
2016 297 957 14.6884704589844 354.298820014596
2016 298 958 17.089372253418 257.917428076684
2016 299 959 17.690690612793 174.882055312455
2016 300 960 17.3165412902832 275.437677658975
2016 301 961 16.872876739502 249.827062142372
2016 302 962 16.7462020874024 114.275438217953
2016 303 963 18.0581451416016 189.834564930469
2016 304 964 17.1615997314453 150.072462634355
2016 305 965 14.9866195678711 270.529161947966
2016 306 966 15.4235778808594 283.087498444319
2016 307 967 13.8930526733399 306.02801846993
2016 308 968 15.0023246765137 338.296073232025
2016 309 969 15.8867164611817 331.117972961008
2016 310 970 14.9198356628418 307.265156275064
2016 311 971 16.2522941589356 212.392381689481
2016 312 972 16.7937332153321 217.692514000788
2016 313 973 17.3154960632324 243.561244891733
2016 314 974 16.6431900024414 288.547823975071
2016 315 975 17.4331642150879 272.700837536268
2016 316 976 17.3031440734864 244.491325039394
2016 317 977 17.2103935241699 267.258306274079
2016 318 978 15.6564079284668 261.143791712012
2016 319 979 14.8796211242676 240.423885439072
2016 320 980 15.56826171875 200.27907305835
2016 321 981 13.5402580261231 242.724617718324
2016 322 982 9.86091384887698 294.51548233073
2016 323 983 10.754109954834 294.475432842118
2016 324 984 13.7144599914551 137.006814723968
2016 325 985 14.057202911377 101.685962598205
2016 326 986 12.7021270751953 187.062117377877
2016 327 987 10.7116027832031 212.481390888691
2016 328 988 12.4450164794922 241.763386610746
2016 329 989 9.61615524291994 261.46420800209
2016 330 990 9.12957153320315 208.186992209434
2016 331 991 11.1217704772949 81.9984922358989
2016 332 992 11.3920722961426 213.304664024711
2016 333 993 11.6192413330078 182.086847970724
2016 334 994 9.95722732543948 226.86427225709
2016 335 995 8.3638854980469 144.247213213444
2016 336 996 9.31507263183596 209.330675425887
2016 337 997 11.2913642883301 264.410202520132
2016 338 998 10.8669639587403 257.574765714168
2016 339 999 8.70830307006838 243.045024412393
2016 340 1000 10.0730072021485 178.726984908938
2016 341 1001 8.3213821411133 200.372529208302
2016 342 1002 6.59571228027346 158.389791431665
2016 343 1003 9.23823699951174 60.3084520666598
2016 344 1004 13.445199584961 91.0411991288661
2016 345 1005 15.5891967773438 65.7687904655933
2016 346 1006 10.5198226928711 136.348189977944
2016 347 1007 9.63143692016604 188.179107230544
2016 348 1008 10.0686126708985 119.108308162331
2016 349 1009 12.7576118469239 89.3634918874501
2016 350 1010 15.0806213378906 61.207384310007
2016 351 1011 11.9743400573731 166.346660951808
2016 352 1012 6.2988220214844 253.053412771702
2016 353 1013 6.53437194824221 255.598904139519
2016 354 1014 6.15812072753909 239.320249226093
2016 355 1015 6.86747894287112 237.52238625145
2016 356 1016 9.39191207885744 218.497992805242
2016 357 1017 10.1033721923828 241.549771406174
2016 358 1018 9.22566757202151 125.667827607632
2016 359 1019 7.32119903564455 190.141621178269
2016 360 1020 5.43871078491213 226.161148554087
2016 361 1021 4.82210311889651 251.602668991804
2016 362 1022 6.95939788818362 240.1435219841
2016 363 1023 7.02870330810549 239.716320303917
2016 364 1024 6.64616928100588 245.029795997381
2016 365 1025 8.30484161376955 216.753531930685
2016 366 1026 8.91265640258791 171.192880035162
2017 1 1027 8.25605926513674 228.589312857389
2017 2 1028 7.67080841064455 192.78912694788
2017 3 1029 8.4367500305176 93.8801150095463
2017 4 1030 12.0314765930176 32.2125829797089
2017 5 1031 7.82548294067385 178.639501817703
2017 6 1032 5.15530929565432 265.759386899471
2017 7 1033 8.37191162109377 107.449651996374
2017 8 1034 15.224324798584 39.7358440248966
2017 9 1035 13.9978614807129 117.337871061251
2017 10 1036 12.9366088867188 57.9415967541933
2017 11 1037 12.2107215881348 121.407395003676
2017 12 1038 8.51481018066409 151.42011628294
2017 13 1039 7.40710220336916 204.845973456621
2017 14 1040 8.70356521606448 264.086066998959
2017 15 1041 7.22784576416018 235.764520544052
2017 16 1042 6.99593887329104 268.387621709824
2017 17 1043 6.96784744262698 225.260513489723
2017 18 1044 8.21930084228518 105.151617542267
2017 19 1045 10.7228179931641 125.77141964525
2017 20 1046 11.0425010681153 187.800388571739
2017 21 1047 10.0886322021485 191.874368070602
2017 22 1048 11.3776641845703 200.798760782003
2017 23 1049 8.53918609619143 215.109016090631
2017 24 1050 8.18501815795901 235.648508459568
2017 25 1051 7.53079757690432 263.019606098175
2017 26 1052 8.8394485473633 276.031366256714
2017 27 1053 8.27485046386721 314.223281341553
2017 28 1054 8.37005386352541 313.928787304878
2017 29 1055 8.6248832702637 294.594101161003
2017 30 1056 8.5693298339844 302.15304789257
2017 31 1057 8.88591156005862 287.383194211006
2017 32 1058 9.63038406372073 241.770634625435
2017 33 1059 11.7318283081055 173.927425865173
2017 34 1060 14.7082572937012 156.99785886097
2017 35 1061 13.3973327636719 212.418317712784
2017 36 1062 11.9030242919922 182.927668328285
2017 37 1063 13.7952781677246 152.754306916237
2017 38 1064 14.7561698913574 102.902674079895
2017 39 1065 15.5090957641602 85.6696778278351
2017 40 1066 16.2694755554199 42.4667082636356
2017 41 1067 13.8696189880371 140.523438752651
2017 42 1068 11.6469512939453 328.546938962936
2017 43 1069 11.5612464904785 378.318264774322
2017 44 1070 10.4890457153321 302.496641237259
2017 45 1071 11.7413269042969 326.61034584713
2017 46 1072 12.7538429260254 278.940716983795
2017 47 1073 15.0072914123535 202.931695940018
2017 48 1074 12.8137336730957 151.482588166714
2017 49 1075 12.7375274658203 155.105888879299
2017 50 1076 11.1362510681153 221.543504951477
2017 51 1077 13.1086288452149 61.01605043149
2017 52 1078 13.6067329406739 207.206474293631
2017 53 1079 10.0743766784668 320.149074612331
2017 54 1080 7.72057876586916 403.824160515547
2017 55 1081 7.57933197021487 415.586514405161
2017 56 1082 8.19989547729494 368.193546721145
2017 57 1083 8.66494903564455 425.077598491341
2017 58 1084 9.1965042114258 414.265699135467
2017 59 1085 8.16725692749026 448.968187210023
2017 60 1086 9.27849349975588 456.785953506261
2017 61 1087 10.8492027282715 463.983474524051
2017 62 1088 11.1664024353028 428.210051973671
2017 63 1089 11.873494720459 349.099793417782
2017 64 1090 10.7401672363281 328.30151241821
2017 65 1091 8.52720794677737 345.842402279109
2017 66 1092 9.04141769409182 329.385833787024
2017 67 1093 11.2322822570801 410.883353849649
2017 68 1094 13.5251594543457 459.985349407554
2017 69 1095 14.8183303833008 353.263020413458
2017 70 1096 14.7161041259766 432.234951852679
2017 71 1097 14.4315315246582 496.606577674389
2017 72 1098 14.339429473877 515.093444808364
2017 73 1099 17.5529304504395 506.775915758848
2017 74 1100 16.2089706420899 488.132875719666
2017 75 1101 14.4119125366211 424.573370022535
2017 76 1102 13.5947547912598 486.111485922575
2017 77 1103 15.6931015014649 387.666546514988
2017 78 1104 15.0316520690918 301.907632499218
2017 79 1105 15.0801750183106 320.492672670364
2017 80 1106 15.7560897827149 237.933141923964
2017 81 1107 13.9728790283203 436.746233403921
2017 82 1108 11.3394599914551 482.894246910334
2017 83 1109 12.3895622253418 251.203713677406
2017 84 1110 12.8449226379395 303.870990675211
2017 85 1111 12.6840454101563 354.802492521286
2017 86 1112 13.7089553833008 427.978019393921
2017 87 1113 14.0928588867188 504.759009317875
2017 88 1114 16.0825859069824 560.250863672256
2017 89 1115 15.8021369934082 582.83403762269
2017 90 1116 14.8918357849121 601.472617742538
2017 91 1117 17.3216377258301 583.864789683819
2017 92 1118 16.8359313964844 585.569349558353
2017 93 1119 16.7628189086914 601.762647197723
2017 94 1120 14.7949882507324 597.943018303394
2017 95 1121 16.095590209961 484.701439489365
2017 96 1122 15.4560295104981 317.324521373749
2017 97 1123 13.429345703125 272.733811399221
2017 98 1124 11.7634254455567 416.492329597473
2017 99 1125 9.66755065917971 581.821108606338
2017 100 1126 11.4074035644531 591.852135135651
2017 101 1127 14.9089828491211 391.075670044184
2017 102 1128 15.6278472900391 296.111243368149
2017 103 1129 14.0624977111817 462.979484971523
2017 104 1130 11.2490058898926 583.735378814697
2017 105 1131 12.0959030151367 644.907619791985
2017 106 1132 13.5135971069336 373.67311016655
2017 107 1133 14.1358123779297 189.357691851616
2017 108 1134 14.4967895507813 325.914241587162
2017 109 1135 13.6143737792969 618.067515524864
2017 110 1136 15.7934661865235 588.594724466324
2017 111 1137 15.4134918212891 666.553730354309
2017 112 1138 16.1631217956543 571.647308208466
2017 113 1139 15.0624214172364 537.511523368835
2017 114 1140 14.112680053711 453.327758862495
2017 115 1141 14.4115005493164 495.031408508301
2017 116 1142 15.6358963012696 363.33420946455
2017 117 1143 15.0318618774414 475.897529744148
2017 118 1144 15.881436920166 696.486115249634
2017 119 1145 18.4351364135742 703.375737649918
2017 120 1146 17.7259841918946 695.415206399917
2017 121 1147 20.3216110229492 690.444317781448
2017 122 1148 23.2769752502442 686.575593107224
2017 123 1149 23.9376007080078 686.660384874344
2017 124 1150 21.3056312561035 676.156372779846
2017 125 1151 16.218465423584 662.310174377441
2017 126 1152 14.241960144043 590.134185548782
2017 127 1153 16.4852729797364 531.09935212326
2017 128 1154 17.5386825561524 683.291407045364
2017 129 1155 18.8958641052246 703.701495853424
2017 130 1156 17.5900970458985 697.463345506668
2017 131 1157 14.2582717895508 604.038383826605
2017 132 1158 14.6374259948731 699.52041367205
2017 133 1159 14.0007530212403 733.736529359309
2017 134 1160 13.8173728942871 706.374337460678
2017 135 1161 14.3788696289063 693.706188421298
2017 136 1162 14.2981277465821 610.838779808711
2017 137 1163 14.9455352783203 575.841777934507
2017 138 1164 16.8679405212403 735.994398175001
2017 139 1165 20.0407615661621 738.569087642096
2017 140 1166 21.2370658874512 729.988288283259
2017 141 1167 22.0457664489746 734.191657143898
2017 142 1168 20.8502708435059 718.257164129824
2017 143 1169 19.6512809753418 715.325522279859
2017 144 1170 16.8313804626465 674.335783952013
2017 145 1171 15.1693969726563 631.409484387427
2017 146 1172 14.9944778442383 617.384797370359
2017 147 1173 15.4322830200196 668.637552091837
2017 148 1174 15.8927970886231 690.881617613003
2017 149 1175 16.098275756836 699.127756247371
2017 150 1176 15.497331237793 669.32920744209
2017 151 1177 16.3134513854981 561.263785837129
2017 152 1178 17.9886680603028 697.079595278889
2017 153 1179 18.3267189025879 743.392710412472
2017 154 1180 18.5030876159668 661.774705651104
2017 155 1181 18.6032386779785 751.91552364561
2017 156 1182 18.2319389343262 762.72740021047
2017 157 1183 18.8880210876465 759.92960316059
2017 158 1184 16.9020095825196 691.608954113483
2017 159 1185 16.1550651550293 233.752073738903
2017 160 1186 18.3690505981446 355.43610996598
2017 161 1187 15.8675971984864 738.493230873525
2017 162 1188 16.1123176574707 735.387546798527
2017 163 1189 14.8507514953614 582.477041902244
2017 164 1190 16.8559585571289 717.284412724257
2017 165 1191 19.350602722168 749.590704065144
2017 166 1192 20.4961067199707 746.569800731897
2017 167 1193 23.3065048217774 718.966664874852
2017 168 1194 24.887338256836 732.130136003196
2017 169 1195 27.9928375244141 726.463141486704
2017 170 1196 27.2045913696289 741.808646451056
2017 171 1197 24.183553314209 745.253463888407
2017 172 1198 22.1667800903321 744.753693795383
2017 173 1199 26.4427696228028 739.291963427842
2017 174 1200 22.5192810058594 700.649358468354
2017 175 1201 19.8067794799805 680.373128478348
2017 176 1202 18.1563545227051 646.228418129861
2017 177 1203 17.8812805175781 714.339368404031
2017 178 1204 17.5894828796387 719.81447399342
2017 179 1205 17.3453842163086 744.713539967894
2017 180 1206 18.6492935180664 762.303501888394
2017 181 1207 17.8597999572754 753.017663995564
2017 182 1208 17.9857765197754 755.262152074754
2017 183 1209 19.2791458129883 743.803232693672
2017 184 1210 18.7114540100098 734.753910768211
2017 185 1211 18.9904457092285 743.084830286085
2017 186 1212 18.3851638793946 740.760022266507
2017 187 1213 20.0483985900879 734.736055970371
2017 188 1214 23.5305648803711 746.975858904123
2017 189 1215 26.2050834655762 746.788437645614
2017 190 1216 21.1222511291504 752.504503308177
2017 191 1217 21.272794342041 759.443223504424
2017 192 1218 20.0818496704102 739.93899181658
2017 193 1219 19.2659355163574 742.263765941024
2017 194 1220 19.8284660339356 744.508282245159
2017 195 1221 20.130387878418 744.762614894092
2017 196 1222 21.157559967041 743.129453231216
2017 197 1223 25.274747467041 736.806513196409
2017 198 1224 25.0634895324707 742.004972490728
2017 199 1225 20.5780960083008 746.904477010012
2017 200 1226 18.7911659240723 759.215648481429
2017 201 1227 19.7167411804199 744.343164489448
2017 202 1228 19.6636711120606 742.290568140954
2017 203 1229 20.719556427002 737.810521618068
2017 204 1230 23.3606086730957 716.097478276104
2017 205 1231 20.4909416198731 697.383016525477
2017 206 1232 19.7225280761719 667.049028526098
2017 207 1233 19.3830238342285 669.601400228292
2017 208 1234 21.1172996520996 723.964326145261
2017 209 1235 22.0244918823242 728.654079032838
2017 210 1236 19.7753921508789 720.93895508042
2017 211 1237 18.8221412658692 702.090642245248
2017 212 1238 19.5723930358887 706.664395916522
2017 213 1239 20.6152626037598 700.89033177197
2017 214 1240 22.7421127319336 682.077688376509
2017 215 1241 23.7405830383301 610.432705086619
2017 216 1242 23.7823043823242 518.216983397692
2017 217 1243 21.4078498840332 531.014573948845
2017 218 1244 19.6861778259278 637.022914809659
2017 219 1245 19.1587501525879 635.358511074003
2017 220 1246 18.8776908874512 632.815064234894
2017 221 1247 18.5483108520508 612.226506817309
2017 222 1248 18.2387519836426 652.24792161595
2017 223 1249 19.2217346191406 673.001592680327
2017 224 1250 19.9736457824707 679.654747869492
2017 225 1251 19.1924148559571 675.022956765175
2017 226 1252 18.641446685791 603.029923038483
2017 227 1253 17.6646476745606 615.180485689163
2017 228 1254 17.8306823730469 629.08020463562
2017 229 1255 19.6159606933594 608.745995568275
2017 230 1256 19.3766227722168 612.422829929352
2017 231 1257 19.2450729370117 612.645960216522
2017 232 1258 18.9609161376953 616.978730204582
2017 233 1259 18.8056159973145 601.102260093689
2017 234 1260 19.0263725280762 606.372108338356
2017 235 1261 19.9804550170899 611.423302973747
2017 236 1262 19.2803894042969 647.839283346176
2017 237 1263 18.9780479431153 634.251902649879
2017 238 1264 21.0202346801758 637.420047898293
2017 239 1265 24.014005279541 620.793912158012
2017 240 1266 24.1455551147461 620.27184542942
2017 241 1267 21.7903038024903 610.785219624519
2017 242 1268 19.4742980957031 634.167127011299
2017 243 1269 20.7883201599121 628.803557836533
2017 244 1270 28.2073951721192 611.436700750351
2017 245 1271 29.0200134277344 602.333812226295
2017 246 1272 29.2864128112793 594.935489624977
2017 247 1273 25.2111450195313 494.094375109196
2017 248 1274 24.4239326477051 470.243921033859
2017 249 1275 22.4899612426758 512.228710789204
2017 250 1276 20.7024131774903 425.782619156361
2017 251 1277 19.6203056335449 468.851715538025
2017 252 1278 20.8438735961914 547.823644646168
2017 253 1279 22.9791847229004 556.707881072998
2017 254 1280 25.6363540649414 541.549793776035
2017 255 1281 24.070386505127 497.449924920559
2017 256 1282 20.9485717773438 478.98091245842
2017 257 1283 18.4721008300781 513.464741111755
2017 258 1284 17.8158203125 546.908901393414
2017 259 1285 18.8671661376953 522.697014296055
2017 260 1286 18.3356071472168 534.383526592731
2017 261 1287 19.7970748901367 474.362535259247
2017 262 1288 17.9240280151367 498.931384244919
2017 263 1289 18.562142944336 454.519147906303
2017 264 1290 16.5338035583496 466.437686388016
2017 265 1291 16.1321350097656 520.92106093502
2017 266 1292 17.1196762084961 513.397821279049
2017 267 1293 18.1482940673828 523.821510220051
2017 268 1294 18.9648376464844 505.504193229198
2017 269 1295 21.1228691101074 509.359526175022
2017 270 1296 23.1037078857422 506.825003222465
2017 271 1297 21.6913925170899 502.568065093517
2017 272 1298 19.2110000610352 458.124611209631
2017 273 1299 18.3610054016114 448.3434777596
2017 274 1300 19.3898368835449 483.202140991688
2017 275 1301 19.693204498291 495.343772967339
2017 276 1302 16.0059677124024 485.553714638472
2017 277 1303 16.7952438354492 481.256627785206
2017 278 1304 17.2473007202149 477.499454394102
2017 279 1305 18.6158386230469 475.25497878933
2017 280 1306 18.5008140563965 468.851737714767
2017 281 1307 18.4467063903809 458.459273627281
2017 282 1308 21.2517295837403 462.765289895534
2017 283 1309 17.9265075683594 452.180965483904
2017 284 1310 16.332048034668 429.02217452383
2017 285 1311 15.6600624084473 442.538162237644
2017 286 1312 14.9630905151367 446.692464637995
2017 287 1313 17.1954627990723 439.253992052317
2017 288 1314 17.2625747680664 429.691504147291
2017 289 1315 19.6395050048828 405.104818886399
2017 290 1316 18.5402542114258 367.104771181941
2017 291 1317 14.9009262084961 406.247133949041
2017 292 1318 14.9794021606446 359.510110318542
2017 293 1319 14.8833824157715 332.781571069002
2017 294 1320 12.6066070556641 347.707596521735
2017 295 1321 14.9471870422364 379.393634299397
2017 296 1322 19.1657730102539 379.527509750009
2017 297 1323 21.8881889343262 378.67968481791
2017 298 1324 21.6670204162598 376.274573742509
2017 299 1325 20.2675071716309 373.713268467188
2017 300 1326 19.6037803649903 372.017648213983
2017 301 1327 17.5880332946778 370.652211054444
2017 302 1328 15.7932563781739 353.16932310915
2017 303 1329 14.7187858581543 322.821949555576
2017 304 1330 13.5241256713867 347.997643806517
2017 305 1331 13.2158103942871 337.538257397741
2017 306 1332 13.7033782958985 316.985391098499
2017 307 1333 15.7825256347656 177.135745779023
2017 308 1334 14.5147567749024 112.282206111178
2017 309 1335 10.7979942321778 263.153476130605
2017 310 1336 11.492276763916 312.804315825701
2017 311 1337 11.4683204650879 331.514296866298
2017 312 1338 12.4226013183594 183.356040430158
2017 313 1339 16.1912094116211 198.241923135899
2017 314 1340 14.9286094665528 184.605454204209
2017 315 1341 12.8475967407227 211.918549478322
2017 316 1342 12.2388053894043 258.294146213755
2017 317 1343 14.1364265441895 198.335627106618
2017 318 1344 14.6506362915039 257.272302111458
2017 319 1345 12.5097518920899 174.748468378035
2017 320 1346 14.3464485168457 115.570842161171
2017 321 1347 12.3585792541504 207.63930897077
2017 322 1348 10.6336074829102 294.794897600016
2017 323 1349 10.3541961669922 280.154442928902
2017 324 1350 13.4314018249512 147.917296016455
2017 325 1351 13.7550064086914 185.627303429365
2017 326 1352 14.0592018127442 218.620769804239
2017 327 1353 15.0149169921875 228.807958402395
2017 328 1354 15.8083396911621 185.805784877539
2017 329 1355 15.5817924499512 228.415282634258
2017 330 1356 15.8145309448242 100.037942832828
2017 331 1357 12.8893142700196 183.824574801803
2017 332 1358 10.1575981140137 244.497039574862
2017 333 1359 10.8973213195801 263.296263481617
2017 334 1360 11.6461196899414 254.871637272119
2017 335 1361 10.6877151489258 243.662597298861
2017 336 1362 10.3436714172364 189.826225435734
2017 337 1363 11.6349731445313 237.897444613695
2017 338 1364 10.3110443115235 265.647844184637
2017 339 1365 11.3101287841797 266.794628238916
2017 340 1366 9.9159866333008 260.904529014111
2017 341 1367 9.57854995727541 260.75727292347
2017 342 1368 9.60787734985354 254.719920632124
2017 343 1369 9.75140151977541 246.906622539997
2017 344 1370 9.00775680541994 251.020766387701
2017 345 1371 9.05215606689455 239.508302710772
2017 346 1372 10.113614654541 254.85825486803
2017 347 1373 9.29789886474612 253.689160758734
2017 348 1374 9.7611022949219 253.216165365219
2017 349 1375 9.65206680297854 215.44814812994
2017 350 1376 11.7894416809082 222.752758117437
2017 351 1377 12.5898796081543 247.946314600468
2017 352 1378 9.03294906616213 244.010655225039
2017 353 1379 8.78843841552737 225.08203204155
2017 354 1380 11.3501983642578 233.863628707647
2017 355 1381 7.67391357421877 252.569153861046
2017 356 1382 7.01080474853518 230.070760589361
2017 357 1383 8.2432571411133 206.041845100522
2017 358 1384 8.9961868286133 198.514118056297
2017 359 1385 8.67878875732424 143.111509466171
2017 360 1386 9.03563079833987 219.486439579844
2017 361 1387 8.25357971191409 229.120311269045
2017 362 1388 8.94146881103518 221.686299232721
2017 363 1389 8.38863906860354 231.114916223288
2017 364 1390 8.70398101806643 221.110670630693
2017 365 1391 8.94621429443362 209.781159535646
2018 1 1392 9.23291168212893 195.116568770647
2018 2 1393 10.5683723449707 189.475716223478
2018 3 1394 10.9210983276367 132.444382390022
2018 4 1395 11.7408996582031 110.988675039053
2018 5 1396 14.8646255493164 132.302027359486
2018 6 1397 12.1579338073731 126.527712277532
2018 7 1398 9.38570556640627 190.196394582271
2018 8 1399 10.4168144226074 53.5302693097591
2018 9 1400 13.4431510925293 75.82676627326
2018 10 1401 10.9973922729492 85.2800873990058
2018 11 1402 11.403466796875 99.649138544321
2018 12 1403 11.3817611694336 170.084174455881
2018 13 1404 10.0950942993164 227.253418899059
2018 14 1405 9.17129669189455 242.436565915108
2018 15 1406 9.41609725952151 207.505985774994
2018 16 1407 11.4237380981446 188.928537610054
2018 17 1408 12.4922729492188 148.94876982975
2018 18 1409 11.5444808959961 129.125709477425
2018 19 1410 10.5720878601074 212.079171056986
2018 20 1411 8.19518814086916 280.610196779728
2018 21 1412 7.17006835937502 264.154742826462
2018 22 1413 11.2994781494141 169.256727430105
2018 23 1414 10.230729675293 198.626530956268
2018 24 1415 8.76439437866213 228.24100821495
2018 25 1416 9.73037109375002 204.872402211547
2018 26 1417 7.8935256958008 255.359813653946
2018 27 1418 9.01064071655276 238.045773504257
2018 28 1419 10.8388114929199 281.771284832954
2018 29 1420 10.5017906188965 247.539134990692
2018 30 1421 10.3642974853516 249.990328329086
2018 31 1422 10.9614158630371 318.076487336159
2018 32 1423 12.8623634338379 294.934763143539
2018 33 1424 14.2739158630371 300.486631007194
2018 34 1425 16.2238632202149 327.792281550407
2018 35 1426 16.7713562011719 297.612821534157
2018 36 1427 14.2259422302246 314.290714767456
2018 37 1428 15.0046020507813 338.660268424034
2018 38 1429 16.1390968322754 350.61370604229
2018 39 1430 15.4323822021485 350.991844703674
2018 40 1431 14.5567604064942 351.757003811836
2018 41 1432 13.9943710327149 340.786708568573
2018 42 1433 12.3746162414551 351.414468902588
2018 43 1434 9.03979644775393 323.063393610954
2018 44 1435 9.86621246337893 376.015341104507
2018 45 1436 11.0592170715332 349.973111680984
2018 46 1437 10.0655303955078 379.200562444687
2018 47 1438 10.4219833374024 396.603555524826
2018 48 1439 10.6810546875 396.083077457428
2018 49 1440 12.6636672973633 353.643223464966
2018 50 1441 7.40722427368166 404.504325663131
2018 51 1442 5.55713424682619 399.521866333172
2018 52 1443 7.22320709228518 400.27814197851
2018 53 1444 8.30373153686526 422.80594422147
2018 54 1445 6.5640579223633 424.478626040555
2018 55 1446 6.03722915649416 429.545611532554
2018 56 1447 8.4565254211426 385.255131401256
2018 57 1448 10.8642364501953 288.871288594656
2018 58 1449 8.57024917602541 401.688342444003
2018 59 1450 8.04610595703127 398.387476290137
2018 60 1451 12.0923973083496 173.941134974576
2018 61 1452 9.55772552490237 339.714589479834
2018 62 1453 7.56870040893557 346.774544918954
2018 63 1454 7.41404876708987 330.123349333584
2018 64 1455 9.22380981445315 469.160594594359
2018 65 1456 11.1239295959473 439.599499275088
2018 66 1457 12.9764915466309 328.504057175606
2018 67 1458 14.7151351928711 382.043226320863
2018 68 1459 13.4150329589844 320.532139081836
2018 69 1460 12.9363914489746 269.275101492703
2018 70 1461 11.765096282959 374.097993369102
2018 71 1462 14.3448272705078 432.032397550463
2018 72 1463 15.7400451660156 189.987311481699
2018 73 1464 11.1557708740235 282.131632580638
2018 74 1465 9.89247283935549 308.783313792705
2018 75 1466 10.7656188964844 267.411131979585
2018 76 1467 9.32884368896487 394.214663460493
2018 77 1468 8.87769470214846 405.189400856495
2018 78 1469 10.7035919189453 471.958784777403
2018 79 1470 13.0385223388672 337.432454458594
2018 80 1471 14.070874786377 133.009361083955
2018 81 1472 15.4030242919922 184.164059306413
2018 82 1473 9.48370895385744 506.404456833124
2018 83 1474 10.9250312805176 428.931712062836
2018 84 1475 9.5997024536133 540.209556452274
2018 85 1476 10.6849800109864 550.841758687019
2018 86 1477 14.2687431335449 572.359732534885
2018 87 1478 15.5291458129883 565.050656705856
2018 88 1479 17.8626342773438 576.372388300419
2018 89 1480 17.6732421875 570.095387828827
2018 90 1481 17.0513130187989 523.327021278858
2018 91 1482 15.2035041809082 575.367007188797
2018 92 1483 15.9947715759278 578.641189523697
2018 93 1484 14.6363578796387 594.940944599628
2018 94 1485 14.8741355895996 560.802202944994
2018 95 1486 14.5176826477051 430.404198374748
2018 96 1487 14.0071922302246 104.057722057879
2018 97 1488 16.4190383911133 317.09778667289
2018 98 1489 13.9373069763184 579.935738725662
2018 99 1490 15.0176254272461 612.165995025635
2018 100 1491 18.3547225952149 552.198591270447
2018 101 1492 12.8365188598633 397.853635821819
2018 102 1493 11.3375144958496 499.967298194885
2018 103 1494 12.2396064758301 614.092261843681
2018 104 1495 15.0085311889649 635.28995867157
2018 105 1496 15.4470573425293 639.614008159637
2018 106 1497 10.7089630126953 430.088355191231
2018 107 1498 9.97413787841799 539.333172411919
2018 108 1499 11.5169807434082 497.774132264137
2018 109 1500 12.0454574584961 594.74076572895
2018 110 1501 14.6020446777344 656.194020307541
2018 111 1502 16.4723869323731 657.350650331497
2018 112 1503 18.4208885192871 663.55205079174
2018 113 1504 19.517537689209 668.783625002861
2018 114 1505 17.2392555236817 660.580366281509
2018 115 1506 15.4470611572266 616.120834007263
2018 116 1507 14.3874183654785 645.557370123863
2018 117 1508 14.005330657959 597.868120891571
2018 118 1509 14.0216613769531 489.00590489769
2018 119 1510 13.5211044311524 489.753276242256
2018 120 1511 13.727857208252 480.642492797851
2018 121 1512 14.6407066345215 623.545567092895
2018 122 1513 15.8947006225586 678.325917455673
2018 123 1514 14.9262367248535 662.288640760422
2018 124 1515 16.0144134521485 663.06715530777
2018 125 1516 17.0562721252442 554.956726854324
2018 126 1517 14.5511795043946 596.453468500137
2018 127 1518 16.5561233520508 685.27466708374
2018 128 1519 17.8307968139649 692.521470115661
2018 129 1520 18.0106788635254 667.368957490921
2018 130 1521 16.8610931396485 698.958616405487
2018 131 1522 17.8117691040039 690.710883404296
2018 132 1523 22.92080078125 733.866977973584
2018 133 1524 16.4366165161133 653.106674512509
2018 134 1525 14.7662063598633 668.329852568872
2018 135 1526 14.8484970092774 590.470090797234
2018 136 1527 14.8553176879883 526.659044432968
2018 137 1528 15.5115753173828 630.725653257344
2018 138 1529 15.6738754272461 657.212745620347
2018 139 1530 15.6215721130371 712.07760298071
2018 140 1531 14.5931411743164 667.066445916042
2018 141 1532 15.566365814209 672.600549035497
2018 142 1533 15.8523155212403 637.914636162311
2018 143 1534 14.8288551330567 556.411418551162
2018 144 1535 14.3105102539063 613.42496992895
2018 145 1536 14.1064353942871 368.314775585055
2018 146 1537 15.0285888671875 367.260458624393
2018 147 1538 17.3422218322754 598.935804096281
2018 148 1539 22.1284957885742 735.246040626913
2018 149 1540 23.6568656921387 734.18725338307
2018 150 1541 17.8727699279785 707.393224511713
2018 151 1542 14.5129257202149 691.360392583787
2018 152 1543 15.8299842834473 742.168091504514
2018 153 1544 21.7172523498535 747.831199105859
2018 154 1545 23.311784362793 747.110520495057
2018 155 1546 21.366586303711 753.298548033029
2018 156 1547 17.5562225341797 740.379751613736
2018 157 1548 15.9989028930664 706.734821092099
2018 158 1549 15.6455551147461 739.63238297826
2018 159 1550 17.6393333435059 751.074233575821
2018 160 1551 18.7738319396973 707.522223504543
2018 161 1552 17.1292549133301 746.977056700229
2018 162 1553 18.887540435791 752.982691335559
2018 163 1554 22.2697196960449 754.93120092237
2018 164 1555 22.2136779785156 754.926755682528
2018 165 1556 20.1113525390625 752.520036919296
2018 166 1557 17.8915802001953 751.212130766094
2018 167 1558 16.7227760314942 709.639784950793
2018 168 1559 16.0559707641602 643.755664398551
2018 169 1560 18.5716186523438 700.182008693874
2018 170 1561 18.6171051025391 721.624356321514
2018 171 1562 17.4828239440918 750.180081365526
2018 172 1563 17.5427833557129 777.245481680334
2018 173 1564 20.6981369018555 765.39435677886
2018 174 1565 25.0109344482422 762.912029309988
2018 175 1566 23.7116523742676 712.104322513997
2018 176 1567 18.5498977661133 681.5778567698
2018 177 1568 18.6987777709961 759.63782883048
2018 178 1569 17.7129455566406 704.434885706842
2018 179 1570 17.5572486877442 751.247745543599
2018 180 1571 20.1214881896973 752.769166476011
2018 181 1572 24.3435111999512 756.728438790083
2018 182 1573 22.1704727172852 714.662271288931
2018 183 1574 18.9247604370117 693.322244442344
2018 184 1575 18.1713233947754 746.025055259943
2018 185 1576 17.7561546325684 694.05624648726
2018 186 1577 17.7059112548828 724.800677164674
2018 187 1578 22.1082359313965 633.239145629287
2018 188 1579 23.4989028930664 693.820467329562
2018 189 1580 21.6198669433594 742.537335780084
2018 190 1581 21.6064277648926 752.83145691371
2018 191 1582 24.0027709960938 747.417482649207
2018 192 1583 21.0990386962891 723.394901455462
2018 193 1584 21.138330078125 704.105677633822
2018 194 1585 21.1951843261719 598.433112091422
2018 195 1586 20.7237754821778 663.685502238154
2018 196 1587 18.9818244934082 700.070784580707
2018 197 1588 19.0895439147949 694.461064336955
2018 198 1589 19.6577201843262 722.353939083457
2018 199 1590 20.4264541625977 735.486276522338
2018 200 1591 20.8556838989258 718.554807673454
2018 201 1592 20.7663665771485 710.605125197709
2018 202 1593 21.692025756836 661.906042337209
2018 203 1594 20.7115760803223 637.460872351736
2018 204 1595 20.1777168273926 677.022479506582
2018 205 1596 20.262281036377 697.459438147336
2018 206 1597 21.5975395202637 720.236392726213
2018 207 1598 21.7550941467285 708.456424076796
2018 208 1599 19.080655670166 719.795964950174
2018 209 1600 19.2607437133789 719.021912968248
2018 210 1601 19.4488960266114 711.223487122595
2018 211 1602 18.9830604553223 627.749536135256
2018 212 1603 19.2865844726563 676.64434213674
2018 213 1604 19.0934730529785 652.479431270808
2018 214 1605 18.5457702636719 709.519664089232
2018 215 1606 19.2202163696289 717.45153660889
2018 216 1607 22.0187049865723 700.511196905479
2018 217 1608 20.2564979553223 704.412636472486
2018 218 1609 20.3311401367188 704.875293046571
2018 219 1610 20.3915115356446 697.116892047338
2018 220 1611 18.6603141784668 693.393400336076
2018 221 1612 20.1727615356446 700.017401302502
2018 222 1613 22.0317321777344 689.394090260152
2018 223 1614 22.7223068237305 678.806368688147
2018 224 1615 21.4370895385742 672.978699596405
2018 225 1616 19.820645904541 665.282560479164
2018 226 1617 17.8113609313965 631.860055282593
2018 227 1618 17.7931686401367 617.464305103302
2018 228 1619 18.4843612670899 642.45667342186
2018 229 1620 19.5113388061524 648.853796739578
2018 230 1621 21.4102149963379 667.204377836227
2018 231 1622 20.0877853393555 677.453976324081
2018 232 1623 19.032071685791 674.758129161835
2018 233 1624 16.7823196411133 606.961117580414
2018 234 1625 16.9181571960449 597.200842868805
2018 235 1626 17.5012184143067 600.532861140251
2018 236 1627 16.594369506836 575.353660821914
2018 237 1628 17.3120361328125 617.522143055916
2018 238 1629 17.3263069152832 614.328036906242
2018 239 1630 17.1807456970215 583.588067786217
2018 240 1631 17.5198265075684 526.307603199005
2018 241 1632 17.5498138427735 549.284728080273
2018 242 1633 18.4889122009278 536.463792239189
2018 243 1634 18.0724960327149 604.047264974594
2018 244 1635 19.2173286437989 606.409478165626
2018 245 1636 18.9245544433594 611.578783107757
2018 246 1637 18.7585273742676 585.50096102047
2018 247 1638 18.0735336303711 581.056803302765
2018 248 1639 18.2081275939942 571.523398683548
2018 249 1640 16.5809303283692 558.969385643959
2018 250 1641 18.2422462463379 594.963180312156
2018 251 1642 20.169034576416 590.01632725048
2018 252 1643 19.6759162902832 582.217890851974
2018 253 1644 19.6415992736817 580.620834753036
2018 254 1645 19.5156761169434 583.343378681183
2018 255 1646 18.1283279418946 575.237989452839
2018 256 1647 17.1606880187989 537.762799974441
2018 257 1648 16.6359306335449 544.346762348175
2018 258 1649 17.5531135559082 535.814307020187
2018 259 1650 16.0683837890625 560.410745385647
2018 260 1651 16.782315826416 529.381589526653
2018 261 1652 16.3518463134766 516.231465143204
2018 262 1653 16.8683296203614 534.377400267601
2018 263 1654 19.9887519836426 542.500576251507
