Year DOY_disc DOY TA_C PAR_umol_m2_day
2014 71 1 16.4899269104004 517.110458604932
2014 72 2 15.838338470459 519.693228824973
2014 73 3 13.7905746459961 466.453826898456
2014 74 4 14.8922897338867 512.881312344551
2014 75 5 15.3221832275391 521.295236259699
2014 76 6 15.0784851074219 504.751406097293
2014 77 7 14.2631088256836 534.927943949699
2014 78 8 13.424333190918 539.800558853626
2014 79 9 15.3543144226074 522.005272302151
2014 80 10 13.6757675170899 509.86809507966
2014 81 11 13.3658386230469 517.682924627066
2014 82 12 13.6355186462403 547.615392937183
2014 83 13 13.8633514404297 555.368108956814
2014 84 14 14.1066566467285 413.982151668072
2014 85 15 13.0878311157227 306.269664699078
2014 86 16 13.0366722106934 381.711002462864
2014 87 17 14.4276863098145 387.71968299818
2014 88 18 15.2805458068848 221.841924145579
2014 89 19 11.782674407959 360.751616406441
2014 90 20 11.0838981628418 356.318345957279
2014 91 21 9.44659957885744 274.677494772434
2014 92 22 9.88462219238284 382.172522148132
2014 93 23 11.2669158935547 489.072899324894
2014 94 24 12.5060516357422 376.714122702122
2014 95 25 11.6284004211426 542.977972468376
2014 96 26 14.416390991211 609.743553833961
2014 97 27 17.8161064147949 606.57503561306
2014 98 28 18.9997116088867 589.330023598671
2014 99 29 17.7270713806153 553.686195568562
2014 100 30 15.2521949768067 600.841471681595
2014 101 31 16.2926231384278 524.321757554054
2014 102 32 14.100904083252 496.372967868328
2014 103 33 14.2916580200196 568.880977814198
2014 104 34 15.740380859375 629.966271344185
2014 105 35 15.9989601135254 622.222444166183
2014 106 36 16.7883544921875 639.871271477699
2014 107 37 17.6061111450196 640.559122461319
2014 108 38 16.8539901733399 638.597647040367
2014 109 39 15.248422241211 649.581019505501
2014 110 40 15.9241996765137 664.753611904144
2014 111 41 16.7772575378418 566.342591068268
2014 112 42 14.7604309082031 570.163471436501
2014 113 43 13.3059516906739 678.186597110748
2014 114 44 15.0790840148926 570.775883190155
2014 115 45 14.3055397033692 363.081428368568
2014 116 46 11.3718162536621 540.479533596039
2014 117 47 13.5413261413574 369.39188296032
2014 118 48 14.1742683410645 581.475240129471
2014 119 49 18.4284301757813 690.390337574005
2014 120 50 22.3686958312989 696.58986611557
2014 121 51 22.193994140625 698.893021633148
2014 122 52 20.5168434143067 683.645003108978
2014 123 53 17.1538024902344 682.415760381698
2014 124 54 16.0273109436035 655.935828590393
2014 125 55 16.0261245727539 642.396348649979
2014 126 56 15.247819519043 638.158330810547
2014 127 57 15.4907318115235 692.232017255783
2014 128 58 14.9202476501465 610.329337368011
2014 129 59 16.6186195373535 510.054484300613
2014 130 60 15.5188919067383 722.044667901993
2014 131 61 17.3919578552246 707.293644652202
2014 132 62 19.131177520752 736.622586992723
2014 133 63 22.2316680908203 727.285611862642
2014 134 64 24.1548973083496 732.744000800097
2014 135 65 23.6885162353516 714.314142243216
2014 136 66 20.7426887512207 681.758977588974
2014 137 67 18.1559730529785 721.56981410769
2014 138 68 17.7746597290039 694.734890200838
2014 139 69 16.6852432250977 703.317443514779
2014 140 70 15.6354843139649 655.106006306335
2014 141 71 17.5043884277344 647.002690532543
2014 142 72 17.3826347351074 695.373899948835
2014 143 73 18.3253150939942 627.942671921358
2014 144 74 19.3877616882324 674.663057505883
2014 145 75 20.1630874633789 734.28833527489
2014 146 76 21.5888038635254 743.731809674934
2014 147 77 19.4121566772461 751.107321921483
2014 148 78 18.7688995361328 773.220506450802
2014 149 79 20.2856307983399 783.981996165037
2014 150 80 17.2319313049317 755.380843544453
2014 151 81 15.5044189453125 723.100812553853
2014 152 82 18.1571670532227 752.944533824414
2014 153 83 17.8672653198242 724.951356411934
2014 154 84 15.6553169250489 712.10857603842
2014 155 85 18.1827522277832 747.850038406163
2014 156 86 19.3330322265625 731.81207892555
2014 157 87 18.0496879577637 649.860601982385
2014 158 88 17.9170356750489 736.773465754867
2014 159 89 21.7908645629883 760.781544052005
2014 160 90 24.1719528198242 765.126095812559
2014 161 91 21.7428833007813 731.412689967632
2014 162 92 17.9941650390625 698.910792512178
2014 163 93 16.4574104309082 745.427020839691
2014 164 94 17.2692085266114 771.867014144718
2014 165 95 20.3250900268555 758.070105001688
2014 166 96 18.1940475463867 712.210640715897
2014 167 97 16.4984489440918 748.857403863728
2014 168 98 16.7738815307617 764.123161198854
2014 169 99 20.5079170227051 775.745583969593
2014 170 100 19.7674919128418 780.081232398033
2014 171 101 20.021501159668 758.487251167178
2014 172 102 19.8311515808106 740.723042233288
2014 173 103 17.6453758239746 758.584879236102
2014 174 104 17.8151145935059 764.274041800856
2014 175 105 20.7034355163574 753.264054661572
2014 176 106 19.3625808715821 702.168075350225
2014 177 107 18.2160583496094 575.936950543463
2014 178 108 18.6072822570801 691.544162492037
2014 179 109 19.6869903564453 721.671898280382
2014 180 110 20.7948509216309 753.419372061133
2014 181 111 23.6825691223145 752.234492521286
2014 182 112 20.7902809143067 698.169692586601
2014 183 113 18.665185546875 712.317143135965
2014 184 114 18.6764961242676 748.182853003442
2014 185 115 19.4016471862793 763.745948731482
2014 186 116 18.7381607055664 769.967637698054
2014 187 117 20.089917755127 781.337102336884
2014 188 118 20.1525817871094 718.055135800719
2014 189 119 20.8604789733887 635.464619671822
2014 190 120 19.1182876586914 686.028066155136
2014 191 121 18.8188682556153 648.373969460309
2014 192 122 18.7385612487793 674.734046416462
2014 193 123 18.1867004394531 689.982079557121
2014 194 124 18.285661315918 729.193829382539
2014 195 125 22.8729454040528 724.108195967019
2014 196 126 21.3256736755371 596.909649575651
2014 197 127 20.6494995117188 609.499468730152
2014 198 128 18.8287788391114 622.022747639656
2014 199 129 18.2805000305176 621.064201823741
2014 200 130 18.8630844116211 672.6838104105
2014 201 131 19.729623413086 626.70897659874
2014 202 132 19.2925811767578 524.938615303576
2014 203 133 19.5241943359375 637.674603921205
2014 204 134 19.8731857299805 685.992548967898
2014 205 135 21.5602546691895 713.311210549265
2014 206 136 23.8217750549317 737.696512370646
2014 207 137 24.5826164245606 734.465837906539
2014 208 138 23.5808464050293 679.930616844535
2014 209 139 22.1977592468262 628.972222847268
2014 210 140 22.0446754455567 513.054382872298
2014 211 141 22.0145393371582 672.466399911597
2014 212 142 21.8523345947266 691.513082811132
2014 213 143 21.9068618774414 716.071479857087
2014 214 144 21.4036003112793 696.842795361012
2014 215 145 18.4349723815918 643.452522022925
2014 216 146 17.8517890930176 517.505435792878
2014 217 147 19.9885917663574 501.085826216493
2014 218 148 22.3641258239746 470.327949664302
2014 219 149 21.0391441345215 660.733024511658
2014 220 150 19.7831588745117 665.241761834929
2014 221 151 19.5170570373535 684.807688828763
2014 222 152 18.0798355102539 667.11004510544
2014 223 153 19.3126083374024 649.669769174411
2014 224 154 19.6031089782715 630.037285305977
2014 225 155 18.8607116699219 644.437698649406
2014 226 156 19.6913543701172 657.182845976829
2014 227 157 20.1601119995117 666.546442270279
2014 228 158 20.7438865661621 674.410105508804
2014 229 159 19.3465133666992 663.599798326492
2014 230 160 19.3415657043457 640.532516418457
2014 231 161 18.5612846374512 618.570193732262
2014 232 162 18.9445777893067 521.557063702583
2014 233 163 18.8511940002442 571.246278108597
2014 234 164 20.3907257080078 640.141982974052
2014 235 165 18.8210502624512 628.834642573357
2014 236 166 19.2614494323731 610.533470251083
2014 237 167 18.8614936828614 557.089938969612
2014 238 168 18.4300170898438 634.270883925438
2014 239 169 20.7161270141602 618.29504487133
2014 240 170 20.8660331726074 611.065997345924
2014 241 171 20.436727142334 559.291060302734
2014 242 172 21.4531723022461 540.217709933281
2014 243 173 21.8945747375489 614.74044065094
2014 244 174 21.9253059387207 611.545268001556
2014 245 175 22.5156265258789 613.511179779053
2014 246 176 18.8087554931641 595.733665870666
2014 247 177 20.136117553711 604.152018834114
2014 248 178 19.5803047180176 590.213108543396
2014 249 179 19.1654830932617 586.955822870255
2014 250 180 18.4603515625 584.87010628128
2014 251 181 17.6757141113281 558.296991345882
2014 252 182 16.8194938659668 565.978706004143
2014 253 183 19.3951049804688 590.293014370918
2014 254 184 21.3976531982422 582.668981924057
2014 255 185 21.8174377441406 563.702162073612
2014 256 186 22.6262680053711 535.61133186388
2014 257 187 21.1650596618653 542.560824412823
2014 258 188 21.1654563903809 530.672154475212
2014 259 189 19.0901313781739 547.899404934883
2014 260 190 20.7547927856446 522.094029674053
2014 261 191 22.2334571838379 433.446021243453
2014 262 192 20.2810646057129 445.734080327988
2014 263 193 20.4700408935547 500.233789557934
2014 264 194 19.6733032226563 399.914563852787
2014 265 195 19.5475860595703 492.450028618813
2014 266 196 20.0018783569336 493.204430998802
2014 267 197 20.9366279602051 431.648739526272
2014 268 198 19.6360260009766 345.405977877617
2014 269 199 18.2029739379883 428.138495343208
2014 270 200 18.5464111328125 480.086509261608
2014 271 201 18.758187866211 451.547489100933
2014 272 202 18.9063125610352 418.553002595901
2014 273 203 18.6499229431153 480.086523374081
2014 274 204 21.1563316345215 493.963276287556
2014 275 205 21.0282379150391 497.997173844337
2014 276 206 23.892163848877 491.003319746017
2014 277 207 22.1196342468262 488.340672175407
2014 278 208 21.4809318542481 485.926560366631
2014 279 209 20.6528678894043 478.409048610449
2014 280 210 20.2584663391114 462.921393750429
2014 281 211 20.0920997619629 451.423232308388
2014 282 212 19.9463592529297 451.361127096891
2014 283 213 18.0306564331055 440.723884693384
2014 284 214 17.8474403381348 429.957964513302
2014 285 215 21.2977195739746 443.359891443968
2014 286 216 22.0492378234864 435.842399596453
2014 287 217 19.1266151428223 355.461851682901
2014 288 218 18.9969268798828 273.803259734034
2014 289 219 16.8900772094727 334.892995542765
2014 290 220 17.0857902526856 331.520318733931
2014 291 221 19.5420318603516 354.85832322669
2014 292 222 18.7940803527832 373.514512940168
2014 293 223 18.6033226013184 230.76618782866
2014 294 224 15.5065971374512 316.716060482383
2014 295 225 15.4417587280274 378.30726284194
2014 296 226 17.7403579711914 243.236196879506
2014 297 227 17.5714164733887 311.146721125722
2014 298 228 19.2053352355957 272.698264128476
2014 299 229 16.1361709594727 306.842125429034
2014 300 230 14.9436470031739 358.443998323441
2014 301 231 14.5970359802246 358.004668989181
2014 302 232 16.7847915649414 334.768731630981
2014 303 233 18.7567993164063 307.174957761407
2014 304 234 16.9323173522949 191.79407786721
2014 305 235 14.2395072937012 224.149543992639
2014 306 236 12.9280067443848 330.615026585132
2014 307 237 13.0215965270996 309.39826412186
2014 308 238 14.50185546875 327.646182588011
2014 309 239 15.7633834838867 328.542604228795
2014 310 240 15.5625205993653 316.010475003451
2014 311 241 15.3798881530762 302.70616393505
2014 312 242 16.1084114074707 300.03909238781
2014 313 243 16.201806640625 317.124334281296
2014 314 244 15.0241561889649 317.61249239251
2014 315 245 15.2646842956543 250.460815230608
2014 316 246 15.2010284423828 215.802177490562
2014 317 247 15.6709800720215 151.890049959
2014 318 248 14.9232231140137 226.683483994551
2014 319 249 13.4907546997071 258.288966534696
2014 320 250 12.757283782959 248.858802387545
2014 321 251 12.2784019470215 271.70864881831
2014 322 252 11.2976432800293 246.737565275175
2014 323 253 12.9494262695313 111.733064099028
2014 324 254 13.2508293151856 83.1452342047691
2014 325 255 12.9058013916016 143.897701828599
2014 326 256 15.1762405395508 94.758763723731
2014 327 257 12.4925590515137 241.958138983726
2014 328 258 11.6149269104004 272.77370181489
2014 329 259 11.879239654541 270.306328526735
2014 330 260 12.1154075622559 269.591856127739
2014 331 261 12.5740562438965 241.962575340271
2014 332 262 9.87331924438479 262.42048955369
2014 333 263 14.1003051757813 134.241213768125
2014 334 264 13.6018043518067 77.9575303785801
2014 335 265 13.5809837341309 136.082864846945
2014 336 266 12.8086372375489 115.469633800983
2014 337 267 15.6444107055664 49.6404032696486
2014 338 268 15.4025016784668 158.524447730422
2014 339 269 14.99599609375 161.195960579872
2014 340 270 16.3334709167481 135.390586516082
2014 341 271 14.6483894348145 157.432768471241
2014 342 272 13.4278999328614 127.67337993443
2014 343 273 14.7475334167481 92.9925484727621
2014 344 274 13.8669219970703 130.420327351689
2014 345 275 15.8193031311035 55.4982015019059
2014 346 276 11.2161499023438 125.361318344146
2014 347 277 10.3242317199707 126.018103082061
2014 348 278 10.0745864868164 137.46299813056
2014 349 279 10.8491188049317 81.9248585203886
2014 350 280 11.350789642334 147.918284393549
2014 351 281 11.5705009460449 125.663086131871
2014 352 282 12.1362281799317 114.84834933424
2014 353 283 12.9500213623047 93.134556235671
2014 354 284 13.0787063598633 80.3317164905071
2014 355 285 15.4243103027344 90.3299143846035
2014 356 286 14.3636413574219 137.369810954332
2014 357 287 13.0808921813965 225.720499703646
2014 358 288 11.776326751709 157.028935533524
2014 359 289 10.3557678222656 194.212641720057
2014 360 290 9.55584869384768 253.957746059895
2014 361 291 7.74406204223635 249.826218922138
2014 362 292 8.4791313171387 237.440528618574
2014 363 293 7.51165924072268 224.708690864801
2014 364 294 7.96138916015627 227.446767585039
2014 365 295 7.84478912353518 262.345044527531
2015 1 296 6.9934135437012 256.836834101677
2015 2 297 5.42910919189455 260.829224860668
2015 3 298 5.87713394165041 257.837139259338
2015 4 299 7.66566619873049 234.192586662292
2015 5 300 7.42921218872073 238.335478372574
2015 6 301 7.7719779968262 237.029756628513
2015 7 302 8.42229614257815 251.388222159386
2015 8 303 10.5493789672852 226.424677053928
2015 9 304 10.3213516235352 148.935883126259
2015 10 305 10.9505783081055 212.026370501041
2015 11 306 9.91762313842776 230.771174193621
2015 12 307 9.70268402099612 252.034441853046
2015 13 308 10.8748527526856 254.787517107487
2015 14 309 9.1763854980469 268.331572009087
2015 15 310 8.83636627197268 234.166035053253
2015 16 311 9.65079269409182 162.564032235622
2015 17 312 11.1838775634766 144.204313313007
2015 18 313 11.5629249572754 182.140939817905
2015 19 314 12.1360412597656 183.004037973404
2015 20 315 10.5185829162598 223.795532493114
2015 21 316 9.74465713500979 284.265744996071
2015 22 317 9.77671966552737 223.99029519844
2015 23 318 8.6956726074219 275.085889062881
2015 24 319 12.5395637512207 297.53536724472
2015 25 320 9.76279602050784 299.478465202332
2015 26 321 9.4006172180176 273.262315683365
2015 27 322 12.5446258544922 210.623282272816
2015 28 323 12.9302154541016 253.583600220203
2015 29 324 10.9969917297364 298.159472189903
2015 30 325 11.4931045532227 295.81802953434
2015 31 326 13.4339347839356 327.836874947548
2015 32 327 10.9948745727539 292.861343558311
2015 33 328 12.3088088989258 299.102247853279
2015 34 329 13.6155448913574 295.853429663658
2015 35 330 12.125074005127 293.250853848457
2015 36 331 12.3921180725098 196.29580269146
2015 37 332 15.0562492370606 123.268577744484
2015 38 333 16.6536689758301 120.524358759582
2015 39 334 15.8352333068848 167.773619718552
2015 40 335 15.9421821594239 193.378964289665
2015 41 336 11.2819572448731 306.569165135384
2015 42 337 11.9548469543457 311.637132444382
2015 43 338 13.3575798034668 342.270578605652
2015 44 339 14.3812461853028 353.074843633652
2015 45 340 15.1119247436524 378.379194366455
2015 46 341 15.1758514404297 358.262300239563
2015 47 342 13.8994651794434 384.859109512329
2015 48 343 13.0839935302735 317.72752117157
2015 49 344 11.8590866088867 371.549634649277
2015 50 345 12.1174789428711 364.211065149034
2015 51 346 12.9576393127442 371.784220893532
2015 52 347 12.5927177429199 396.035154839814
2015 53 348 12.1727462768555 386.217944133479
2015 54 349 13.313493347168 417.714488028921
2015 55 350 11.1610961914063 435.684714231104
2015 56 351 11.1473823547364 431.27182021559
2015 57 352 12.4043556213379 417.683520279139
2015 58 353 14.5358673095703 405.024702049062
2015 59 354 11.879541015625 371.655861088604
2015 60 355 11.445645904541 403.249809659302
2015 61 356 11.5603996276856 367.530674388647
2015 62 357 11.0868431091309 406.392385281056
2015 63 358 11.3509346008301 458.523702829093
2015 64 359 13.2955642700196 474.798700438559
2015 65 360 14.0245567321778 487.904551916599
2015 66 361 13.0601516723633 487.785046554148
2015 67 362 13.8819709777832 477.724388683677
2015 68 363 13.6900077819824 491.193184289336
2015 69 364 13.6587921142578 388.829363850117
2015 70 365 15.0376831054688 276.391595607683
2015 71 366 14.6677032470703 431.24084446454
2015 72 367 16.1124092102051 467.672582420588
2015 73 368 18.8480392456055 437.083368402362
2015 74 369 19.1266876220703 410.353787097931
2015 75 370 15.1918769836426 331.222888042927
2015 76 371 15.5323310852051 412.071131108522
2015 77 372 14.365007019043 524.92496419549
2015 78 373 15.3332038879395 519.918970045566
2015 79 374 14.8957305908203 424.229800618648
2015 80 375 14.8229499816895 464.481313885927
2015 81 376 16.0832954406739 385.310562720537
2015 82 377 14.6628509521485 434.582597065925
2015 83 378 14.4192176818848 390.692783039808
2015 84 379 15.7662635803223 489.767971862316
2015 85 380 17.3539787292481 547.498367778778
2015 86 381 17.6353622436524 567.053151036262
2015 87 382 15.5260025024414 557.346592427254
2015 88 383 16.758504486084 583.332580623627
2015 89 384 17.4349800109864 565.866951350212
2015 90 385 16.0269752502442 562.848311115742
2015 91 386 14.2447715759278 588.546607487202
2015 92 387 13.9066444396973 598.580687854767
2015 93 388 14.1542793273926 615.227494839191
2015 94 389 13.6037384033203 609.154802648544
2015 95 390 11.7188125610352 462.830359482288
2015 96 391 10.6810012817383 481.90267913723
2015 97 392 12.6505180358887 416.807127449989
2015 98 393 11.5536399841309 507.348675244808
2015 99 394 12.3712326049805 525.45167165947
2015 100 395 13.8091903686524 616.935975461006
2015 101 396 14.5641227722168 612.288527576447
2015 102 397 16.2246223449707 624.155042444229
2015 103 398 15.6696487426758 624.849965792656
2015 104 399 13.3615814208985 652.579855404854
2015 105 400 14.7122055053711 661.206441932678
2015 106 401 18.292855834961 663.689508290291
2015 107 402 17.7901931762696 668.341417732239
2015 108 403 16.3832489013672 648.516647754669
2015 109 404 16.7540756225586 608.141205557823
2015 110 405 14.8579650878906 605.308464387894
2015 111 406 14.0429092407227 566.929222358703
2015 112 407 14.2867485046387 587.413486322403
2015 113 408 15.3787704467774 642.17837143135
2015 114 409 14.8436218261719 676.445721812248
2015 115 410 14.4050842285156 626.346005821228
2015 116 411 15.1233230590821 620.468068271637
2015 117 412 18.7771583557129 675.055894268036
2015 118 413 17.668904876709 678.707486455917
2015 119 414 16.4102416992188 687.772278360367
2015 120 415 19.6173301696778 699.864532306671
2015 121 416 21.9253898620606 696.336891981125
2015 122 417 17.5769325256348 681.456136442184
2015 123 418 15.3945899963379 665.468840076446
2015 124 419 14.0891052246094 659.1527052145
2015 125 420 14.1057640075684 707.176553106308
2015 126 421 14.7006050109864 709.664065900802
2015 127 422 15.467359161377 601.205416219711
2015 128 423 15.3812995910645 656.280112438202
2015 129 424 14.722127532959 689.923378034591
2015 130 425 14.550626373291 683.540840965271
2015 131 426 14.5008483886719 705.357407903398
2015 132 427 14.004727935791 739.739814248765
2015 133 428 13.9053741455078 666.52226020208
2015 134 429 14.7731681823731 626.620417346815
2015 135 430 13.8165718078614 556.014302986959
2015 136 431 14.4116264343262 628.417457807261
2015 137 432 14.4938903808594 557.173970415462
2015 138 433 14.0937438964844 596.093206825148
2015 139 434 14.6156021118164 680.207961888127
2015 140 435 14.9718719482422 666.672756672345
2015 141 436 14.9490905761719 616.918272624254
2015 142 437 15.3747573852539 552.526505020253
2015 143 438 15.5194641113281 511.305658605613
2015 144 439 16.1180969238281 641.797741131037
2015 145 440 14.9927536010742 696.721960291788
2015 146 441 15.0942169189453 659.75465880698
2015 147 442 15.1034942626953 684.488050465107
2015 148 443 15.4042945861817 671.869062798694
2015 149 444 16.2419219970703 663.534607003912
2015 150 445 16.1879173278809 663.291158111155
2015 151 446 15.5616470336914 659.196976135343
2015 152 447 16.0411087036133 595.584198594987
2015 153 448 17.6092163085938 643.085744004309
2015 154 449 17.7477928161621 743.670243714243
2015 155 450 16.2805191040039 680.349586133569
2015 156 451 18.6107383728028 726.881811610222
2015 157 452 18.2987571716309 676.65375931406
2015 158 453 18.0734764099121 684.364128875285
2015 159 454 22.1886459350586 724.991840118468
2015 160 455 23.5390563964844 655.09391212213
2015 161 456 19.2521949768067 327.367707861468
2015 162 457 19.7778411865235 577.552009778708
2015 163 458 21.2360549926758 750.858340466976
2015 164 459 21.1073776245117 733.419258644461
2015 165 460 17.7197471618653 739.38129827708
2015 166 461 16.2957092285156 765.597442062855
2015 167 462 17.197038269043 766.544651499688
2015 168 463 18.9115348815918 727.324449248254
2015 169 464 18.7942443847656 777.455134556234
2015 170 465 18.3213287353516 772.825362102508
2015 171 466 19.7772117614746 756.200717559159
2015 172 467 18.1411911010742 721.89355583024
2015 173 468 17.1170974731446 747.127074866354
2015 174 469 18.4394584655762 760.224094960689
2015 175 470 19.2637954711914 759.799173137843
2015 176 471 21.661092376709 752.681910948396
2015 177 472 23.1638008117676 743.263041581213
2015 178 473 19.9634719848633 679.588303009689
2015 179 474 19.5053153991699 635.941929386795
2015 180 475 18.8244110107422 730.648496051788
2015 181 476 22.1302085876465 630.214468406677
2015 182 477 24.1303039550781 665.123615859151
2015 183 478 22.487321472168 545.856271597743
2015 184 479 20.4644409179688 645.400632404745
2015 185 480 20.7110343933106 721.55714270997
2015 186 481 19.3667274475098 661.879226339817
2015 187 482 19.347745513916 678.557005980313
2015 188 483 19.6844039916992 714.63907202214
2015 189 484 18.503793334961 690.782067806482
2015 190 485 17.7193199157715 577.3882390396
2015 191 486 17.6290412902832 431.059376716375
2015 192 487 19.1275268554688 625.407662482262
2015 193 488 19.5593162536621 692.521535637855
2015 194 489 19.6865135192871 726.983629067421
2015 195 490 19.7261672973633 703.015963536441
2015 196 491 19.5135398864746 729.187841851056
2015 197 492 21.0451560974121 714.647912163138
2015 198 493 20.6293998718262 733.171389444947
2015 199 494 20.2864128112793 717.175235612631
2015 200 495 22.1439186096192 676.928178484559
2015 201 496 25.4752326965332 671.913330459177
2015 202 497 21.4644905090332 667.296839921176
2015 203 498 19.7029663085938 693.937903702736
2015 204 499 18.1152473449707 698.567675022423
2015 205 500 18.4848075866699 713.891038714409
2015 206 501 19.8698173522949 713.373180684239
2015 207 502 19.184903717041 707.875894383162
2015 208 503 21.4098640441895 724.85463834548
2015 209 504 23.446866607666 730.945034695923
2015 210 505 25.0535865783692 731.887799192175
2015 211 506 22.337777709961 667.894385051295
2015 212 507 21.2750717163086 634.667168627664
2015 213 508 19.77236328125 620.525602916345
2015 214 509 19.9849868774414 671.873497895196
2015 215 510 19.4357048034668 675.812774300486
2015 216 511 18.5092750549317 590.520668965578
2015 217 512 18.7071395874024 642.09870623251
2015 218 513 20.8192420959473 662.529861619014
2015 219 514 20.7283226013184 621.959674703944
2015 220 515 19.2313095092774 645.121783817777
2015 221 516 19.6911521911621 694.734615590393
2015 222 517 20.0556465148926 684.36412093702
2015 223 518 19.8447128295899 661.370219076837
2015 224 519 19.4954048156739 669.38598565197
2015 225 520 20.4973579406739 641.271035210609
2015 226 521 20.4439826965332 676.0739246912
2015 227 522 21.8791976928711 655.34620545578
2015 228 523 24.7177673339844 641.178072321892
2015 229 524 25.678369140625 651.16791361618
2015 230 525 21.6429458618164 634.760126050949
2015 231 526 19.322225189209 663.03446275711
2015 232 527 18.3052955627442 646.294718588829
2015 233 528 18.3242813110352 620.521168465614
2015 234 529 18.8440261840821 627.788945655823
2015 235 530 19.131120300293 607.561386559486
2015 236 531 18.8425537109375 608.619233307838
2015 237 532 19.564168548584 629.847107642174
2015 238 533 20.3180595397949 574.914031093597
2015 239 534 22.9368301391602 587.63922943306
2015 240 535 24.8339935302735 583.912413734436
2015 241 536 22.9885078430176 437.729585701942
2015 242 537 20.4779449462891 533.803842166901
2015 243 538 21.1307922363281 607.698590033531
2015 244 539 20.8401199340821 598.452339957237
2015 245 540 20.1512008666992 593.202923548698
2015 246 541 18.9252372741699 606.977128180504
2015 247 542 17.8943954467774 617.865475319862
2015 248 543 18.015470123291 605.361575670242
2015 249 544 20.1130271911621 606.233536962509
2015 250 545 21.8435455322266 611.159853352547
2015 251 546 23.5131088256836 612.155740298271
2015 252 547 24.9242797851563 598.766599519729
2015 253 548 25.4486595153809 569.832784955978
2015 254 549 24.4311042785645 533.653353816032
2015 255 550 21.9372001647949 441.522821248531
2015 256 551 21.2018829345703 351.534540338993
2015 257 552 19.2947975158692 404.630769215584
2015 258 553 18.0810791015625 463.950171073437
2015 259 554 17.024919128418 479.972851439953
2015 260 555 18.6210723876953 371.554056389332
2015 261 556 19.2534614562989 546.436095258236
2015 262 557 20.3085647583008 550.202770123482
2015 263 558 23.2804466247559 547.268222584724
2015 264 559 24.9538017272949 537.079193820953
2015 265 560 21.7764678955078 526.301485442161
2015 266 561 17.5379081726074 529.895529487133
2015 267 562 21.2337280273438 499.602891725302
2015 268 563 22.0506874084473 505.113461706161
2015 269 564 21.4541603088379 499.664867908478
2015 270 565 20.8167091369629 466.561617585659
2015 271 566 19.8025260925293 378.764272836208
2015 272 567 17.4906669616699 423.481780856371
2015 273 568 16.7049308776856 275.771948266506
2015 274 569 17.867822265625 242.248197419882
2015 275 570 18.8948684692383 445.603724427223
2015 276 571 18.6955276489258 479.570078953743
2015 277 572 16.8015342712403 471.948238224268
2015 278 573 18.570027923584 461.17054042983
2015 279 574 19.2758155822754 406.76858476901
2015 280 575 18.8571144104004 401.921955211162
2015 281 576 20.3927207946778 400.881790004849
2015 282 577 20.4973503112793 423.16309678173
2015 283 578 19.9052520751953 443.912934041738
2015 284 579 19.8584228515625 431.06379694438
2015 285 580 19.7774253845215 434.383412116527
2015 286 581 22.5824562072754 427.089100705862
2015 287 582 22.985555267334 413.908003225326
2015 288 583 21.4870697021485 363.63123656404
2015 289 584 19.6658416748047 368.924918380737
2015 290 585 18.7630325317383 327.248199238658
2015 291 586 18.0177894592285 342.770746556997
2015 292 587 17.8870101928711 334.759393017292
2015 293 588 18.2453933715821 380.543596810102
2015 294 589 20.0541740417481 400.288702762246
2015 295 590 18.4365020751953 394.587804164529
2015 296 591 17.8777290344239 378.910354189515
2015 297 592 17.8745628356934 304.603957406461
2015 298 593 18.400220489502 306.542617243469
2015 299 594 17.0462203979492 360.112440159619
2015 300 595 17.9176040649414 280.414987452447
2015 301 596 17.7205825805664 153.021226851135
2015 302 597 17.1337600708008 320.431909781813
2015 303 598 17.7838684082031 359.767198175728
2015 304 599 18.0829711914063 349.923427146375
2015 305 600 18.342000579834 256.60224363628
2015 306 601 15.8786865234375 152.423697613299
2015 307 602 12.6017929077149 313.296931556672
2015 308 603 13.3090644836426 349.905718198419
2015 309 604 12.4307189941406 291.94513906613
2015 310 605 13.5170455932617 333.644001244634
2015 311 606 13.3643241882324 329.363895743713
2015 312 607 12.2562728881836 222.94128840208
2015 313 608 11.2960906982422 137.233112190187
2015 314 609 10.6010566711426 241.960504626311
2015 315 610 10.0610633850098 290.263187758483
2015 316 611 11.2627655029297 314.314955829255
2015 317 612 11.8848167419434 313.080052559316
2015 318 613 12.6306854248047 311.884988956846
2015 319 614 13.2451454162598 214.420926653871
2015 320 615 10.9022727966309 299.451905107696
2015 321 616 11.2551704406739 270.274656925261
2015 322 617 11.5291801452637 261.046104236036
2015 323 618 12.4024559020996 273.572143309797
2015 324 619 13.759408569336 281.242681005478
2015 325 620 13.8669868469239 263.971799064875
2015 326 621 13.4415336608887 257.195344833851
2015 327 622 12.1115737915039 267.034701809406
2015 328 623 12.0693870544434 149.568824243307
2015 329 624 7.77640686035159 212.486701462507
2015 330 625 7.43911895751955 261.404624135017
2015 331 626 7.38891754150393 278.330270895958
2015 332 627 7.0050102233887 279.728935368061
2015 333 628 6.34203872680666 278.210757910252
2015 334 629 6.24015960693362 223.357354585409
2015 335 630 8.25691757202151 233.289656809091
2015 336 631 9.9355522155762 188.284457342029
2015 337 632 9.57400665283205 143.350071112037
2015 338 633 10.3620658874512 148.617202579737
2015 339 634 9.27426681518557 209.79558676672
2015 340 635 11.1438003540039 123.290706101417
2015 341 636 13.082723236084 107.298988814652
2015 342 637 11.5979400634766 132.081061194777
2015 343 638 13.604581451416 104.687552823782
2015 344 639 14.9809432983399 124.41495493114
2015 345 640 11.096337890625 208.640367990017
2015 346 641 8.71824035644534 222.600476726532
2015 347 642 12.1229644775391 103.611995804429
2015 348 643 8.18815383911135 235.219459305525
2015 349 644 8.07867584228518 254.606044319153
2015 350 645 6.96471939086916 253.636716038704
2015 351 646 8.1909004211426 208.843968379259
2015 352 647 9.43963775634768 175.935461987138
2015 353 648 11.6386543273926 176.006283666491
2015 354 649 7.50640640258791 152.941559770107
2015 355 650 11.1796585083008 40.7383839461355
2015 356 651 14.2639671325684 108.892402887642
2015 357 652 11.3102241516114 224.207171140194
2015 358 653 9.04307708740237 181.662920636177
2015 359 654 6.23551330566409 224.3488114748
2015 360 655 5.65290985107424 255.659469075441
2015 361 656 5.27617797851565 230.372813619137
2015 362 657 6.30955657958987 204.099119989395
2015 363 658 5.33228073120119 245.789129930496
2015 364 659 5.90962371826174 218.546109028339
2015 365 660 6.96324691772463 222.401297069311
2016 1 661 4.72474060058596 264.739516814709
2016 2 662 5.7062927246094 248.131546598673
2016 3 663 7.21148452758791 208.066828033924
2016 4 664 8.52153930664065 157.88247576499
2016 5 665 11.4402290344239 108.984211010694
2016 6 666 9.93586883544924 119.014851967096
2016 7 667 8.92563781738284 206.878641009331
2016 8 668 8.16100082397463 242.493200779438
2016 9 669 9.65844879150393 150.757778885603
2016 10 670 9.56444320678713 205.085234929919
2016 11 671 9.85630950927737 178.842689669132
2016 12 672 9.9356628417969 196.629944459677
2016 13 673 13.4003959655762 210.171756990194
2016 14 674 8.63858947753909 191.748134019852
2016 15 675 11.2015396118164 193.61273878324
2016 16 676 11.9441925048828 134.541431294441
2016 17 677 13.9242530822754 150.499671591282
2016 18 678 13.4345184326172 163.645423880339
2016 19 679 13.667138671875 109.518231255531
2016 20 680 11.2247825622559 197.30191815567
2016 21 681 11.7090621948242 278.833150710106
2016 22 682 13.4232154846192 143.450637725353
2016 23 683 13.5034080505371 166.128604649782
2016 24 684 10.0162712097168 193.94650342083
2016 25 685 11.1215568542481 249.257435373306
2016 26 686 10.651929473877 292.330453510284
2016 27 687 11.1462684631348 291.240164203644
2016 28 688 10.3033195495606 293.331739484787
2016 29 689 13.3178993225098 146.966256240368
2016 30 690 12.6920829772949 203.888139911055
2016 31 691 10.5926795959473 303.162118911743
2016 32 692 9.82238922119143 342.626067756653
2016 33 693 8.10761032104494 232.48926566124
2016 34 694 7.78140792846682 268.780255392551
2016 35 695 10.4216171264649 283.572552945614
2016 36 696 10.1410575866699 349.190034772873
2016 37 697 11.0811515808106 348.277756162643
2016 38 698 13.2259803771973 350.556239046097
2016 39 699 12.6981521606446 358.27723829174
2016 40 700 13.9703155517578 363.434974030495
2016 41 701 12.5670791625977 360.885040761948
2016 42 702 13.34951171875 322.364522802353
2016 43 703 13.5727096557617 307.848136183739
2016 44 704 13.4349418640137 362.660646855354
2016 45 705 14.3164077758789 348.949737670898
2016 46 706 17.2836700439453 378.253976413727
2016 47 707 15.2439399719239 388.774149305343
2016 48 708 16.6616188049317 285.646323830604
2016 49 709 13.1265312194824 288.547821974754
2016 50 710 11.4446197509766 284.471482351405
2016 51 711 10.5374046325684 278.708536372714
2016 52 712 9.87577590942385 401.746318040475
2016 53 713 11.6531616210938 415.457257840019
2016 54 714 14.5421119689942 420.873077865511
2016 55 715 13.2689109802246 433.111006218746
2016 56 716 14.5818954467774 429.141446715474
2016 57 717 14.2806030273438 404.91929019551
2016 58 718 14.4799324035645 408.817623640388
2016 59 719 12.4293151855469 399.801618033722
2016 60 720 13.268701171875 403.379531349331
2016 61 721 15.379411315918 451.645888410181
2016 62 722 14.4721923828125 456.371950831026
2016 63 723 15.0502677917481 290.617137728572
2016 64 724 16.1507431030274 177.761299300209
2016 65 725 16.4993492126465 177.574397352338
2016 66 726 13.5846420288086 340.886059745192
2016 67 727 11.739633178711 327.175143977016
2016 68 728 10.3506408691406 422.42617704612
2016 69 729 12.4492012023926 204.177403481096
2016 70 730 15.5358062744141 172.625829751253
2016 71 731 13.664624786377 64.6429003994166
2016 72 732 12.2159629821778 276.02509527874
2016 73 733 13.7427268981934 111.093582371712
2016 74 734 13.6200309753418 327.864909374237
2016 75 735 11.1161170959473 515.705805782318
2016 76 736 13.4196601867676 532.527367010116
2016 77 737 15.0427299499512 538.779841264486
2016 78 738 14.6947456359864 542.509072211981
2016 79 739 14.0306144714356 480.184692253113
2016 80 740 15.2230049133301 453.857618952036
2016 81 741 14.3316932678223 329.671678579092
2016 82 742 11.918229675293 444.681397736549
2016 83 743 12.1581779479981 524.797470606565
2016 84 744 13.2431541442871 552.490765821457
2016 85 745 13.6288238525391 548.156308132887
2016 86 746 14.8411041259766 576.316864289284
2016 87 747 15.3172203063965 564.412724057674
2016 88 748 12.7795997619629 574.171905052662
2016 89 749 11.3204704284668 588.430184124946
2016 90 750 11.9113212585449 601.745039872169
2016 91 751 13.8266845703125 599.123910187721
2016 92 752 13.4747215270996 601.162067744255
2016 93 753 13.8888641357422 575.284444184303
2016 94 754 14.3522125244141 588.198780400753
2016 95 755 14.8434043884278 603.689748667717
2016 96 756 16.6218353271485 622.224638655662
2016 97 757 19.4238983154297 627.039714488983
2016 98 758 20.5138984680176 581.051839240551
2016 99 759 15.9342514038086 598.22051739502
2016 100 760 15.1865707397461 536.950840883255
2016 101 761 14.1187606811524 557.688547213077
2016 102 762 14.2977767944336 607.227629608154
2016 103 763 14.4030891418457 637.537612858772
2016 104 764 13.8296142578125 619.016078310013
2016 105 765 14.1539321899414 638.659050408363
2016 106 766 13.5647560119629 667.117779672623
2016 107 767 16.8134132385254 669.934704792976
2016 108 768 18.2547470092774 667.509387681007
2016 109 769 19.5176902770996 667.255718003273
2016 110 770 18.6330886840821 651.462118347168
2016 111 771 17.7775856018067 665.106311825752
2016 112 772 17.1555381774903 560.145030208587
2016 113 773 16.1080261230469 423.636632229328
2016 114 774 13.4707466125489 572.556484090805
2016 115 775 15.4960227966309 681.554054824829
2016 116 776 14.0904899597168 688.224833097458
2016 117 777 13.8304496765137 679.80070712471
2016 118 778 13.7291160583496 542.615878680229
2016 119 779 14.65224609375 643.616519073486
2016 120 780 15.8130203247071 697.245309822082
2016 121 781 17.4333740234375 707.204727649688
2016 122 782 20.6204696655274 713.96005374527
2016 123 783 17.9756484985352 714.218174900055
2016 124 784 16.2562652587891 619.28753776741
2016 125 785 16.7158447265625 466.344740635872
2016 126 786 15.7430892944336 640.172085886001
2016 127 787 14.7186180114746 639.028419176101
2016 128 788 14.2663703918457 596.088899989128
2016 129 789 15.8592926025391 617.249374162674
2016 130 790 15.495191192627 711.886290420532
2016 131 791 16.1787963867188 724.974188058955
2016 132 792 17.5177589416504 725.032031051738
2016 133 793 16.4886680603028 720.377196668439
2016 134 794 16.4522491455078 734.097006473949
2016 135 795 15.3544860839844 564.50173002015
2016 136 796 17.4882255554199 617.053560375435
2016 137 797 18.0336471557617 735.61894199381
2016 138 798 20.9870887756348 742.854891262498
2016 139 799 22.3859153747559 745.80535571327
2016 140 800 19.5886817932129 742.86379433079
2016 141 801 14.7935729980469 717.756035112798
2016 142 802 13.8335929870606 599.98721668332
2016 143 803 14.2234512329102 661.199075726032
2016 144 804 14.7251068115235 643.95473857449
2016 145 805 15.8800254821778 630.461872178107
2016 146 806 15.7213111877442 642.121260995596
2016 147 807 16.8898368835449 673.432531339005
2016 148 808 17.7528778076172 721.916928163826
2016 149 809 21.4238410949707 723.256433765337
2016 150 810 20.4657493591309 744.572652981013
2016 151 811 19.4037948608399 739.917797812432
2016 152 812 20.7498718261719 741.960429810286
2016 153 813 21.6541610717774 753.535276317507
2016 154 814 19.0114265441895 764.531574610442
2016 155 815 22.9302955627442 760.388482080936
2016 156 816 23.8467269897461 656.673273070574
2016 157 817 20.2588859558106 638.578953621447
2016 158 818 19.2438369750977 727.506323832542
2016 159 819 17.8271995544434 692.888598528385
2016 160 820 17.2836700439453 668.755422644049
2016 161 821 17.189656829834 715.26395636642
2016 162 822 17.6622138977051 736.93618508327
2016 163 823 18.4850631713867 744.390186365902
2016 164 824 20.7842079162598 765.879985544383
2016 165 825 18.1959167480469 754.767944248974
2016 166 826 17.1318717956543 745.435993411124
2016 167 827 15.5787330627442 678.625845487296
2016 168 828 16.0025039672852 579.383032433152
2016 169 829 18.9040237426758 544.311387482703
2016 170 830 18.4557472229004 605.2295180825
2016 171 831 21.4186073303223 748.422046560466
2016 172 832 21.2812629699707 751.95991036433
2016 173 833 21.7829261779785 765.58627821505
2016 174 834 20.721810913086 771.896579648673
2016 175 835 19.1743217468262 770.779600506365
2016 176 836 19.5595718383789 763.20988583225
2016 177 837 22.6392646789551 772.306008937776
2016 178 838 21.9531494140625 768.821535389602
2016 179 839 23.4126945495606 758.483824482441
2016 180 840 23.5774780273438 761.79473837024
2016 181 841 20.8576980590821 770.819648427308
2016 182 842 19.2821517944336 772.888967142224
2016 183 843 20.9529624938965 758.78199362117
2016 184 844 19.1159111022949 713.190180693269
2016 185 845 17.9297996520996 702.478677388251
2016 186 846 18.1337333679199 693.7385832358
2016 187 847 17.1861015319824 715.201653139293
2016 188 848 16.795613861084 740.870123367071
2016 189 849 16.5056282043457 724.582566381574
2016 190 850 16.987191772461 715.535408200562
2016 191 851 19.4412818908692 678.941810579896
2016 192 852 17.8544212341309 730.341075368285
2016 193 853 21.0576492309571 745.778646638334
2016 194 854 19.0754981994629 752.249169996738
2016 195 855 20.0712867736817 756.792766589999
2016 196 856 22.6784187316895 754.603293590903
2016 197 857 20.2785659790039 723.799349230766
2016 198 858 18.9473587036133 733.340471734404
2016 199 859 17.9729362487793 739.704195491791
2016 200 860 17.2087112426758 714.06685133022
2016 201 861 17.9536720275879 735.178380928933
2016 202 862 18.4262214660645 740.411760780513
2016 203 863 18.3646675109864 729.566744885534
2016 204 864 19.2513748168946 744.532593814194
2016 205 865 22.017839050293 742.338682820499
2016 206 866 22.6838661193848 739.659700598448
2016 207 867 20.7534271240235 740.020155134708
2016 208 868 21.3696189880371 739.317022579908
2016 209 869 24.134408569336 716.238552032739
2016 210 870 21.7171798706055 707.044522530719
2016 211 871 21.3076377868653 699.007567469537
2016 212 872 21.0258232116699 701.481848702744
2016 213 873 19.7961631774903 713.786492604345
2016 214 874 18.9209838867188 699.884235318646
2016 215 875 18.3485504150391 699.083211944625
2016 216 876 19.6598678588867 711.058572863698
2016 217 877 17.847299194336 700.191301953919
2016 218 878 16.5847717285156 667.687386556648
2016 219 879 17.0098091125489 703.453253968868
2016 220 880 17.3253303527832 706.862078308921
2016 221 881 19.1556831359864 695.53644071351
2016 222 882 19.4923645019531 685.781701751163
2016 223 883 19.552449798584 674.113410616976
2016 224 884 19.0922523498535 657.910392004115
2016 225 885 18.4538665771485 668.684221786499
2016 226 886 19.3504119873047 678.964063302994
2016 227 887 20.4043975830078 666.352342347145
2016 228 888 19.3223510742188 653.998720369339
2016 229 889 18.2555862426758 642.45947273159
2016 230 890 19.2681251525879 649.940187979698
2016 231 891 19.4136405944824 657.18057890892
2016 232 892 19.348104095459 639.624741703033
2016 233 893 18.5817924499512 636.643130076408
2016 234 894 18.0757347106934 625.664601213455
2016 235 895 17.1729064941406 596.298061952591
2016 236 896 17.5881019592285 606.795961330414
2016 237 897 17.4555641174317 594.535791137695
2016 238 898 16.9620719909668 617.178164642334
2016 239 899 17.6544700622559 587.869476438522
2016 240 900 17.8663612365723 572.000238969803
2016 241 901 17.3996635437012 612.794774223328
2016 242 902 17.8554740905762 615.429253298759
2016 243 903 18.9448524475098 600.636969858169
2016 244 904 19.8818031311035 616.49729429245
2016 245 905 18.5317512512207 614.401274590492
2016 246 906 18.3630004882813 599.217352900505
2016 247 907 18.8872695922852 596.035491336822
2016 248 908 17.1297775268555 605.99047986412
2016 249 909 18.1243034362793 581.167545890808
2016 250 910 19.2486549377442 597.837810324669
2016 251 911 21.6520668029785 592.791341351509
2016 252 912 21.8291946411133 547.337481559753
2016 253 913 18.0815979003906 551.787628509998
2016 254 914 18.0594039916992 552.036848726749
2016 255 915 17.7091232299805 521.090492256164
2016 256 916 16.0789237976074 522.002774394512
2016 257 917 15.7208915710449 528.624613132477
2016 258 918 17.2424179077149 541.797034214497
2016 259 919 17.6335388183594 560.354177555561
2016 260 920 17.8743148803711 551.013309903145
2016 261 921 19.2109695434571 546.879119540214
2016 262 922 20.8419929504395 539.211517354488
2016 263 923 23.726335144043 527.66782126379
2016 264 924 22.1154151916504 507.708895602226
2016 265 925 18.6975799560547 486.432725362778
2016 266 926 16.4158111572266 533.960333862781
2016 267 927 16.9283576965332 512.27028109312
2016 268 928 19.9018989562989 499.743115520477
2016 269 929 22.1026397705078 512.216890585422
2016 270 930 23.743295288086 509.867218342304
2016 271 931 23.5236679077149 503.650346076012
2016 272 932 20.5390258789063 499.422699895859
2016 273 933 17.6019226074219 491.350136782646
2016 274 934 15.8218208312989 481.809007600784
2016 275 935 15.0730911254883 487.3672356534
2016 276 936 15.5973640441895 467.955681391716
2016 277 937 14.072282409668 274.485346150637
2016 278 938 16.6668525695801 367.889573969841
2016 279 939 16.1522079467774 471.996425513744
2016 280 940 16.5031143188477 467.991285899877
2016 281 941 17.1651664733887 444.930609133005
2016 282 942 19.3692489624024 441.357122172356
2016 283 943 19.9094367980957 452.931978854418
2016 284 944 17.9817214965821 423.716734623432
2016 285 945 16.1078239440918 388.854244643211
2016 286 946 15.1097351074219 393.210944344521
2016 287 947 15.3549133300781 371.342897258997
2016 288 948 18.043286895752 160.018552617699
2016 289 949 17.037442779541 158.060481673241
2016 290 950 17.4455123901367 148.666212928772
2016 291 951 16.4507766723633 264.454703808188
2016 292 952 14.8856979370117 379.304220823526
2016 293 953 15.8528038024903 399.654762053728
2016 294 954 17.3393569946289 396.285994777799
2016 295 955 17.7782188415528 393.331098313689
2016 296 956 16.8238845825196 355.544852111041
2016 297 957 14.8735595703125 354.450127077877
2016 298 958 17.4471908569336 281.489879169524
2016 299 959 17.481950378418 173.288905312806
2016 300 960 17.5604606628418 267.974779911458
2016 301 961 16.856332397461 204.204106767714
2016 302 962 16.9155899047852 57.2645514159463
2016 303 963 17.9827743530274 162.159073922723
2016 304 964 16.997029876709 147.967543128401
2016 305 965 14.6478477478028 260.649826353788
2016 306 966 15.1415534973145 269.999591353118
2016 307 967 13.7977920532227 324.215796571374
2016 308 968 15.1329742431641 339.706758884638
2016 309 969 15.9853302001953 330.69965640533
2016 310 970 14.9296699523926 310.629477177113
2016 311 971 16.4354911804199 190.831399333417
2016 312 972 16.5096145629883 233.975620328262
2016 313 973 17.030534362793 250.294321918338
2016 314 974 16.6936546325684 286.580857101247
2016 315 975 17.3094268798828 283.496898681573
2016 316 976 17.2380195617676 252.706310973413
2016 317 977 17.3621841430664 284.226728569291
2016 318 978 15.5634475708008 246.92555728456
2016 319 979 15.1714950561524 254.036894133482
2016 320 980 15.5343414306641 207.942228051169
2016 321 981 13.3109909057617 245.572715904459
2016 322 982 9.99847183227541 296.989768714359
2016 323 983 10.8556495666504 293.821261778218
2016 324 984 14.1889015197754 127.999707046986
2016 325 985 13.775594329834 76.1554416004418
2016 326 986 12.4868942260742 201.36935879159
2016 327 987 10.9659896850586 214.475057867527
2016 328 988 12.0920120239258 233.383745293498
2016 329 989 9.44656143188479 248.759019384622
2016 330 990 9.32219085693362 192.34445226264
2016 331 991 10.888314819336 89.4213443305491
2016 332 992 11.2130561828614 203.678984121799
2016 333 993 11.9092231750489 183.172684036255
2016 334 994 10.1006484985352 226.948831042409
2016 335 995 8.40639266967776 142.551705229998
2016 336 996 9.12516937255862 214.457254101396
2016 337 997 11.0308967590332 264.677210500479
2016 338 998 10.8234039306641 256.978448983431
2016 339 999 9.43735275268557 243.454438076973
2016 340 1000 9.54161605834963 177.080428304553
2016 341 1001 8.26882324218752 193.323487908125
2016 342 1002 6.88150558471682 157.691121473789
2016 343 1003 9.4057327270508 58.9734076287746
2016 344 1004 13.5727096557617 84.9044416680931
2016 345 1005 15.5067039489746 64.6874004589318
2016 346 1006 10.4423461914063 121.284428147823
2016 347 1007 9.82804260253909 199.638251592159
2016 348 1008 10.1858612060547 145.20399311173
2016 349 1009 12.6110549926758 75.4345177224278
2016 350 1010 14.8737617492676 48.0838871381282
2016 351 1011 11.9866996765137 164.780209568746
2016 352 1012 6.69642028808596 252.434848232031
2016 353 1013 6.29819259643557 255.291842190027
2016 354 1014 6.24081954956057 224.207537056446
2016 355 1015 6.85576019287112 233.997870578527
2016 356 1016 9.3364311218262 223.798125911951
2016 357 1017 9.8556838989258 243.70809918642
2016 358 1018 8.96834716796877 120.999623048067
2016 359 1019 7.04252014160159 178.931694261312
2016 360 1020 5.10161743164065 215.480783978701
2016 361 1021 5.06057891845705 245.336856434822
2016 362 1022 6.55174407958987 242.88926883316
2016 363 1023 6.67778930664065 243.004971955299
2016 364 1024 6.80006561279299 247.103569906473
2016 365 1025 8.39193496704104 224.527945120811
2016 366 1026 9.11009368896487 182.874522016764
2017 1 1027 8.27402267456057 225.737969936609
2017 2 1028 7.51304016113284 184.132467245102
2017 3 1029 8.50490722656252 100.229816387415
2017 4 1030 12.0077262878418 43.3457594352961
2017 5 1031 7.69972381591799 177.63551119414
2017 6 1032 5.08612976074221 266.723224924088
2017 7 1033 8.29859695434573 115.213865900993
2017 8 1034 15.1016555786133 47.4465178548098
2017 9 1035 14.0044647216797 104.718787064612
2017 10 1036 12.7625137329102 59.0973093414307
2017 11 1037 12.0393196105957 146.467082084298
2017 12 1038 9.03749237060549 151.442423565865
2017 13 1039 7.57746658325198 200.941551031113
2017 14 1040 8.63727722167971 272.16710918808
2017 15 1041 7.12851867675784 238.227650514126
2017 16 1042 7.47297821044924 265.197158594131
2017 17 1043 6.7995429992676 225.514856029987
2017 18 1044 8.15259704589846 118.622980105877
2017 19 1045 10.8814140319824 149.545990640759
2017 20 1046 10.8029457092285 180.259277989388
2017 21 1047 10.2941070556641 187.630823182106
2017 22 1048 11.101148223877 178.974170283556
2017 23 1049 8.8111511230469 232.078748955727
2017 24 1050 7.85997543334963 245.005724907398
2017 25 1051 7.01927337646487 276.276790218353
2017 26 1052 8.55116806030276 282.510469935417
2017 27 1053 8.21021423339846 311.322857761383
2017 28 1054 8.52431259155276 315.017569601059
2017 29 1055 8.51667556762698 291.98371006012
2017 30 1056 8.38553771972659 310.176078243256
2017 31 1057 8.45761642456057 298.931343794823
2017 32 1058 9.44473419189455 259.927304301262
2017 33 1059 11.9587799072266 168.273824211121
2017 34 1060 15.3023887634278 152.19207331872
2017 35 1061 13.5755516052246 173.47228350544
2017 36 1062 12.1400924682617 191.69588158226
2017 37 1063 13.525163269043 139.006293017387
2017 38 1064 14.7355171203614 71.1675432944298
2017 39 1065 15.3352180480957 96.4057201395035
2017 40 1066 16.4014335632324 41.2931500768661
2017 41 1067 14.0864501953125 131.242067394376
2017 42 1068 11.3805633544922 322.447121088028
2017 43 1069 11.8146415710449 376.988523097992
2017 44 1070 10.2868743896485 322.491736661911
2017 45 1071 11.659139251709 340.942920535088
2017 46 1072 12.5091339111328 283.010241981506
2017 47 1073 15.4163719177246 217.857729331017
2017 48 1074 12.5838829040528 173.026064008474
2017 49 1075 13.1137939453125 179.326680946827
2017 50 1076 10.8054252624512 204.14540688324
2017 51 1077 13.0861183166504 56.7680402054787
2017 52 1078 13.5990921020508 178.519022661177
2017 53 1079 9.96575317382815 348.269832970098
2017 54 1080 7.61257705688479 413.623143723249
2017 55 1081 7.91759262084963 411.50360070315
2017 56 1082 7.94712219238284 378.03266983287
2017 57 1083 8.49106750488284 404.364086483628
2017 58 1084 8.98813400268557 423.75679748375
2017 59 1085 7.98346481323244 444.024065919817
2017 60 1086 8.94146499633791 453.791821092397
2017 61 1087 10.9801345825196 463.858526724368
2017 62 1088 11.3281036376953 447.018210020572
2017 63 1089 11.6302238464356 349.086412903756
2017 64 1090 10.2084060668946 319.560071564168
2017 65 1091 8.18707809448244 353.85203964135
2017 66 1092 8.77027282714846 364.601460608482
2017 67 1093 10.8981491088867 422.056684227228
2017 68 1094 13.6397720336914 455.773021560311
2017 69 1095 14.6403099060059 363.927675223827
2017 70 1096 15.0394989013672 427.317631659865
2017 71 1097 14.6956573486328 499.39543182683
2017 72 1098 14.233903503418 514.745407042861
2017 73 1099 17.5149246215821 503.804084327698
2017 74 1100 16.1205764770508 465.023158110738
2017 75 1101 14.2630210876465 427.35777610004
2017 76 1102 13.5003829956055 484.920082010269
2017 77 1103 15.6111160278321 363.651018218398
2017 78 1104 15.5103355407715 323.192295360029
2017 79 1105 14.7925125122071 294.794891152143
2017 80 1106 15.9559875488281 234.068885233343
2017 81 1107 13.7399269104004 413.346492766023
2017 82 1108 11.2702842712403 471.676293398619
2017 83 1109 12.5271011352539 223.319454469383
2017 84 1110 12.8581367492676 332.388881944418
2017 85 1111 12.5735565185547 379.219615290642
2017 86 1112 13.5288787841797 374.855599280357
2017 87 1113 14.0269790649414 525.50821932888
2017 88 1114 16.1639419555664 553.329997769833
2017 89 1115 15.8058601379395 571.81240397644
2017 90 1116 14.5174385070801 586.90801283741
2017 91 1117 17.1504379272461 587.291764734745
2017 92 1118 16.8037086486817 583.440882257938
2017 93 1119 16.8811508178711 601.896508535862
2017 94 1120 14.8220420837403 590.263575249195
2017 95 1121 15.985726928711 465.228418353558
2017 96 1122 15.7379127502442 304.901762645006
2017 97 1123 13.6013656616211 258.071035598993
2017 98 1124 11.8920799255371 422.154862934589
2017 99 1125 9.64050064086916 598.755138175964
2017 100 1126 11.7221237182617 564.003573741913
2017 101 1127 14.655591583252 367.907948913097
2017 102 1128 15.4560256958008 271.234504081249
2017 103 1129 14.0953308105469 470.471498261929
2017 104 1130 11.1769348144531 598.96041114521
2017 105 1131 12.3428970336914 626.362728093147
2017 106 1132 13.6841751098633 429.629034531593
2017 107 1133 14.0445343017578 192.628482404947
2017 108 1134 14.5725799560547 391.16937862587
2017 109 1135 14.0529991149903 598.152753334045
2017 110 1136 15.6020294189453 556.806033319473
2017 111 1137 15.5378051757813 667.92808962059
2017 112 1138 15.9704452514649 574.337989197731
2017 113 1139 15.0477577209473 542.321765680313
2017 114 1140 14.2376266479492 447.92849924469
2017 115 1141 14.1911598205567 485.959781126976
2017 116 1142 15.7123046875 352.183178809643
2017 117 1143 14.9886985778809 471.810159524918
2017 118 1144 15.828572845459 696.883268451691
2017 119 1145 17.8914047241211 703.616734327316
2017 120 1146 17.7082267761231 696.321041658401
2017 121 1147 20.3622909545899 690.770065904617
2017 122 1148 22.9655586242676 684.045521127701
2017 123 1149 23.5057884216309 686.142759542465
2017 124 1150 21.0363441467285 679.088019197464
2017 125 1151 16.8576141357422 678.748898498535
2017 126 1152 14.1700874328614 616.827024148941
2017 127 1153 16.5040718078614 609.919555519104
2017 128 1154 17.2074409484864 705.316807443619
2017 129 1155 18.795915222168 702.148652114868
2017 130 1156 17.2421356201172 692.086398715973
2017 131 1157 14.08583984375 600.459688607566
2017 132 1158 14.8600402832031 711.862847483238
2017 133 1159 14.1157814025879 735.588335748164
2017 134 1160 14.0963684082031 706.307416115921
2017 135 1161 14.2248207092285 684.768412801791
2017 136 1162 14.455899810791 608.027583344173
2017 137 1163 14.4703575134278 584.047749274686
2017 138 1164 16.7500205993653 744.445799525023
2017 139 1165 19.8453994750977 737.529395581625
2017 140 1166 21.0251899719239 731.451886761576
2017 141 1167 22.4063316345215 736.40045868618
2017 142 1168 20.9593139648438 734.321091221422
2017 143 1169 19.4761596679688 717.213023143887
2017 144 1170 17.0294357299805 652.836943356544
2017 145 1171 15.1251960754395 627.295340413719
2017 146 1172 15.3094039916992 595.274611142933
2017 147 1173 15.5817924499512 675.781532278895
2017 148 1174 15.8702865600586 696.959112312704
2017 149 1175 16.1596046447754 684.05445416531
2017 150 1176 15.4008918762207 658.45930998224
2017 151 1177 16.1976028442383 562.12497416243
2017 152 1178 17.9533515930176 700.872464027196
2017 153 1179 18.790128326416 732.705775126576
2017 154 1180 18.7963233947754 646.65233714813
2017 155 1181 18.5080352783203 754.039517922252
2017 156 1182 17.8788009643555 765.284239612758
2017 157 1183 18.6464019775391 765.293174603432
2017 158 1184 16.8280807495117 693.36259414339
2017 159 1185 15.8436485290528 273.322814136311
2017 160 1186 17.9450927734375 311.487957813501
2017 161 1187 16.0067916870117 717.0746984213
2017 162 1188 15.6090484619141 738.435224579275
2017 163 1189 15.163404083252 612.788730556965
2017 164 1190 16.5026260375977 643.350310211897
2017 165 1191 19.4086242675781 748.01999393636
2017 166 1192 20.5231643676758 744.994642402172
2017 167 1193 22.9213653564453 720.318703375757
2017 168 1194 25.0318962097168 729.564389079154
2017 169 1195 28.2274299621582 736.007786753297
2017 170 1196 26.9898124694824 726.472069389641
2017 171 1197 23.7899490356446 735.146572612882
2017 172 1198 22.5331245422364 746.266374823153
2017 173 1199 26.1022392272949 737.109946728408
2017 174 1200 22.4860397338867 706.084288935542
2017 175 1201 19.3165260314942 667.780833214939
2017 176 1202 18.3285766601563 657.223269957364
2017 177 1203 17.8467956542969 723.375315800667
2017 178 1204 17.6099258422852 721.965264516294
2017 179 1205 17.795987701416 747.038331291914
2017 180 1206 18.3864036560059 756.81945800072
2017 181 1207 18.3802085876465 756.18138057369
2017 182 1208 18.1689468383789 761.442292095125
2017 183 1209 19.279557800293 746.904463275552
2017 184 1210 18.7944656372071 731.987343297005
2017 185 1211 19.1668067932129 750.117252952814
2017 186 1212 18.4580627441406 744.494893036842
2017 187 1213 20.0337348937989 707.762088349044
2017 188 1214 23.2854438781739 743.196387428403
2017 189 1215 26.0859237670899 745.86923787564
2017 190 1216 21.5133796691895 751.536202214122
2017 191 1217 21.1181198120117 757.930549280882
2017 192 1218 20.2800994873047 745.1106558097
2017 193 1219 19.4662414550781 744.325311140656
2017 194 1220 20.1582618713379 746.498402961254
2017 195 1221 19.9438987731934 745.597028945148
2017 196 1222 21.3518882751465 742.55828631258
2017 197 1223 25.6159072875977 733.892697887838
2017 198 1224 24.8470664978028 739.880959943473
2017 199 1225 20.1454559326172 747.283748323321
2017 200 1226 18.9284912109375 757.270153419554
2017 201 1227 19.6934104919434 748.55548276037
2017 202 1228 20.1553741455078 740.974203072518
2017 203 1229 20.9902893066406 739.247345428377
2017 204 1230 23.228646850586 714.740965239376
2017 205 1231 20.2346664428711 692.17565528509
2017 206 1232 19.5502906799317 675.134523074299
2017 207 1233 19.672135925293 685.34402793318
2017 208 1234 20.9551788330078 723.518094425887
2017 209 1235 22.0657936096192 726.34267376703
2017 210 1236 19.9023910522461 729.198479221731
2017 211 1237 19.2099700927735 708.935661798075
2017 212 1238 19.9174667358399 691.430463010237
2017 213 1239 20.5339027404785 679.78858262074
2017 214 1240 22.7637992858887 678.820307200044
2017 215 1241 24.4181533813477 562.004501489215
2017 216 1242 23.2358795166016 504.143218115315
2017 217 1243 22.0982109069824 518.252691245064
2017 218 1244 19.5112625122071 651.62766768308
2017 219 1245 19.0716033935547 639.561909002241
2017 220 1246 18.8659225463867 627.616613004845
2017 221 1247 18.7031951904297 625.885286544291
2017 222 1248 18.3638969421387 656.61194394072
2017 223 1249 18.9966407775879 653.644588669173
2017 224 1250 20.1405006408692 679.922451393127
2017 225 1251 19.2411514282227 679.819830533028
2017 226 1252 18.6195503234864 619.200916419029
2017 227 1253 17.8742614746094 602.900508641243
2017 228 1254 17.9502655029297 615.216169075966
2017 229 1255 19.4815307617188 596.095656839371
2017 230 1256 19.6153503417969 606.916493942261
2017 231 1257 19.3607154846192 621.266912843704
2017 232 1258 19.0947319030762 595.225548313141
2017 233 1259 18.8915229797364 613.047550783157
2017 234 1260 19.0381484985352 573.539276678085
2017 235 1261 20.1198516845703 616.773480420113
2017 236 1262 19.277906036377 643.002252537727
2017 237 1263 19.0930839538574 630.628593873024
2017 238 1264 21.0856986999512 638.852423539162
2017 239 1265 24.5414367675781 622.128135552406
2017 240 1266 24.3215003967285 625.505994158745
2017 241 1267 21.9712120056153 618.344166356087
2017 242 1268 19.5162178039551 628.924026942253
2017 243 1269 20.771802520752 627.500606673241
2017 244 1270 27.9114700317383 613.136808139801
2017 245 1271 29.276082611084 602.382912542343
2017 246 1272 28.6311546325684 599.192433298111
2017 247 1273 25.1816116333008 470.703539063454
2017 248 1274 24.3151031494141 486.455091615677
2017 249 1275 22.7644172668457 502.933979329586
2017 250 1276 20.8756805419922 434.149236803532
2017 251 1277 19.5674339294434 473.019411430836
2017 252 1278 20.88125 546.172631020546
2017 253 1279 22.8559013366699 564.476565355301
2017 254 1280 26.4720970153809 547.618372180939
2017 255 1281 24.059644317627 507.81114953804
2017 256 1282 21.0497680664063 475.362071791172
2017 257 1283 18.5635887145996 503.74162756443
2017 258 1284 17.807763671875 549.140001650333
2017 259 1285 18.7985969543457 528.404182359695
2017 260 1286 18.5433555603028 525.548363265037
2017 261 1287 19.8443618774414 479.163853447914
2017 262 1288 17.688809967041 499.502523064613
2017 263 1289 18.6453720092774 438.919318546295
2017 264 1290 16.5734535217285 461.703285007954
2017 265 1291 15.9989410400391 516.240248645306
2017 266 1292 17.4521575927735 507.52110798645
2017 267 1293 17.8420425415039 525.441280343533
2017 268 1294 19.2394958496094 504.312775456428
2017 269 1295 20.7763458251953 509.301519880772
2017 270 1296 22.7658554077149 506.914246466637
2017 271 1297 21.5875183105469 501.318642538547
2017 272 1298 19.4660354614258 456.437909409046
2017 273 1299 17.9702926635742 450.155127107859
2017 274 1300 19.5566917419434 481.127210867882
2017 275 1301 19.8573738098145 494.924344739437
2017 276 1302 16.2192855834961 492.305022459507
2017 277 1303 16.8039222717285 477.343272164583
2017 278 1304 16.8749633789063 478.159875771284
2017 279 1305 18.1377731323242 475.009550795555
2017 280 1306 18.5404563903809 469.17299807167
2017 281 1307 18.7575088500977 455.915818487644
2017 282 1308 21.1234870910645 463.28736418438
2017 283 1309 18.023152923584 451.533945663452
2017 284 1310 16.3630157470703 430.592868272066
2017 285 1311 15.2391983032227 440.289206678867
2017 286 1312 15.0630432128906 447.272552529335
2017 287 1313 17.5114265441895 439.56188310957
2017 288 1314 17.2923179626465 431.422831224084
2017 289 1315 19.5742546081543 402.91387819016
2017 290 1316 18.5216690063477 372.892233544111
2017 291 1317 15.0081077575684 393.587875633478
2017 292 1318 14.8137794494629 305.718345209003
2017 293 1319 15.1066070556641 344.08876190269
2017 294 1320 12.8504920959473 373.481237872004
2017 295 1321 14.6950393676758 370.174747299314
2017 296 1322 19.2692352294922 380.196850965858
2017 297 1323 21.8216987609864 379.585515036225
2017 298 1324 22.0335746765137 377.461510931253
2017 299 1325 20.1055961608887 373.78466648984
2017 300 1326 19.9166389465332 371.540178914666
2017 301 1327 17.1568428039551 368.331865159273
2017 302 1328 15.9095245361328 355.868956257164
2017 303 1329 14.4841934204102 318.225890538692
2017 304 1330 13.1633583068848 349.081963033259
2017 305 1331 13.2798286437989 331.996210113913
2017 306 1332 13.7027603149414 310.992664429873
2017 307 1333 15.8314643859864 215.367822802871
2017 308 1334 14.7055717468262 105.053450695053
2017 309 1335 11.100732421875 276.316950629562
2017 310 1336 11.5257316589356 326.373838385045
2017 311 1337 11.358659362793 326.980710567966
2017 312 1338 12.204736328125 196.631072732955
2017 313 1339 16.2207313537598 181.071399531513
2017 314 1340 14.5314842224121 184.458206193589
2017 315 1341 13.1170936584473 211.838236003526
2017 316 1342 12.2685447692871 236.273210901007
2017 317 1343 14.2314239501953 211.048423736766
2017 318 1344 13.9784523010254 247.620571088266
2017 319 1345 12.1696258544922 145.628187092861
2017 320 1346 14.8439308166504 134.276361644379
2017 321 1347 12.3358703613281 217.063458355745
2017 322 1348 11.1585594177246 296.785039484819
2017 323 1349 10.6011901855469 284.973606339089
2017 324 1350 13.4200492858887 138.756408506393
2017 325 1351 14.2291542053223 189.817308621168
2017 326 1352 14.2997756958008 220.303024159908
2017 327 1353 15.1551414489746 226.559009269834
2017 328 1354 15.8306327819824 200.415009514689
2017 329 1355 15.9229446411133 236.018872660637
2017 330 1356 16.3739677429199 101.260586215138
2017 331 1357 12.8298431396485 181.68718016547
2017 332 1358 10.2639556884766 228.071695589781
2017 333 1359 10.7787834167481 261.497997545481
2017 334 1360 11.7985282897949 259.65511628747
2017 335 1361 10.5508018493653 241.28425052762
2017 336 1362 9.91846618652346 197.818012284279
2017 337 1363 11.7944007873535 239.231652761579
2017 338 1364 10.3703056335449 266.076211403847
2017 339 1365 11.3539138793946 266.558126132011
2017 340 1366 10.1861015319824 261.297197221994
2017 341 1367 9.49078140258791 261.239192439795
2017 342 1368 9.86043319702151 255.871173048019
2017 343 1369 10.4954544067383 239.735875906706
2017 344 1370 9.43048248291018 254.055056598186
2017 345 1371 9.52981338500979 245.728610104084
2017 346 1372 10.2247177124024 254.608372625113
2017 347 1373 9.1750312805176 251.480369296789
2017 348 1374 9.61097106933596 253.189388964653
2017 349 1375 9.9434524536133 208.643299100161
2017 350 1376 11.7741638183594 227.455915869355
2017 351 1377 12.8164192199707 247.660731834173
2017 352 1378 9.5246520996094 243.104831306934
2017 353 1379 8.49953613281252 224.617957494736
2017 354 1380 11.0786376953125 220.187000987053
2017 355 1381 7.31664047241213 253.62668081069
2017 356 1382 6.82184753417971 239.544000462055
2017 357 1383 8.15445098876955 211.320618728042
2017 358 1384 9.07611236572268 164.003503930092
2017 359 1385 9.23966369628909 156.712278992772
2017 360 1386 9.44658432006838 216.389672949433
2017 361 1387 8.57264099121096 228.210028313637
2017 362 1388 8.53959808349612 227.960148086786
2017 363 1389 8.95591888427737 232.065368819714
2017 364 1390 9.18804321289065 218.027298752785
2017 365 1391 9.33238754272463 192.56154971981
2018 1 1392 10.2044654846192 192.376216414213
2018 2 1393 11.0273834228516 200.623966469288
2018 3 1394 11.1534973144531 122.537297390699
2018 4 1395 11.9987312316895 111.691557065964
2018 5 1396 14.9322410583496 112.140865934372
2018 6 1397 12.4101844787598 139.046136685491
2018 7 1398 9.88068161010744 191.126159554005
2018 8 1399 10.1540237426758 52.0933667153119
2018 9 1400 13.265340423584 60.6302731423377
2018 10 1401 11.1315818786621 83.456154403448
2018 11 1402 11.6335960388184 101.108286175609
2018 12 1403 11.2709365844727 164.607917943954
2018 13 1404 10.2683616638184 225.625217077255
2018 14 1405 9.49445877075198 222.528978908539
2018 15 1406 9.77069244384768 203.675719604492
2018 16 1407 11.9420715332031 165.90691383481
2018 17 1408 12.1928764343262 124.258916220426
2018 18 1409 11.8484169006348 141.639685936451
2018 19 1410 10.7453590393067 205.530794416785
2018 20 1411 7.84431228637698 278.964200642109
2018 21 1412 7.38696441650393 262.330805042744
2018 22 1413 10.9630752563477 191.855727510452
2018 23 1414 10.4651924133301 207.657238215446
2018 24 1415 9.08548507690432 221.109877056122
2018 25 1416 9.63733062744143 200.548338989019
2018 26 1417 8.2958808898926 255.012818195343
2018 27 1418 8.78341445922854 255.293084843636
2018 28 1419 10.8625846862793 283.052487668037
2018 29 1420 10.4321075439453 240.964072546959
2018 30 1421 10.6711250305176 243.659931301594
2018 31 1422 11.3534408569336 316.80862885189
2018 32 1423 12.5886207580567 299.788205749512
2018 33 1424 14.1314521789551 308.876731808662
2018 34 1425 16.2885757446289 322.800921782493
2018 35 1426 16.8276000976563 299.183195987701
2018 36 1427 14.4389053344727 312.222100479126
2018 37 1428 15.3775993347168 342.704069408417
2018 38 1429 16.235440826416 350.609259605408
2018 39 1430 15.5746437072754 347.312839037895
2018 40 1431 14.7680679321289 348.122485699654
2018 41 1432 14.0371757507324 346.827926417351
2018 42 1433 12.5245185852051 353.54089392662
2018 43 1434 9.49032363891604 327.956880357742
2018 44 1435 9.9433303833008 371.744669019699
2018 45 1436 11.0798927307129 354.297167217255
2018 46 1437 10.1912399291992 381.060088356018
2018 47 1438 10.3508621215821 396.261021623611
2018 48 1439 11.0091758728028 395.620432302475
2018 49 1440 12.8119140625 371.188601312637
2018 50 1441 7.3917175292969 409.606889698546
2018 51 1442 5.49345550537112 406.813161958858
2018 52 1443 7.4119812011719 409.718111949213
2018 53 1444 8.23881683349612 424.376323715184
2018 54 1445 6.69287261962893 423.037274867155
2018 55 1446 6.25453720092776 432.975496438287
2018 56 1447 8.63413009643557 390.824806181148
2018 57 1448 10.8725105285645 267.807061991747
2018 58 1449 8.7426811218262 398.685519928664
2018 59 1450 7.76760253906252 377.812577995688
2018 60 1451 11.2510848999024 166.035927467756
2018 61 1452 9.28397521972659 321.048175626516
2018 62 1453 7.8759475708008 371.940403910577
2018 63 1454 7.07268676757815 316.532817177266
2018 64 1455 9.26846847534182 436.983698372066
2018 65 1456 10.7228218078614 465.712916735232
2018 66 1457 13.2467323303223 319.179743295968
2018 67 1458 14.3524871826172 357.949491363645
2018 68 1459 13.1369377136231 360.462960397243
2018 69 1460 13.1098609924317 270.694210905373
2018 70 1461 11.8192687988281 378.906951949596
2018 71 1462 14.4908004760742 440.951884539604
2018 72 1463 16.128751373291 190.983799546301
2018 73 1464 11.4549537658692 268.905864210367
2018 74 1465 9.73781738281252 335.292661394954
2018 75 1466 10.5075813293457 297.888641304552
2018 76 1467 9.04020462036135 404.895795653582
2018 77 1468 8.71560058593752 409.989469335318
2018 78 1469 10.7135215759278 453.13220056653
2018 79 1470 12.8964782714844 326.221914909124
2018 80 1471 13.9457870483399 155.617257723689
2018 81 1472 15.460294342041 190.645703104168
2018 82 1473 9.72602996826174 493.525691103697
2018 83 1474 10.9953285217285 438.714233827352
2018 84 1475 9.4727493286133 530.386976182461
2018 85 1476 10.6529365539551 559.432024750709
2018 86 1477 13.9612899780274 570.113178616524
2018 87 1478 15.7135787963867 565.820277875423
2018 88 1479 17.8518844604492 573.64983832407
2018 89 1480 17.8076377868653 566.060498870849
2018 90 1481 17.1935668945313 520.457654714584
2018 91 1482 15.0980545043946 581.27923250246
2018 92 1483 15.7772613525391 575.393694882393
2018 93 1484 14.5937705993653 599.892268795013
2018 94 1485 15.0292068481446 573.316193768501
2018 95 1486 14.1872840881348 394.219106621265
2018 96 1487 14.1889358520508 133.685546439469
2018 97 1488 16.4182106018067 290.833132963836
2018 98 1489 14.000577545166 583.05422016716
2018 99 1490 14.5830207824707 610.755793103218
2018 100 1491 18.082837677002 547.572005652427
2018 101 1492 12.9849754333496 387.951002047539
2018 102 1493 11.4745994567871 513.940437279701
2018 103 1494 12.2090087890625 599.491902989387
2018 104 1495 14.8034187316895 637.705557330131
2018 105 1496 15.5483795166016 639.649596791267
2018 106 1497 10.8671356201172 441.445694066048
2018 107 1498 10.3068214416504 554.280544869423
2018 108 1499 11.6304908752442 439.136860294342
2018 109 1500 12.0992141723633 597.988253314018
2018 110 1501 14.7029396057129 661.114215916633
2018 111 1502 16.3729377746582 657.417383173942
2018 112 1503 18.0613342285156 664.837697039604
2018 113 1504 19.4313179016114 662.560011510849
2018 114 1505 17.6813064575196 655.397719004631
2018 115 1506 15.3395553588867 634.996345656395
2018 116 1507 14.3907333374024 627.722830738067
2018 117 1508 14.0915542602539 591.742370340347
2018 118 1509 14.2226310729981 548.061350597381
2018 119 1510 14.0659156799317 463.97795802784
2018 120 1511 14.0847259521485 487.075203739166
2018 121 1512 14.7558685302735 630.2941353302
2018 122 1513 16.0146156311035 689.122729082107
2018 123 1514 15.5316291809082 657.608682779312
2018 124 1515 15.7164741516114 659.014446329117
2018 125 1516 17.2899070739746 532.953840889931
2018 126 1517 15.0769592285156 600.350460456848
2018 127 1518 16.8666740417481 682.28963721466
2018 128 1519 18.0015769958496 693.620279323578
2018 129 1520 17.3827529907227 678.824150234222
2018 130 1521 16.7556434631348 689.785563692093
2018 131 1522 18.1407257080078 676.822301214736
2018 132 1523 23.3252235412598 736.927612390164
2018 133 1524 16.4783836364746 636.740194154385
2018 134 1525 14.574536895752 642.407738431223
2018 135 1526 14.7585540771485 581.844190740395
2018 136 1527 14.9433952331543 500.71467190203
2018 137 1528 15.0889602661133 526.062922004674
2018 138 1529 16.0175148010254 665.109063942965
2018 139 1530 15.6496902465821 705.996361151792
2018 140 1531 14.9429870605469 679.509259728297
2018 141 1532 15.5458923339844 679.544835932761
2018 142 1533 16.0942245483399 637.042713175327
2018 143 1534 15.134236907959 581.568384669021
2018 144 1535 14.5230575561524 626.646288208216
2018 145 1536 14.2007232666016 405.896747748405
2018 146 1537 14.8569732666016 329.883132260039
2018 147 1538 17.5897155761719 616.13418766664
2018 148 1539 21.7809349060059 726.891531481176
2018 149 1540 23.8795372009278 739.067400819212
2018 150 1541 18.1899353027344 714.960338332742
2018 151 1542 14.6675849914551 716.819843421876
2018 152 1543 15.8471427917481 740.188446275174
2018 153 1544 21.6393028259278 742.083572095513
2018 154 1545 23.8503890991211 746.621166477799
2018 155 1546 21.7699752807617 751.630306102544
2018 156 1547 17.433610534668 747.45750940144
2018 157 1548 16.0656944274903 729.832075718224
2018 158 1549 15.8998695373535 744.872845369488
2018 159 1550 17.3273292541504 752.061840532303
2018 160 1551 18.1006141662598 700.035187884807
2018 161 1552 17.3635154724121 745.918283253848
2018 162 1553 18.803598022461 751.950622026324
2018 163 1554 22.4148574829102 756.154565930843
2018 164 1555 21.8442054748535 758.227613740623
2018 165 1556 20.3987442016602 753.009394653678
2018 166 1557 18.5466018676758 752.640155733287
2018 167 1558 16.813119506836 718.941845130801
2018 168 1559 16.0127540588379 713.252035408377
2018 169 1560 18.1798072814942 683.566406276286
2018 170 1561 18.5315032958985 725.192158412814
2018 171 1562 17.68544921875 756.261352553427
2018 172 1563 17.8039184570313 773.726632228136
2018 173 1564 20.9663063049317 762.587254947424
2018 174 1565 25.074609375 762.751868875265
2018 175 1566 23.4670539855957 716.35719070667
2018 176 1567 18.3691955566406 686.360124569595
2018 177 1568 18.7928405761719 757.649300807714
2018 178 1569 17.7786918640137 699.358991913438
2018 179 1570 17.4664894104004 750.140031365514
2018 180 1571 20.4667716979981 752.417705427885
2018 181 1572 24.4291130065918 757.297858912229
2018 182 1573 22.1638542175293 724.364703007757
2018 183 1574 19.0295845031739 693.428993578672
2018 184 1575 18.7669998168946 746.674565868795
2018 185 1576 18.1748481750489 705.533682818353
2018 186 1577 18.1099296569824 728.533071322083
2018 187 1578 22.1284996032715 589.607042740226
2018 188 1579 23.3024765014649 701.5121504336
2018 189 1580 21.9562736511231 746.861386906206
2018 190 1581 21.7048469543457 751.616971422553
2018 191 1582 24.2426124572754 744.877310675502
2018 192 1583 21.5408874511719 725.405702172994
2018 193 1584 20.8720222473145 705.386882484972
2018 194 1585 21.5460525512696 636.277536584079
2018 195 1586 20.9981437683106 681.818093641758
2018 196 1587 19.0138717651367 711.7172895298
2018 197 1588 19.3153282165528 697.588464861095
2018 198 1589 19.5961090087891 731.326810217082
2018 199 1590 20.7204643249512 735.664201724887
2018 200 1591 20.9259887695313 717.629508795261
2018 201 1592 21.0665756225586 705.96077380383
2018 202 1593 21.7846542358399 633.66175310114
2018 203 1594 20.5271392822266 629.475593873113
2018 204 1595 20.4032989501953 696.992329418927
2018 205 1596 20.0197578430176 712.313392746389
2018 206 1597 21.7887931823731 722.434003739297
2018 207 1598 21.7503295898438 702.206118859052
2018 208 1599 19.6693016052246 718.198901605993
2018 209 1600 19.4215980529785 718.292336443513
2018 210 1601 19.1672798156739 713.069658602774
2018 211 1602 19.2175308227539 642.385501592532
2018 212 1603 19.6056190490723 675.220784286871
2018 213 1604 19.4501358032227 696.405112555385
2018 214 1605 18.2587867736817 715.107137894347
2018 215 1606 19.2514358520508 718.216737046435
2018 216 1607 21.949235534668 699.367891071662
2018 217 1608 20.670011138916 707.01063581445
2018 218 1609 20.7866264343262 704.110140994645
2018 219 1610 20.4917922973633 702.321801749639
2018 220 1611 18.3532806396485 688.722329180527
2018 221 1612 20.127889251709 690.128121455356
2018 222 1613 21.8884521484375 692.432490476254
2018 223 1614 22.7434059143067 674.130870248359
2018 224 1615 21.1509414672852 662.995958891868
2018 225 1616 19.6306358337403 655.03292973423
2018 226 1617 17.6982627868653 631.957940400123
2018 227 1618 17.8417526245117 631.824469675064
2018 228 1619 18.5331550598145 648.511258806229
2018 229 1620 19.9556671142578 654.757121619224
2018 230 1621 20.7789855957031 664.931132696152
2018 231 1622 20.0418830871582 676.261754644394
2018 232 1623 18.8763748168946 673.846158001899
2018 233 1624 16.869775390625 604.714576262474
2018 234 1625 17.5028701782227 597.458861204147
2018 235 1626 17.4321609497071 595.781732952118
2018 236 1627 16.7690902709961 593.681995621681
2018 237 1628 17.5882621765137 614.968644371986
2018 238 1629 17.3397384643555 602.81501225853
2018 239 1630 17.2287078857422 572.368629944801
2018 240 1631 17.3358169555664 525.853836805343
2018 241 1632 17.5888877868653 572.933606654167
2018 242 1633 18.3371482849121 560.112683413505
2018 243 1634 18.1510673522949 606.587442492485
2018 244 1635 18.9183479309082 607.828612275123
2018 245 1636 19.6949401855469 611.854602311134
2018 246 1637 19.0484024047852 582.911882777214
2018 247 1638 18.4709220886231 583.401216633797
2018 248 1639 18.3911109924317 581.003406746864
2018 249 1640 17.0101676940918 565.224149394989
2018 250 1641 18.4746414184571 595.919653138161
2018 251 1642 20.0532585144043 590.29213637352
2018 252 1643 19.455094909668 582.631595968246
2018 253 1644 19.1677032470703 588.490448414802
2018 254 1645 19.9639297485352 582.017698372841
2018 255 1646 18.1777397155762 571.612373790741
2018 256 1647 17.0041748046875 523.682912131309
2018 257 1648 16.4725891113281 535.965555932522
2018 258 1649 17.5934349060059 531.677097596168
2018 259 1650 16.1370178222656 562.995384248256
2018 260 1651 16.6774917602539 524.875134315014
2018 261 1652 16.6038833618164 522.401715848446
2018 262 1653 16.8371063232422 540.15615082407
2018 263 1654 20.0077644348145 544.822764454365
