Year DOY_disc DOY TA_C PAR_umol_m2_day
2014 71 1 16.6513343811035 517.620806815147
2014 72 2 15.9438262939453 520.252369018912
2014 73 3 14.0693717956543 485.016823387504
2014 74 4 15.3057266235352 512.180154811382
2014 75 5 15.3765235900879 520.66507857585
2014 76 6 14.9809204101563 501.374284489632
2014 77 7 14.2878967285156 538.109775524378
2014 78 8 13.6656547546387 541.318255479336
2014 79 9 15.2908569335938 498.365500053167
2014 80 10 13.8048568725586 486.716471743584
2014 81 11 13.3874565124512 513.65790835166
2014 82 12 13.4378143310547 544.313724293947
2014 83 13 13.8649383544922 563.657774819374
2014 84 14 14.069181060791 403.043149572611
2014 85 15 13.1015182495117 241.24809802711
2014 86 16 13.036279296875 396.342180941105
2014 87 17 14.3927932739258 409.038525826454
2014 88 18 15.1950775146485 225.108094376206
2014 89 19 11.6736160278321 320.812082781315
2014 90 20 11.2786231994629 354.663066836834
2014 91 21 9.12655029296877 303.709100454569
2014 92 22 10.1174179077149 369.720272635937
2014 93 23 11.2232872009278 389.073197638512
2014 94 24 12.3749671936035 397.380600358963
2014 95 25 11.9226699829102 536.19269769001
2014 96 26 14.6039672851563 600.459831110954
2014 97 27 17.677693939209 604.68454189682
2014 98 28 19.4032302856446 591.766319206238
2014 99 29 17.9711700439453 565.552678683281
2014 100 30 15.5139289855957 604.666805542946
2014 101 31 16.3421989440918 551.232129333973
2014 102 32 13.9797492980957 519.031994594574
2014 103 33 14.529012298584 590.337382976532
2014 104 34 16.2563453674317 639.356503921509
2014 105 35 16.2186637878418 633.077119954109
2014 106 36 17.0296836853028 635.366985554695
2014 107 37 17.2602973937989 631.972120410919
2014 108 38 16.9709831237793 647.308904371262
2014 109 39 14.719571685791 652.829443553925
2014 110 40 15.9323249816895 661.243373265266
2014 111 41 16.790731048584 558.403497672081
2014 112 42 14.5774017333985 559.601675823212
2014 113 43 13.3047653198242 670.780041897774
2014 114 44 15.2872863769531 589.658400673866
2014 115 45 14.4885650634766 384.68872055912
2014 116 46 11.2817855834961 551.072375640869
2014 117 47 13.1873718261719 373.998237844944
2014 118 48 13.8572059631348 594.637531984329
2014 119 49 18.7379623413086 691.295648654938
2014 120 50 22.0331779479981 697.623848672867
2014 121 51 22.3944717407227 685.389044641495
2014 122 52 20.218408203125 675.177844175339
2014 123 53 17.2382789611817 691.837041406631
2014 124 54 15.9820991516114 630.93812374115
2014 125 55 15.7953125 632.668833019257
2014 126 56 15.0788703918457 661.119101856232
2014 127 57 16.1127754211426 707.724102928162
2014 128 58 14.9386917114258 551.232142942429
2014 129 59 16.5607162475586 496.847810735703
2014 130 60 15.6731620788574 719.692638875961
2014 131 61 17.5613037109375 709.543567923381
2014 132 62 19.22060546875 733.822384144288
2014 133 63 22.0474563598633 727.760442129594
2014 134 64 24.2441345214844 732.522124506915
2014 135 65 23.7930198669434 715.481249769995
2014 136 66 20.4984031677246 696.301408051126
2014 137 67 18.2013908386231 722.901135660358
2014 138 68 18.0653587341309 697.956668172497
2014 139 69 16.6656127929688 690.061967003778
2014 140 70 15.7260986328125 651.924146837473
2014 141 71 17.4905143737793 646.505688492328
2014 142 72 18.3173881530762 699.292438918389
2014 143 73 17.986833190918 602.922778595418
2014 144 74 19.3191543579102 657.506790916622
2014 145 75 20.0102020263672 737.203939843371
2014 146 76 21.2241493225098 743.589795863822
2014 147 77 19.6001411437989 748.915070277348
2014 148 78 18.9568725585938 772.648042066723
2014 149 79 20.1587272644043 778.550220024467
2014 150 80 17.5648704528809 751.302578894108
2014 151 81 15.7203536987305 733.849000664204
2014 152 82 17.9180274963379 754.271407928228
2014 153 83 17.6493431091309 721.028403900474
2014 154 84 15.3376518249512 705.265597218424
2014 155 85 17.6893936157227 749.691663276106
2014 156 86 19.0001083374024 741.552886489332
2014 157 87 17.8523880004883 661.41199671036
2014 158 88 17.3919578552246 741.970023456514
2014 159 89 21.5469680786133 763.306614168048
2014 160 90 24.3093734741211 767.100892777562
2014 161 91 21.6679244995117 735.189198391139
2014 162 92 18.0776496887207 681.119944333315
2014 163 93 16.3723388671875 757.692903622687
2014 164 94 17.2234092712403 772.807782056868
2014 165 95 20.309228515625 768.281311516046
2014 166 96 17.9249664306641 727.161345039964
2014 167 97 16.4889350891114 748.58670477879
2014 168 98 17.0146041870117 763.914593345284
2014 169 99 20.7879081726074 777.844612967312
2014 170 100 19.9120498657227 781.88737687397
2014 171 101 19.8533569335938 767.895224508524
2014 172 102 19.7805839538574 739.307407953978
2014 173 103 17.6715484619141 765.099459024668
2014 174 104 17.7671257019043 767.713285063565
2014 175 105 20.3403526306153 750.548173836529
2014 176 106 19.2013641357422 706.743365721703
2014 177 107 18.5680290222168 620.09232891959
2014 178 108 18.9836479187012 695.622429599464
2014 179 109 19.3276802062989 719.435263477146
2014 180 110 20.8983512878418 754.843889070868
2014 181 111 23.8390213012696 754.400105865479
2014 182 112 20.7801719665528 709.366059118509
2014 183 113 18.6078811645508 716.812575813532
2014 184 114 19.0217147827149 747.228755104959
2014 185 115 19.4593521118164 768.543147086203
2014 186 116 19.0145812988281 775.479308199763
2014 187 117 20.0552192687989 784.461259008408
2014 188 118 20.1761795043946 706.082141760647
2014 189 119 21.2491317749024 628.448572891414
2014 190 120 18.9350601196289 706.32178445971
2014 191 121 18.6312843322754 665.090869945705
2014 192 122 18.8004280090332 677.010602632403
2014 193 123 18.3386093139649 720.460376849472
2014 194 124 18.5585151672364 743.279166719139
2014 195 125 23.0761962890625 716.226790767431
2014 196 126 21.6132026672364 599.922873802274
2014 197 127 20.7545944213867 560.254017935872
2014 198 128 19.0435234069824 617.806895832419
2014 199 129 18.5485931396485 623.398431745797
2014 200 130 19.2761283874512 697.535085693777
2014 201 131 19.6241317749024 604.751115564436
2014 202 132 19.7165313720703 538.495856798708
2014 203 133 19.6350341796875 632.49577176857
2014 204 134 19.9249397277832 691.632910382122
2014 205 135 21.4133163452149 725.208751782417
2014 206 136 23.8769012451172 740.443467190653
2014 207 137 24.4731651306153 737.221667109191
2014 208 138 23.3728424072266 668.827436638325
2014 209 139 22.2875839233399 642.201095331475
2014 210 140 22.0920768737793 583.694097170696
2014 211 141 22.7266059875489 655.580836258277
2014 212 142 21.7779747009278 671.476763279155
2014 213 143 22.1116958618164 700.228773836732
2014 214 144 21.7623115539551 696.838364044637
2014 215 145 18.7490707397461 642.227714722909
2014 216 146 17.9806915283203 557.600273728877
2014 217 147 20.0534378051758 516.41817619862
2014 218 148 22.3284393310547 476.039310282074
2014 219 149 20.9489151000977 655.012805939041
2014 220 150 19.755200958252 671.210493992636
2014 221 151 20.1127182006836 680.205774836835
2014 222 152 17.9630332946778 655.807153157693
2014 223 153 19.0344100952149 650.832453449084
2014 224 154 19.7248626708985 630.201480899811
2014 225 155 18.9864212036133 633.188052052498
2014 226 156 19.9989028930664 655.709526021004
2014 227 157 20.2178131103516 661.562874603271
2014 228 158 20.9681602478028 669.586305143356
2014 229 159 19.5519538879395 659.663538414955
2014 230 160 19.0474983215332 632.54903929615
2014 231 161 18.6497283935547 621.299385643005
2014 232 162 19.0443283081055 519.142934757233
2014 233 163 18.8896537780762 582.02995606327
2014 234 164 20.4379173278809 643.417021129608
2014 235 165 18.9628273010254 605.847226171494
2014 236 166 19.2935768127442 599.186199617386
2014 237 167 18.6681648254395 551.076822077751
2014 238 168 18.6340614318848 631.435160991669
2014 239 169 20.6356140136719 624.361417194366
2014 240 170 20.793058013916 607.697769494057
2014 241 171 20.6140075683594 515.668202091217
2014 242 172 21.364144897461 539.094959923744
2014 243 173 21.8574920654297 613.812942747116
2014 244 174 21.961988067627 609.228768133163
2014 245 175 22.6119895935059 601.542622662544
2014 246 176 18.9037376403809 591.273739480972
2014 247 177 20.3348098754883 600.553024839401
2014 248 178 19.8059669494629 580.747445808411
2014 249 179 19.2065292358399 590.26193669033
2014 250 180 18.3068710327149 585.371551663399
2014 251 181 17.7381721496582 562.357513594151
2014 252 182 17.1772018432617 581.82138430357
2014 253 183 19.3738876342774 589.565230130196
2014 254 184 21.570760345459 585.438147413254
2014 255 185 21.2497268676758 564.017222014904
2014 256 186 22.3552032470703 540.053508795261
2014 257 187 20.8523498535156 533.565553572178
2014 258 188 20.9507041931153 540.452900840282
2014 259 189 19.3173767089844 547.371310164452
2014 260 190 20.7869201660156 530.290512896538
2014 261 191 22.3789993286133 428.679897923231
2014 262 192 20.9124313354492 481.803912494183
2014 263 193 20.5196128845215 501.729291800499
2014 264 194 19.7060256958008 441.003454034328
2014 265 195 19.1139236450196 480.765484004021
2014 266 196 19.7726531982422 499.23530642128
2014 267 197 20.9927383422852 433.690088769674
2014 268 198 19.6814323425293 336.304189370394
2014 269 199 18.1609359741211 437.178135293484
2014 270 200 18.437947845459 471.397453622103
2014 271 201 18.761361694336 454.356579278946
2014 272 202 18.7972541809082 408.541493616104
2014 273 203 18.3661666870117 480.552470847607
2014 274 204 20.627286529541 494.500250827312
2014 275 205 20.6770568847656 496.368539576054
2014 276 206 23.1826797485352 489.578813068628
2014 277 207 21.8432136535645 488.48712284708
2014 278 208 21.0359703063965 486.033076017141
2014 279 209 20.3790298461914 481.107183757305
2014 280 210 19.9096694946289 461.359314406633
2014 281 211 19.9308906555176 450.535702438831
2014 282 212 19.7988220214844 453.171697597027
2014 283 213 17.7490821838379 444.549196125984
2014 284 214 17.4595695495606 421.291073771954
2014 285 215 21.0458847045899 442.561103825807
2014 286 216 21.986775970459 427.179949495792
2014 287 217 19.0562187194824 345.379350036025
2014 288 218 18.9608474731446 278.591554378629
2014 289 219 17.1885086059571 363.445324647069
2014 290 220 16.6787010192871 337.138481071353
2014 291 221 19.5140777587891 361.758987628698
2014 292 222 18.7655235290528 381.529048590422
2014 293 223 18.5721946716309 239.517387362957
2014 294 224 15.0556770324707 334.835299344897
2014 295 225 15.9525543212891 367.190760493159
2014 296 226 17.7012916564942 282.572202300429
2014 297 227 17.2501731872559 329.789601013541
2014 298 228 19.1109558105469 266.503192513645
2014 299 229 16.0328651428223 312.216212049961
2014 300 230 15.1482864379883 361.332958543777
2014 301 231 14.7517028808594 354.862756055117
2014 302 232 16.9378677368164 336.211009628415
2014 303 233 18.7080207824707 301.152959966183
2014 304 234 17.1940666198731 160.18859849292
2014 305 235 13.9047981262207 207.295057452887
2014 306 236 12.7146469116211 299.395626437604
2014 307 237 13.1391883850098 307.077331645548
2014 308 238 14.5789810180664 324.348960696667
2014 309 239 16.1655250549317 327.947958061993
2014 310 240 16.0259223937989 319.205628720701
2014 311 241 15.5180984497071 317.847698672026
2014 312 242 15.9109169006348 310.059477608815
2014 313 243 16.6747337341309 301.414796071857
2014 314 244 15.0487419128418 317.798870918855
2014 315 245 15.1423278808594 258.6262422956
2014 316 246 14.7064834594727 225.889131354764
2014 317 247 15.9563194274903 164.573072418269
2014 318 248 14.7636009216309 216.774036542125
2014 319 249 13.9111457824707 254.721034596048
2014 320 250 12.7729431152344 259.340709561894
2014 321 251 11.9367500305176 262.136473834928
2014 322 252 10.681958770752 247.216839710933
2014 323 253 13.0509468078614 115.518444164588
2014 324 254 13.0432182312012 74.4650430880785
2014 325 255 12.6656661987305 140.090138846278
2014 326 256 15.153638458252 106.106028183222
2014 327 257 12.5266662597656 251.361677858591
2014 328 258 11.5833908081055 277.025053420782
2014 329 259 11.840966796875 271.908342639685
2014 330 260 12.7507377624512 266.747266277075
2014 331 261 12.3486038208008 241.057279379845
2014 332 262 9.9395462036133 260.893905598402
2014 333 263 14.1697174072266 138.394928106785
2014 334 264 13.2946487426758 87.130313190937
2014 335 265 13.5328002929688 133.300416244984
2014 336 266 12.8865676879883 84.0460948166847
2014 337 267 15.3132682800293 68.5806160691976
2014 338 268 15.6388641357422 183.531033987045
2014 339 269 14.9428535461426 142.712828840971
2014 340 270 16.4084297180176 142.708396012545
2014 341 271 14.3299385070801 150.252523891926
2014 342 272 13.7072959899903 130.220634605288
2014 343 273 14.8070236206055 115.460754409671
2014 344 274 14.1005111694336 123.16908607316
2014 345 275 15.5718399047852 48.80167357409
2014 346 276 11.1973205566406 73.9813319177627
2014 347 277 10.207048034668 164.790520864129
2014 348 278 10.6974273681641 209.318660293579
2014 349 279 10.8584381103516 83.6023223216533
2014 350 280 11.5258842468262 146.950861800909
2014 351 281 11.5974670410156 169.769648583472
2014 352 282 12.0705963134766 126.732579261184
2014 353 283 12.6494079589844 87.1347476574182
2014 354 284 13.1756759643555 93.9954759672284
2014 355 285 15.2825218200684 93.2011201064587
2014 356 286 14.4617973327637 136.659775667906
2014 357 287 13.1675430297852 224.757507923365
2014 358 288 11.7739501953125 153.132609131098
2014 359 289 10.0160881042481 190.005672328234
2014 360 290 9.71210632324221 254.246200966358
2014 361 291 8.50530776977541 253.194450806141
2014 362 292 8.47377166748049 230.597555500269
2014 363 293 8.01651916503909 215.966372233868
2014 364 294 7.79423294067385 228.764774236441
2014 365 295 7.53585205078127 262.220788743019
2015 1 296 7.05647811889651 260.705297191143
2015 2 297 5.61831436157229 263.152957371235
2015 3 298 6.2521797180176 258.036318160534
2015 4 299 7.45937118530276 191.798822997093
2015 5 300 7.08326873779299 223.096208069324
2015 6 301 7.85466537475588 231.939681879282
2015 7 302 8.54780349731448 246.935503715038
2015 8 303 10.4833541870117 228.155308209419
2015 9 304 10.8200088500977 182.570273993492
2015 10 305 11.0419174194336 223.273247525215
2015 11 306 9.2983222961426 220.236900673866
2015 12 307 9.71617279052737 238.366464826107
2015 13 308 10.6630683898926 253.570321391582
2015 14 309 9.29810485839846 274.329012968063
2015 15 310 9.02304611206057 238.55235381031
2015 16 311 9.09244308471682 175.514972677708
2015 17 312 11.1686836242676 143.836945996284
2015 18 313 11.5268569946289 167.897552176237
2015 19 314 12.7296195983887 185.305642631054
2015 20 315 10.5544410705567 214.783879591942
2015 21 316 9.39492187500002 280.503511023521
2015 22 317 9.63159332275393 223.202433154106
2015 23 318 9.03021011352541 280.968256920814
2015 24 319 12.4408470153809 297.371600065231
2015 25 320 10.0467124938965 304.435750405311
2015 26 321 9.84843215942385 269.314175086021
2015 27 322 12.7823501586914 215.815172715187
2015 28 323 12.8580718994141 261.497579967499
2015 29 324 11.3857322692871 306.65769267559
2015 30 325 11.6361213684082 304.683629937172
2015 31 326 12.9487777709961 327.261469120979
2015 32 327 11.0368515014649 314.691178352356
2015 33 328 12.6370140075684 307.03834436512
2015 34 329 12.819898223877 283.849687129021
2015 35 330 12.1765457153321 290.45351381588
2015 36 331 12.2803169250489 208.131353786468
2015 37 332 14.6828895568848 108.733064693451
2015 38 333 16.5032783508301 133.727595874429
2015 39 334 15.9662185668946 185.584493495941
2015 40 335 15.7411514282227 171.854545073986
2015 41 336 11.5650382995606 305.099691836357
2015 42 337 11.9898658752442 296.685558502197
2015 43 338 13.4546104431153 334.66201141262
2015 44 339 13.977311706543 358.102952280044
2015 45 340 14.7474304199219 371.518659788132
2015 46 341 15.324349975586 376.205962303161
2015 47 342 14.3259826660156 377.108894424438
2015 48 343 13.5189376831055 320.768293291092
2015 49 344 11.6637550354004 366.065618545532
2015 50 345 12.2372909545899 357.899366643632
2015 51 346 12.943505859375 373.891075950295
2015 52 347 12.6435562133789 394.339932381928
2015 53 348 12.6304756164551 393.113876596671
2015 54 349 13.4560791015625 422.273441638388
2015 55 350 11.2338691711426 421.47672243461
2015 56 351 11.0102745056153 432.772300632842
2015 57 352 12.4579292297364 422.242465824336
2015 58 353 14.5048538208008 407.906118144795
2015 59 354 12.0550437927246 367.703296687886
2015 60 355 11.4844528198242 405.511561198532
2015 61 356 12.1915145874024 366.977420670807
2015 62 357 11.2408233642578 391.08228932932
2015 63 358 11.5836006164551 453.477870933264
2015 64 359 13.1023460388184 474.139192339957
2015 65 360 14.4006553649903 488.373723082066
2015 66 361 13.1531768798828 487.3025917719
2015 67 362 13.6598449707031 481.088251749396
2015 68 363 13.7028747558594 493.795762372613
2015 69 364 13.3706527709961 396.415800355136
2015 70 365 15.0672164916992 215.965656025886
2015 71 366 14.8008018493653 380.096560175776
2015 72 367 15.8989387512207 449.445628977418
2015 73 368 18.1631294250489 382.98241250205
2015 74 369 19.2148567199707 419.940850991845
2015 75 370 15.5766235351563 362.515850241065
2015 76 371 16.1545959472656 401.567858784795
2015 77 372 14.7546058654785 521.2733717556
2015 78 373 15.2777229309082 523.836121165275
2015 79 374 15.0398002624512 428.080564147472
2015 80 375 15.0697456359864 451.539206339598
2015 81 376 16.7350898742676 391.781624557972
2015 82 377 14.7883583068848 435.551922070265
2015 83 378 14.3981224060059 396.035148224592
2015 84 379 15.4781204223633 480.468605967522
2015 85 380 16.9145942687989 555.806279052257
2015 86 381 17.9629531860352 558.23182145977
2015 87 382 16.2041641235352 558.886898241997
2015 88 383 17.0571876525879 585.098611908436
2015 89 384 17.1383987426758 563.866309281826
2015 90 385 15.8189903259278 550.424060245037
2015 91 386 14.2274757385254 579.933276099205
2015 92 387 14.1897178649903 600.134282074451
2015 93 388 14.1525894165039 616.533196926594
2015 94 389 13.6018386840821 604.923378861904
2015 95 390 11.6867462158203 417.656944256782
2015 96 391 10.6607528686524 459.842692596912
2015 97 392 12.7384773254395 468.057643596262
2015 98 393 11.6987701416016 485.085086047172
2015 99 394 12.6306854248047 521.915166685104
2015 100 395 13.8621307373047 616.47123157978
2015 101 396 14.3306251525879 614.43519996643
2015 102 397 16.1398216247559 620.268885842323
2015 103 398 15.9696022033692 622.24295362091
2015 104 399 13.5459381103516 644.356044891357
2015 105 400 14.6335273742676 662.251027997017
2015 106 401 18.3559280395508 667.195042435646
2015 107 402 17.8271003723145 666.823253378868
2015 108 403 16.3942161560059 648.220092288971
2015 109 404 16.6589408874512 613.793402012825
2015 110 405 15.0020347595215 589.688540883064
2015 111 406 14.4318672180176 562.02504238987
2015 112 407 14.2283187866211 565.80055519104
2015 113 408 15.3239265441895 647.724371530533
2015 114 409 15.1604476928711 673.506749005317
2015 115 410 14.4835563659668 610.057730737686
2015 116 411 15.1825920104981 646.188488967895
2015 117 412 18.9676376342774 662.914952291488
2015 118 413 17.8281608581543 687.856376600265
2015 119 414 16.5570617675781 690.056160272598
2015 120 415 19.6563430786133 699.607816350937
2015 121 416 21.9481712341309 698.222437259674
2015 122 417 17.7785888671875 695.252467414856
2015 123 418 15.7002311706543 657.846988006592
2015 124 419 13.9150787353516 661.525127771377
2015 125 420 13.8777404785156 707.495226848602
2015 126 421 14.6331077575684 710.735196517944
2015 127 422 15.8803764343262 605.233204587936
2015 128 423 15.0087867736817 653.646557729721
2015 129 424 15.0049949645996 697.288518180847
2015 130 425 14.8168273925781 707.698857730865
2015 131 426 14.8510032653809 712.735815789903
2015 132 427 13.888501739502 733.100591464723
2015 133 428 13.8929382324219 670.40402580896
2015 134 429 14.4063468933106 580.212134061674
2015 135 430 13.7111106872559 533.564826590836
2015 136 431 14.5869117736817 652.004462881574
2015 137 432 14.529744720459 537.384610647548
2015 138 433 14.2049041748047 596.920883406985
2015 139 434 14.2200981140137 695.752632649235
2015 140 435 14.7930007934571 702.60875673338
2015 141 436 15.0414787292481 646.905528828859
2015 142 437 15.330884552002 596.49597540129
2015 143 438 15.3737083435059 558.528371129274
2015 144 439 15.8424087524414 674.542465364918
2015 145 440 15.261060333252 688.458328759447
2015 146 441 14.8782135009766 667.779302783444
2015 147 442 15.2964988708496 678.512730806827
2015 148 443 15.1066566467285 678.176350148394
2015 149 444 16.1199966430664 697.669159790039
2015 150 445 16.4376655578614 678.40207799679
2015 151 446 15.9655891418457 670.138421578616
2015 152 447 16.1742073059082 569.297227113157
2015 153 448 17.3963752746582 599.771344121039
2015 154 449 17.4394088745117 753.925674244374
2015 155 450 16.2841049194336 657.873541348189
2015 156 451 18.8142906188965 715.298553754359
2015 157 452 19.0353485107422 684.116268149555
2015 158 453 18.6913124084473 669.744506275475
2015 159 454 22.6200004577637 721.149956264466
2015 160 455 23.1300445556641 654.310474967956
2015 161 456 19.3595634460449 317.873577812299
2015 162 457 19.7320686340332 578.831159123033
2015 163 458 21.365983581543 749.773911616564
2015 164 459 21.6994758605957 749.82704016149
2015 165 460 17.7380920410156 758.528880945086
2015 166 461 16.7555557250977 769.364094184339
2015 167 462 17.0763832092285 769.567712277174
2015 168 463 18.8448768615723 756.532683990538
2015 169 464 18.6134773254395 777.857906538427
2015 170 465 18.5305763244629 775.153526055455
2015 171 466 19.7103515625 748.680680048406
2015 172 467 18.3512855529785 721.459784101069
2015 173 468 16.971337890625 737.584274553537
2015 174 469 18.4687820434571 759.918657835603
2015 175 470 19.1152931213379 758.462482958853
2015 176 471 21.720361328125 756.112187750876
2015 177 472 23.3781105041504 748.503613753617
2015 178 473 20.0273834228516 680.902854058385
2015 179 474 19.8725524902344 643.612447877169
2015 180 475 18.7982574462891 739.106864238083
2015 181 476 21.9855056762696 686.572764060497
2015 182 477 23.9944625854492 598.757737516999
2015 183 478 22.5042053222656 623.455715437352
2015 184 479 21.0687805175781 629.006143797308
2015 185 480 21.2117935180664 703.75512999028
2015 186 481 19.6557174682617 637.455665384889
2015 187 482 19.2222343444824 658.710106259763
2015 188 483 19.7143569946289 698.492426751852
2015 189 484 18.4470458984375 680.982527660131
2015 190 485 17.513444519043 603.467178784311
2015 191 486 17.6368423461914 372.735852920949
2015 192 487 18.4624458312989 618.675480148613
2015 193 488 19.1283737182617 689.03814345789
2015 194 489 19.9261375427246 715.205594929278
2015 195 490 19.9134841918946 726.541005667865
2015 196 491 19.6614089965821 737.557738695025
2015 197 492 20.9470687866211 708.393756256461
2015 198 493 20.5956474304199 736.986743457138
2015 199 494 20.2484451293946 699.647646410584
2015 200 495 21.8043075561524 714.31152147162
2015 201 496 25.3185173034668 663.432790286988
2015 202 497 21.9745346069336 693.654632263332
2015 203 498 19.0612922668457 659.117298343956
2015 204 499 17.9528213500977 664.751801129013
2015 205 500 18.4305969238281 697.230978606224
2015 206 501 19.3017593383789 699.771588822603
2015 207 502 19.4584899902344 702.046640831679
2015 208 503 21.6248069763184 726.695924894094
2015 209 504 23.5932670593262 731.011423798859
2015 210 505 25.1588417053223 731.170778499603
2015 211 506 22.2407356262207 683.766592407957
2015 212 507 21.4826446533203 619.897101463452
2015 213 508 20.2965370178223 596.526969265446
2015 214 509 19.9217124938965 647.011759662583
2015 215 510 19.2753959655762 658.183384785689
2015 216 511 18.6622024536133 639.234998809099
2015 217 512 18.9062553405762 635.13636830946
2015 218 513 20.8413902282715 662.184618123073
2015 219 514 20.8899055480957 618.976457397681
2015 220 515 19.3610321044922 649.021220256338
2015 221 516 19.4390808105469 696.651134722054
2015 222 517 20.225244140625 685.722949427277
2015 223 518 20.0005928039551 656.120799644197
2015 224 519 19.8166595458985 671.939877469063
2015 225 520 20.7740951538086 631.161665306091
2015 226 521 20.3408409118653 671.56810050869
2015 227 522 22.3976799011231 674.006911160469
2015 228 523 25.2565017700196 648.808780976295
2015 229 524 25.5056129455567 658.510917341232
2015 230 525 21.4389739990235 640.182184368133
2015 231 526 19.6299797058106 660.834654891968
2015 232 527 18.6223350524903 631.84773509407
2015 233 528 18.6461692810059 610.394121681213
2015 234 529 18.9452835083008 623.45572104454
2015 235 530 18.9630027770996 609.787728897095
2015 236 531 18.9726997375489 606.167125682831
2015 237 532 19.7189956665039 632.086729816437
2015 238 533 20.2862030029297 596.624337277412
2015 239 534 22.9338775634766 604.454208200455
2015 240 535 24.8190132141114 571.687343276977
2015 241 536 22.6109367370606 452.127890238762
2015 242 537 20.5652671813965 574.449277132034
2015 243 538 21.2250839233399 608.327109158516
2015 244 539 20.8386512756348 589.281344640732
2015 245 540 19.7453628540039 588.701515562057
2015 246 541 18.8640686035156 607.233838088035
2015 247 542 17.7298637390137 605.520921613693
2015 248 543 17.9370018005371 598.775457112312
2015 249 544 19.7348190307617 607.123183198929
2015 250 545 21.413232421875 613.412781572342
2015 251 546 23.6017013549805 609.539877590179
2015 252 547 24.9911399841309 597.783979306221
2015 253 548 25.6452575683594 566.526445336342
2015 254 549 24.1729179382324 551.428813855648
2015 255 550 22.1215644836426 453.247702333927
2015 256 551 21.4710327148438 387.6564344244
2015 257 552 19.8590560913086 401.873258108616
2015 258 553 18.3445335388184 500.957298727512
2015 259 554 17.0639396667481 442.952468646049
2015 260 555 18.3877731323242 356.41659094286
2015 261 556 19.0465293884278 549.786705704212
2015 262 557 20.0997367858887 549.419337883472
2015 263 558 22.7893882751465 547.148711111069
2015 264 559 25.0331245422364 536.809200044632
2015 265 560 21.4206214904785 520.613878273487
2015 266 561 17.3238121032715 527.487702264786
2015 267 562 20.9574028015137 487.816030172586
2015 268 563 22.1696563720703 513.434647776127
2015 269 564 21.5305191040039 501.129920475483
2015 270 565 20.8126998901367 455.850295285702
2015 271 566 19.7143569946289 393.091751409531
2015 272 567 17.3911071777344 421.826403200626
2015 273 568 16.2180877685547 324.751841578007
2015 274 569 17.9625259399414 285.226215053916
2015 275 570 18.626554107666 449.26417370367
2015 276 571 19.2422805786133 481.601691347122
2015 277 572 16.8327499389649 472.891018675804
2015 278 573 18.6060920715332 459.258435225963
2015 279 574 18.9052062988281 418.860865680218
2015 280 575 18.6018768310547 407.671543099165
2015 281 576 20.2368408203125 384.757301757455
2015 282 577 20.6437393188477 413.306039237499
2015 283 578 19.2678009033203 439.318592399359
2015 284 579 19.580411529541 430.665445190191
2015 285 580 19.820027923584 433.237031023741
2015 286 581 22.9001289367676 425.088485602379
2015 287 582 23.0682502746582 412.854556544304
2015 288 583 21.3894058227539 360.293910238862
2015 289 584 19.5137535095215 364.016312639713
2015 290 585 18.6278205871582 340.610772405624
2015 291 586 17.7450576782227 308.600774504662
2015 292 587 18.0477500915528 350.047337868333
2015 293 588 18.058927154541 385.24860442996
2015 294 589 20.0832763671875 399.496412425637
2015 295 590 18.2730270385742 393.888472558498
2015 296 591 18.2209220886231 357.350518715978
2015 297 592 18.1146141052246 299.677634149194
2015 298 593 18.3797622680664 310.22517219609
2015 299 594 17.5695549011231 361.148162457168
2015 300 595 17.1976715087891 235.666505831182
2015 301 596 18.0055595397949 160.572258911192
2015 302 597 16.5950256347656 299.266010748625
2015 303 598 17.7172027587891 361.617337528765
2015 304 599 18.2164970397949 350.113734846532
2015 305 600 17.6627822875977 279.954667390346
2015 306 601 15.9385963439942 179.980975801997
2015 307 602 12.8129325866699 321.507472817868
2015 308 603 13.3569427490235 352.419762945294
2015 309 604 12.0510383605957 313.659879117906
2015 310 605 13.1014953613281 331.705345187753
2015 311 606 12.9392868041992 327.509342966899
2015 312 607 11.6205116271973 229.881511182889
2015 313 608 11.9149833679199 130.483219884798
2015 314 609 10.8375183105469 254.451125699319
2015 315 610 10.1823516845703 305.099685071506
2015 316 611 11.0178695678711 316.036730400197
2015 317 612 11.7399002075196 312.274494482458
2015 318 613 12.4807106018067 305.914088750858
2015 319 614 13.0555130004883 207.060220964253
2015 320 615 10.9600654602051 303.940022673327
2015 321 616 10.9218879699707 284.287875936091
2015 322 617 11.0912719726563 265.950299577385
2015 323 618 12.5627647399903 270.876615946258
2015 324 619 13.9197174072266 279.697948914528
2015 325 620 13.9619079589844 268.787466614008
2015 326 621 13.7952667236328 253.446386665821
2015 327 622 11.8654151916504 266.034395391703
2015 328 623 12.1442733764649 151.755347735643
2015 329 624 8.10652313232424 209.074132725954
2015 330 625 7.3370300292969 255.460292190313
2015 331 626 7.5036674499512 278.62239025712
2015 332 627 6.77930984497073 278.170925708532
2015 333 628 6.52449569702151 277.582240297317
2015 334 629 6.6413627624512 225.061426823616
2015 335 630 8.26978454589846 215.775331567168
2015 336 631 10.4998031616211 160.107508666754
2015 337 632 9.77460632324221 157.996229853868
2015 338 633 10.4234481811524 160.213740807772
2015 339 634 9.16057357788088 188.970505583286
2015 340 635 10.9950843811035 132.448432039618
2015 341 636 13.4552398681641 133.57710601151
2015 342 637 11.754037475586 123.007432866454
2015 343 638 13.5636573791504 104.023629537344
2015 344 639 15.058984375 127.460153326869
2015 345 640 11.2800613403321 216.094020681977
2015 346 641 8.87854919433596 221.763937488317
2015 347 642 12.2672439575196 103.377406819582
2015 348 643 8.22443923950198 236.777472241163
2015 349 644 7.92152938842776 256.473887516975
2015 350 645 7.17987976074221 253.760647236347
2015 351 646 8.10631332397463 192.037832587957
2015 352 647 9.35316238403323 180.937026206732
2015 353 648 11.8474822998047 168.557054604649
2015 354 649 7.52961120605471 127.451295104265
2015 355 650 11.2657218933106 37.0558183461576
2015 356 651 14.0536666870117 117.948332584605
2015 357 652 11.5435195922852 226.902701527834
2015 358 653 9.31645355224612 181.503576708794
2015 359 654 6.50572738647463 232.776225905657
2015 360 655 5.7358108520508 255.3142255795
2015 361 656 4.92349014282229 229.60708572793
2015 362 657 5.91151580810549 182.446346323967
2015 363 658 5.18146286010744 237.043036465168
2015 364 659 5.59216079711916 207.848076645374
2015 365 660 7.19402084350588 207.551527605891
2016 1 661 5.21300277709963 264.614914266586
2016 2 662 5.70419845581057 222.925898246765
2016 3 663 7.00357589721682 210.380915677547
2016 4 664 8.85361251831057 168.47383348012
2016 5 665 11.7662254333496 116.918831005096
2016 6 666 10.4205757141114 113.541166193247
2016 7 667 8.57870254516604 196.928109755278
2016 8 668 7.52031860351565 236.748062352419
2016 9 669 9.23027572631838 143.134674081802
2016 10 670 9.46645507812502 200.368076093197
2016 11 671 9.71602401733401 195.205899965763
2016 12 672 9.9032035827637 230.602407418728
2016 13 673 12.9052177429199 206.576033056974
2016 14 674 8.78117523193362 187.778592865944
2016 15 675 11.2503295898438 184.29413065815
2016 16 676 11.4347892761231 145.742462943554
2016 17 677 13.7512985229492 119.887084168434
2016 18 678 13.7921348571778 156.09351820153
2016 19 679 13.5632873535156 98.8779151051043
2016 20 680 11.138516998291 201.031145575046
2016 21 681 11.8983436584473 260.035694642544
2016 22 682 13.9765983581543 133.651400493145
2016 23 683 13.3289924621582 160.085305463314
2016 24 684 10.2241836547852 202.370638969898
2016 25 685 10.9406600952149 226.330258060455
2016 26 686 10.4126182556153 284.645049952507
2016 27 687 11.1221939086914 267.752270132065
2016 28 688 10.4425559997559 290.252236692428
2016 29 689 13.4923110961914 136.437196019173
2016 30 690 12.9066864013672 209.98930640912
2016 31 691 10.3692756652832 285.001054208755
2016 32 692 9.54894790649416 344.686487738609
2016 33 693 8.21606216430666 229.716819022179
2016 34 694 7.53727493286135 256.253069659233
2016 35 695 10.3307510375977 265.433735547542
2016 36 696 10.3273979187012 349.746313158989
2016 37 697 10.8020606994629 349.448142823219
2016 38 698 12.9519134521485 349.648412920952
2016 39 699 12.5434204101563 357.792180514336
2016 40 700 14.003190612793 363.564039648056
2016 41 701 12.7620140075684 362.785253939628
2016 42 702 13.6060043334961 329.733979349136
2016 43 703 12.765153503418 333.885963523865
2016 44 704 13.0586982727051 368.045336353302
2016 45 705 13.7437644958496 373.41222095108
2016 46 706 17.0033126831055 376.028911254883
2016 47 707 15.3471618652344 389.828820747375
2016 48 708 16.7552085876465 292.366052222252
2016 49 709 12.9734741210938 271.178885314941
2016 50 710 11.3648544311524 290.096480039698
2016 51 711 10.6594673156739 281.578888037972
2016 52 712 9.91786727905276 400.059726367578
2016 53 713 11.2476058959961 419.217632998329
2016 54 714 14.5146919250489 414.300207895189
2016 55 715 13.2215858459473 430.699005232647
2016 56 716 14.8789993286133 429.537520628393
2016 57 717 14.3287635803223 414.58501134114
2016 58 718 14.1267181396485 409.818903519437
2016 59 719 12.1317916870117 383.634218293503
2016 60 720 13.4491744995117 381.257835502773
2016 61 721 14.8576484680176 445.842890105814
2016 62 722 14.508618927002 452.460257710069
2016 63 723 14.9960456848145 283.803963237777
2016 64 724 16.5336891174317 224.594694406807
2016 65 725 15.9489036560059 128.636077967375
2016 66 726 13.8976570129395 276.964078908145
2016 67 727 11.6554695129395 312.511888352722
2016 68 728 10.2890869140625 456.314079770803
2016 69 729 12.2071701049805 211.81831239754
2016 70 730 15.692212677002 155.336985846221
2016 71 731 13.9539772033692 46.7532919092178
2016 72 732 12.0231262207031 282.104007289648
2016 73 733 13.522664642334 112.459780974746
2016 74 734 13.6198249816895 319.974794826031
2016 75 735 11.3652740478516 508.323022273302
2016 76 736 13.5591026306153 531.75749408412
2016 77 737 15.4032722473145 538.71309733367
2016 78 738 14.5636840820313 540.8313600564
2016 79 739 13.8911643981934 461.872326976061
2016 80 740 15.0031639099121 437.414291140795
2016 81 741 14.5875526428223 315.475693724632
2016 82 742 11.6621681213379 435.002303511143
2016 83 743 12.1035247802735 535.215278930664
2016 84 744 13.2753997802735 549.30445177269
2016 85 745 14.1396919250489 563.923190106392
2016 86 746 15.2022758483887 572.387387436867
2016 87 747 15.0100646972656 561.33764955759
2016 88 748 12.8710914611817 578.341680519104
2016 89 749 11.7082229614258 591.020184215069
2016 90 750 12.2701889038086 602.528264961242
2016 91 751 13.5011039733887 599.849281699657
2016 92 752 13.2506958007813 601.611541930198
2016 93 753 13.7722450256348 586.067161986828
2016 94 754 13.9862266540528 595.728451312065
2016 95 755 14.8331504821778 604.001275450706
2016 96 756 15.9694229125977 623.359437692642
2016 97 757 19.6981788635254 627.524780330658
2016 98 758 20.1899963378906 585.168236799717
2016 99 759 15.698072052002 578.047982829094
2016 100 760 15.3046546936035 466.11777377224
2016 101 761 13.6106086730957 442.879085804939
2016 102 762 14.3117996215821 555.957435225487
2016 103 763 14.2341247558594 604.161472174644
2016 104 764 13.6302925109864 612.122797755241
2016 105 765 13.7506843566895 600.067331496715
2016 106 766 13.6870323181153 632.44664927578
2016 107 767 16.8337226867676 669.983673056602
2016 108 768 18.1073509216309 668.368266711235
2016 109 769 19.5143486022949 670.179477564812
2016 110 770 19.0085006713867 648.787586058616
2016 111 771 17.8919044494629 659.040733833313
2016 112 772 17.3720260620117 557.31917189312
2016 113 773 16.0929542541504 388.613926372528
2016 114 774 13.5521942138672 590.4283015728
2016 115 775 15.2789016723633 640.381251881599
2016 116 776 13.695401763916 693.898786952972
2016 117 777 13.9757629394531 689.252821886062
2016 118 778 13.9594245910645 539.87458330822
2016 119 779 14.6457572937012 652.245366621017
2016 120 780 15.5567451477051 697.360990767479
2016 121 781 17.3014617919922 704.819453670502
2016 122 782 20.5306526184082 714.396179548263
2016 123 783 18.029672241211 714.574182180404
2016 124 784 16.391732788086 632.135126524925
2016 125 785 16.9187217712403 489.218517360687
2016 126 786 15.9003311157227 624.832426005363
2016 127 787 14.605973815918 632.829354330063
2016 128 788 14.5959259033203 622.825403587341
2016 129 789 15.5680519104004 604.032418653488
2016 130 790 15.6247917175293 708.001300113678
2016 131 791 15.9183364868164 709.211745718104
2016 132 792 17.0843444824219 725.392501905543
2016 133 793 16.542066192627 721.258306875042
2016 134 794 16.3412757873535 724.635978678157
2016 135 795 15.7667556762696 633.194256610498
2016 136 796 17.5250793457031 674.104499392372
2016 137 797 17.9164024353028 735.049344457723
2016 138 798 21.099942779541 743.851723743882
2016 139 799 22.4636016845703 745.093320991896
2016 140 800 19.7802520751953 742.988401415065
2016 141 801 15.2937713623047 737.532522234566
2016 142 802 13.8668838500977 615.665111201219
2016 143 803 14.1987358093262 627.409070656299
2016 144 804 14.8304191589356 653.949772250637
2016 145 805 15.5538116455078 641.302445258826
2016 146 806 15.9610496520996 615.92323926261
2016 147 807 16.9689765930176 677.918281537369
2016 148 808 18.0060134887696 711.726087963402
2016 149 809 21.9981590270996 726.772045539126
2016 150 810 20.7618003845215 735.569992244929
2016 151 811 19.3344970703125 739.24581161052
2016 152 812 20.8991485595703 741.3908114205
2016 153 813 21.830655670166 759.939037222475
2016 154 814 19.223519897461 760.659933316558
2016 155 815 23.0188613891602 762.858330091953
2016 156 816 24.2707153320313 634.244497885942
2016 157 817 20.1690612792969 642.352669161439
2016 158 818 19.1638542175293 727.079108354896
2016 159 819 17.8747383117676 684.771525180817
2016 160 820 17.4365097045899 681.08233008936
2016 161 821 17.3866821289063 719.478253124088
2016 162 822 17.6262031555176 738.204482440233
2016 163 823 18.4572158813477 741.573262820601
2016 164 824 21.2092338562012 767.686730241418
2016 165 825 18.3985916137696 758.670735801875
2016 166 826 17.0642486572266 743.927370727241
2016 167 827 15.0693183898926 694.775446753561
2016 168 828 15.9336181640625 614.712778062701
2016 169 829 18.9622245788574 556.696170681894
2016 170 830 18.1132141113281 546.25609000954
2016 171 831 21.6229682922364 752.725328537166
2016 172 832 21.4877029418946 752.458325281978
2016 173 833 22.2623992919922 764.816398547828
2016 174 834 20.9487739562989 774.103865108192
2016 175 835 19.5024162292481 771.286921087205
2016 176 836 19.7643371582031 767.219481837332
2016 177 837 23.1168533325196 771.255765473008
2016 178 838 22.2194686889649 769.319962340653
2016 179 839 23.4974914550781 760.317282073915
2016 180 840 23.3096824645996 763.107540354371
2016 181 841 21.2820945739746 770.864163197815
2016 182 842 19.2256217956543 772.982425290525
2016 183 843 21.4081398010254 759.970166344285
2016 184 844 18.8874755859375 712.856414543629
2016 185 845 18.429158782959 709.216206017911
2016 186 846 18.2714973449707 674.669672625005
2016 187 847 17.0923095703125 707.298182710886
2016 188 848 17.1368957519531 742.970597570181
2016 189 849 16.9585090637207 732.793109406829
2016 190 850 16.8923469543457 715.851382428467
2016 191 851 19.9820915222168 683.872595583558
2016 192 852 18.0876708984375 721.440763638198
2016 193 853 21.1964622497559 754.905900346219
2016 194 854 19.4613700866699 747.567597271562
2016 195 855 20.3338409423828 755.827084367633
2016 196 856 22.4068580627442 754.322937227607
2016 197 857 20.2892395019531 720.123514524162
2016 198 858 18.9831634521485 732.308029326677
2016 199 859 17.7208457946778 745.95665928781
2016 200 860 17.4409118652344 714.845638109684
2016 201 861 17.4947219848633 736.259767344475
2016 202 862 18.4320922851563 733.340482539266
2016 203 863 18.5635772705078 728.859162964254
2016 204 864 19.311669921875 744.087583201706
2016 205 865 21.843637084961 743.526866316974
2016 206 866 22.4910331726074 740.389508970946
2016 207 867 20.8859611511231 733.589682028323
2016 208 868 21.7519432067871 738.809709433317
2016 209 869 23.871224975586 720.693145923883
2016 210 870 21.5620323181153 706.074394879505
2016 211 871 21.367520904541 706.991126242578
2016 212 872 21.4110733032227 680.770838319793
2016 213 873 19.5811363220215 708.811227103323
2016 214 874 19.0344635009766 665.907334743008
2016 215 875 18.1787506103516 697.699204417161
2016 216 876 19.6284576416016 710.399939738393
2016 217 877 17.6283012390137 676.2806395346
2016 218 878 16.6438232421875 656.495268445991
2016 219 879 17.0987945556641 695.843503344212
2016 220 880 17.5813957214356 702.870278761726
2016 221 881 18.934587097168 700.680796820268
2016 222 882 19.1688781738281 683.721292857578
2016 223 883 19.837419128418 679.355670993907
2016 224 884 18.7356811523438 657.336333918673
2016 225 885 19.0979019165039 666.116488657951
2016 226 886 19.9234672546387 680.548331485748
2016 227 887 20.725789642334 674.856573738098
2016 228 888 18.9605537414551 665.017298413277
2016 229 889 18.2886672973633 644.822511502266
2016 230 890 19.36904296875 648.760889292717
2016 231 891 19.7607856750489 651.560043786049
2016 232 892 19.1517120361328 635.597338403702
2016 233 893 18.602311706543 629.981254757881
2016 234 894 17.6967636108399 624.792381864547
2016 235 895 17.2528930664063 610.040132484436
2016 236 896 17.5870529174805 595.212209002495
2016 237 897 17.4712692260742 592.439764379501
2016 238 898 17.4515930175781 615.135552584648
2016 239 899 17.341870880127 571.443955543518
2016 240 900 18.057935333252 566.504305891037
2016 241 901 17.1766754150391 601.745032815933
2016 242 902 17.6819091796875 618.424207260132
2016 243 903 18.8479019165039 595.706183846473
2016 244 904 19.9012771606446 610.066822194099
2016 245 905 18.6111045837403 603.934520431518
2016 246 906 18.7319198608399 603.965660610199
2016 247 907 18.7513862609864 598.661078546524
2016 248 908 17.0868545532227 605.830280116081
2016 249 909 17.6793876647949 577.812136196136
2016 250 910 19.5135131835938 597.940165063858
2016 251 911 21.8405014038086 591.598699321747
2016 252 912 21.6826301574707 554.827089681625
2016 253 913 17.683366394043 537.622808783054
2016 254 914 17.9930320739746 551.818788849353
2016 255 915 17.4559837341309 517.000806079388
2016 256 916 16.1624732971192 525.981208422184
2016 257 917 15.4922576904297 524.472611317158
2016 258 918 17.487393951416 552.646519132614
2016 259 919 18.039510345459 553.945967882633
2016 260 920 17.4023910522461 553.821360798359
2016 261 921 19.0930839538574 541.890496079922
2016 262 922 20.9016586303711 532.24257681036
2016 263 923 23.9949661254883 530.947577521324
2016 264 924 22.4342895507813 500.900155310154
2016 265 925 19.2951332092285 491.38128603363
2016 266 926 16.8843971252442 528.651285705566
2016 267 927 17.2078758239746 516.894006919384
2016 268 928 19.8600212097168 507.593187439918
2016 269 929 22.5651489257813 512.412684509277
2016 270 930 23.9754997253418 509.506765633106
2016 271 931 23.4604354858399 505.559481360435
2016 272 932 20.4655395507813 498.465913067341
2016 273 933 17.6548896789551 491.154322698116
2016 274 934 15.9773727416992 486.619619860649
2016 275 935 15.5921264648438 487.304944711685
2016 276 936 16.1769081115723 479.445972862243
2016 277 937 14.0641151428223 235.008054718971
2016 278 938 16.5661407470703 342.741763318539
2016 279 939 16.0757881164551 461.173659034252
2016 280 940 16.871411895752 466.046566519976
2016 281 941 17.3117309570313 443.515462049007
2016 282 942 19.4998985290528 430.200596725464
2016 283 943 19.4603286743164 454.106820016146
2016 284 944 17.9517837524414 423.035856209278
2016 285 945 16.155347442627 390.042432675838
2016 286 946 14.9150138854981 401.114415339947
2016 287 947 15.280160522461 366.47442411375
2016 288 948 17.9626670837403 144.127061354846
2016 289 949 17.0558715820313 164.401951069474
2016 290 950 17.1391960144043 117.964617826641
2016 291 951 16.2575202941895 274.685605412006
2016 292 952 15.3695693969727 381.578255002022
2016 293 953 16.0401893615723 395.961123013973
2016 294 954 17.4076171875 392.57011687541
2016 295 955 17.5742813110352 394.270077091932
2016 296 956 17.0684257507324 351.780023774624
2016 297 957 15.0467086791992 358.041397580981
2016 298 958 17.3525520324707 254.882429596484
2016 299 959 18.2484642028809 166.978580221891
2016 300 960 17.5037208557129 284.809691664278
2016 301 961 16.8502632141114 192.971918842882
2016 302 962 16.6674781799317 54.2339954704344
2016 303 963 18.0451637268067 169.80443018958
2016 304 964 16.8425117492676 137.069121605217
2016 305 965 14.4269653320313 266.185813905716
2016 306 966 15.6331687927246 293.727796292633
2016 307 967 13.7485862731934 302.058489916444
2016 308 968 14.7552619934082 336.653966466635
2016 309 969 15.5201011657715 329.409124847889
2016 310 970 14.6315208435059 297.950998492986
2016 311 971 16.267781829834 190.146075805426
2016 312 972 16.1972175598145 207.390407538786
2016 313 973 17.0144134521485 244.589226120084
2016 314 974 16.5764022827149 282.108453773782
2016 315 975 17.5860038757324 270.711617498331
2016 316 976 17.0736633300781 263.101856368072
2016 317 977 17.2752891540528 276.670371224426
2016 318 978 15.452481842041 255.336344954695
2016 319 979 14.7117057800293 246.200179165278
2016 320 980 15.4193969726563 203.585530365927
2016 321 981 13.4776588439942 243.645803818807
2016 322 982 10.0862022399903 296.798398798635
2016 323 983 11.1194625854492 292.25924090038
2016 324 984 13.3685737609864 126.65576595521
2016 325 985 13.9816184997559 68.995149159193
2016 326 986 12.4198928833008 192.931868433356
2016 327 987 10.7790199279785 204.93392465353
2016 328 988 12.0794578552246 242.21730030334
2016 329 989 9.41285095214846 256.640239295006
2016 330 990 9.05670700073244 189.336145382166
2016 331 991 10.6230369567871 84.2858676151036
2016 332 992 11.5308891296387 205.045181842804
2016 333 993 11.8962493896485 183.172688446402
2016 334 994 10.0441184997559 242.929322298288
2016 335 995 8.60424575805666 133.829410181522
2016 336 996 9.28618011474612 212.930852726221
2016 337 997 11.3196311950684 264.454710486412
2016 338 998 10.8989921569824 256.693641899109
2016 339 999 9.38542709350588 249.195132587194
2016 340 1000 9.52884445190432 180.60494889164
2016 341 1001 8.38775787353518 189.220442512035
2016 342 1002 6.56702957153323 174.846453765392
2016 343 1003 9.08538589477541 58.3993396520018
2016 344 1004 13.4854026794434 73.3340460394024
2016 345 1005 15.6505447387696 65.5863337103128
2016 346 1006 10.2867828369141 142.151186990768
2016 347 1007 9.79454574584963 197.889339492559
2016 348 1008 10.0447479248047 115.387981428981
2016 349 1009 12.4686790466309 110.728670877218
2016 350 1010 14.9378372192383 57.4959581996798
2016 351 1011 11.4073539733887 167.717313654356
2016 352 1012 6.45899353027346 253.956801784277
2016 353 1013 6.32687911987307 255.754654678583
2016 354 1014 6.34948883056643 235.755673787832
2016 355 1015 6.27285537719729 238.746181060314
2016 356 1016 9.44090805053713 218.849553396702
2016 357 1017 9.96749267578127 242.025940845966
2016 358 1018 8.94134292602541 111.903508006811
2016 359 1019 7.38568267822268 174.681795106053
2016 360 1020 5.44415435791018 220.745317113399
2016 361 1021 4.9226013183594 238.879683790445
2016 362 1022 6.64178619384768 238.047503794193
2016 363 1023 6.86664352416994 235.782377861977
2016 364 1024 6.96317062377932 242.675660684824
2016 365 1025 8.1021667480469 222.431932223081
2016 366 1026 9.1534362792969 199.246629471302
2017 1 1027 8.3776908874512 225.099883311272
2017 2 1028 7.62537918090823 182.52161166811
2017 3 1029 8.31388626098635 97.949635723114
2017 4 1030 12.0707107543946 31.5878765848875
2017 5 1031 7.88950119018557 180.562710828364
2017 6 1032 4.92009506225588 265.246240261555
2017 7 1033 8.25998458862307 129.65353258276
2017 8 1034 14.9944778442383 38.0312856624126
2017 9 1035 13.5811248779297 113.594095935017
2017 10 1036 12.848218536377 55.9514612956047
2017 11 1037 12.4314819335938 135.39637647295
2017 12 1038 8.60981521606448 149.68432500267
2017 13 1039 7.72367630004885 216.44321453619
2017 14 1040 7.95145568847659 270.975693935394
2017 15 1041 7.17910537719729 249.869513971806
2017 16 1042 6.98953018188479 267.562117165089
2017 17 1043 6.76113662719729 206.92535480547
2017 18 1044 8.16746673583987 135.365140531063
2017 19 1045 10.8074890136719 132.018494051814
2017 20 1046 10.4824424743653 192.731121661663
2017 21 1047 10.3349967956543 179.420385748386
2017 22 1048 11.5375038146973 179.960313575029
2017 23 1049 8.8090873718262 201.06649328661
2017 24 1050 8.13669357299807 246.464864348412
2017 25 1051 7.29331359863284 269.195290105343
2017 26 1052 8.60402450561526 277.735923107147
2017 27 1053 8.27175674438479 306.771435172081
2017 28 1054 8.5753227233887 316.182190308571
2017 29 1055 8.53175125122073 294.973387972832
2017 30 1056 8.41528091430666 304.214586791992
2017 31 1057 8.98028717041018 299.382029637337
2017 32 1058 9.29088363647463 212.935932964325
2017 33 1059 11.8960052490235 176.171907770157
2017 34 1060 14.8901878356934 151.759242526054
2017 35 1061 13.4749809265137 179.523018704891
2017 36 1062 11.9629150390625 186.02443269062
2017 37 1063 13.4687858581543 150.076993462563
2017 38 1064 14.9242645263672 88.8512195928097
2017 39 1065 15.4046035766602 94.5672938866615
2017 40 1066 16.4152656555176 50.8243982598782
2017 41 1067 14.3726783752442 133.535643315196
2017 42 1068 11.1174636840821 331.634767106056
2017 43 1069 11.6909423828125 378.394111249924
2017 44 1070 10.3781524658203 338.439616891861
2017 45 1071 11.659757232666 330.943133979797
2017 46 1072 12.6090827941895 280.631895210266
2017 47 1073 15.0938125610352 183.248953886032
2017 48 1074 12.9682022094727 163.146761427402
2017 49 1075 12.8300453186035 160.830880491734
2017 50 1076 10.8808036804199 210.8654766277
2017 51 1077 12.8951011657715 85.1743713712692
2017 52 1078 13.4683700561524 220.923255778711
2017 53 1079 9.80571517944338 317.088020853709
2017 54 1080 7.93596420288088 413.64100003314
2017 55 1081 6.84414443969729 431.882445772812
2017 56 1082 7.69228897094729 382.441326247744
2017 57 1083 8.46587142944338 410.294355475456
2017 58 1084 9.17461547851565 413.319707167149
2017 59 1085 8.20649490356448 453.983694678485
2017 60 1086 9.39888534545901 447.52243379572
2017 61 1087 10.5935455322266 458.610995338947
2017 62 1088 11.0573669433594 442.127642067015
2017 63 1089 11.9883132934571 322.393568034887
2017 64 1090 10.4607635498047 343.647000371993
2017 65 1091 8.45265350341799 351.76373621726
2017 66 1092 9.1797805786133 324.727299484253
2017 67 1093 11.3941856384278 427.183750791073
2017 68 1094 13.8177772521973 458.459272367239
2017 69 1095 14.7664924621582 334.7404674986
2017 70 1096 14.8759399414063 423.685383639693
2017 71 1097 14.8559089660645 492.733393836856
2017 72 1098 14.2985397338867 513.629857796431
2017 73 1099 17.3835922241211 502.170928650021
2017 74 1100 16.800611114502 455.826588851929
2017 75 1101 14.2392784118653 394.931007526159
2017 76 1102 13.3357864379883 481.921491567135
2017 77 1103 15.5627990722656 373.753427523851
2017 78 1104 15.3098197937012 347.97087276113
2017 79 1105 15.0465217590332 315.95461812067
2017 80 1106 15.9068428039551 206.894118863583
2017 81 1107 13.8345123291016 432.226020673633
2017 82 1108 11.0049148559571 445.126231691122
2017 83 1109 12.3193489074707 255.380331298947
2017 84 1110 12.4583297729492 336.74399348855
2017 85 1111 12.7005668640137 347.372932970047
2017 86 1112 13.4221130371094 440.753285761833
2017 87 1113 14.020166015625 562.178516536713
2017 88 1114 15.8618217468262 561.580599300385
2017 89 1115 15.8882537841797 589.295292803764
2017 90 1116 15.0894714355469 601.258429722786
2017 91 1117 17.2119842529297 589.049850697517
2017 92 1118 16.8925148010254 588.335927424908
2017 93 1119 16.8605056762696 605.729543775082
2017 94 1120 14.4914222717285 597.693133288383
2017 95 1121 15.6447807312012 467.156087850571
2017 96 1122 15.3965545654297 310.827558235049
2017 97 1123 13.4648567199707 276.847948946714
2017 98 1124 11.6785522460938 411.52144803524
2017 99 1125 9.85444793701174 597.684202109337
2017 100 1126 11.5300689697266 578.233505393028
2017 101 1127 14.738614654541 396.599869145393
2017 102 1128 15.5371795654297 270.743661450148
2017 103 1129 13.9540840148926 507.106130731583
2017 104 1130 10.8035675048828 602.521226869583
2017 105 1131 12.2780433654785 626.978504663467
2017 106 1132 13.3056427001953 416.20675464344
2017 107 1133 14.3243576049805 199.683212669611
2017 108 1134 14.6485801696778 363.985688574314
2017 109 1135 14.1069007873535 620.370002716064
2017 110 1136 15.5727020263672 591.548681694984
2017 111 1137 15.5836540222168 664.572516624451
2017 112 1138 15.8611999511719 578.434311764717
2017 113 1139 15.2747131347656 531.764212881088
2017 114 1140 14.1062789916992 407.706271121979
2017 115 1141 14.5907531738281 509.752205219269
2017 116 1142 15.6590324401856 341.77287706089
2017 117 1143 15.4430213928223 487.59741058445
2017 118 1144 15.9140678405762 693.264407119751
2017 119 1145 18.5239463806153 704.335129741669
2017 120 1146 17.805078125 695.281329437256
2017 121 1147 20.1979156494141 691.542018152237
2017 122 1148 22.8870826721192 686.361416175842
2017 123 1149 23.781266784668 687.981183275223
2017 124 1150 21.0113502502442 671.297039224625
2017 125 1151 16.6087661743164 672.095762832642
2017 126 1152 14.4001403808594 582.03975314331
2017 127 1153 16.4474807739258 591.597786043167
2017 128 1154 17.276628112793 697.686465713501
2017 129 1155 18.6893516540528 655.081425230026
2017 130 1156 17.3697525024414 694.786032052994
2017 131 1157 13.9259963989258 603.208424276702
2017 132 1158 14.3797012329102 700.185288542351
2017 133 1159 14.0311065673828 737.002867175547
2017 134 1160 13.5414749145508 698.984962166946
2017 135 1161 14.3111396789551 694.469203441668
2017 136 1162 14.1826873779297 580.393202913951
2017 137 1163 14.9573074340821 571.366196146678
2017 138 1164 17.1797691345215 741.085764971495
2017 139 1165 19.9151969909668 738.136246013068
2017 140 1166 21.1951385498047 733.232302184015
2017 141 1167 22.2910934448242 738.154114844628
2017 142 1168 20.5450492858887 724.383775541872
2017 143 1169 19.7190147399903 710.479585493207
2017 144 1170 17.1533332824707 665.005342896715
2017 145 1171 14.838151550293 587.845082053214
2017 146 1172 15.2154441833496 593.677170085356
2017 147 1173 15.2441497802735 663.099998575225
2017 148 1174 16.0123725891114 709.024892741084
2017 149 1175 15.9345184326172 696.985879530713
2017 150 1176 15.5656829833985 676.754304065645
2017 151 1177 16.0094772338867 548.729465366915
2017 152 1178 17.9609962463379 681.970614944696
2017 153 1179 18.3213516235352 730.858421474814
2017 154 1180 18.745736694336 629.977108242541
2017 155 1181 18.3211456298828 750.675031891674
2017 156 1182 17.8505111694336 761.656473310649
2017 157 1183 18.7659698486328 756.980114545554
2017 158 1184 16.8615394592285 687.302931041002
2017 159 1185 16.0016304016114 303.076725978494
2017 160 1186 18.1819625854492 338.055878980994
2017 161 1187 15.9041572570801 709.471109969974
2017 162 1188 15.4888664245606 727.690251466572
2017 163 1189 15.0048080444336 629.236387810171
2017 164 1190 17.0345893859864 654.822609350979
2017 165 1191 19.2872024536133 747.640721237004
2017 166 1192 20.6034866333008 741.822025516033
2017 167 1193 22.7811408996582 716.503529612601
2017 168 1194 24.9181076049805 731.353719426095
2017 169 1195 27.9261375427246 734.936847662568
2017 170 1196 26.6288352966309 738.198709493935
2017 171 1197 24.181485748291 744.334223356068
2017 172 1198 22.2712722778321 749.059709685623
2017 173 1199 25.5698524475098 733.062734998822
2017 174 1200 22.4736457824707 710.162762311876
2017 175 1201 19.2820411682129 672.836505662262
2017 176 1202 18.0462814331055 652.17207078582
2017 177 1203 17.7369323730469 713.344293933511
2017 178 1204 17.9892822265625 712.17522061491
2017 179 1205 17.6809669494629 734.744980912209
2017 180 1206 18.1123710632324 759.068416835606
2017 181 1207 18.1138130187989 759.751115065694
2017 182 1208 18.0931564331055 757.466466480792
2017 183 1209 19.4342399597168 745.936166213632
2017 184 1210 19.0352607727051 733.879319830894
2017 185 1211 18.6831565856934 750.14400755465
2017 186 1212 18.1767936706543 723.004938495159
2017 187 1213 19.9211898803711 712.790987356901
2017 188 1214 23.1284957885742 744.954477045297
2017 189 1215 26.3260971069336 748.078033873737
2017 190 1216 21.4179702758789 748.408229315817
2017 191 1217 21.2529731750489 759.844829569578
2017 192 1218 20.2212501525879 749.028480547965
2017 193 1219 19.4088340759278 741.215166138291
2017 194 1220 19.6913391113281 743.339158650875
2017 195 1221 19.952165222168 736.578963311255
2017 196 1222 21.4088874816895 742.263765058994
2017 197 1223 25.7172981262207 738.609250329256
2017 198 1224 25.1762405395508 740.33165662235
2017 199 1225 20.4145446777344 751.991356040239
2017 200 1226 19.0947319030762 753.959195304274
2017 201 1227 19.559587097168 747.832587483346
2017 202 1228 19.7927375793457 742.174547488183
2017 203 1229 20.6020561218262 740.331651046663
2017 204 1230 23.0758338928223 712.420626778454
2017 205 1231 20.4938369750977 678.28930223617
2017 206 1232 19.9137512207031 676.308075748384
2017 207 1233 19.7107521057129 694.866338132918
2017 208 1234 20.9223457336426 724.611341209054
2017 209 1235 22.1909385681153 725.923216054141
2017 210 1236 20.1473136901856 725.070945913702
2017 211 1237 19.1568923950196 711.220305043548
2017 212 1238 19.6921669006348 703.188350144789
2017 213 1239 20.4595581054688 690.85931039308
2017 214 1240 22.6638427734375 701.398995896421
2017 215 1241 23.6662422180176 567.99277639728
2017 216 1242 23.6313453674317 471.078362522334
2017 217 1243 21.3964935302735 522.505164288506
2017 218 1244 19.5756927490235 634.434855688527
2017 219 1245 19.013990020752 602.14195120519
2017 220 1246 18.9819770812989 618.232624188583
2017 221 1247 18.7783676147461 623.609560633151
2017 222 1248 18.7975631713867 656.388831798157
2017 223 1249 18.9454284667969 657.134030563704
2017 224 1250 20.329248046875 682.782736077309
2017 225 1251 19.0934959411621 676.53564749527
2017 226 1252 18.6662269592285 610.432693084717
2017 227 1253 17.5653205871582 588.741987109184
2017 228 1254 18.1501556396485 627.496141083717
2017 229 1255 19.4334121704102 611.708882967949
2017 230 1256 19.773526763916 604.837111837387
2017 231 1257 19.294637298584 613.221567649841
2017 232 1258 19.0018020629883 611.775825481415
2017 233 1259 18.9772277832031 622.355678003311
2017 234 1260 19.2620101928711 586.417165922165
2017 235 1261 19.9955230712891 623.631887039185
2017 236 1262 19.3896347045899 648.343511909485
2017 237 1263 19.1366592407227 630.0663630476
2017 238 1264 20.8376747131348 639.169245523453
2017 239 1265 24.7338996887207 614.506700808525
2017 240 1266 24.4685340881348 625.157951353073
2017 241 1267 21.650708770752 614.587002793312
2017 242 1268 19.6291748046875 628.219003095627
2017 243 1269 20.8841453552246 627.415812890053
2017 244 1270 28.3858238220215 613.252801575661
2017 245 1271 29.2684494018555 603.337815859795
2017 246 1272 29.2114463806153 593.543284129143
2017 247 1273 25.3288551330567 459.998736725807
2017 248 1274 24.3896461486817 393.471870857239
2017 249 1275 22.190934753418 490.537996749401
2017 250 1276 20.7969947814942 431.449611530781
2017 251 1277 19.6659408569336 451.350999129772
2017 252 1278 20.8862091064453 538.564599597454
2017 253 1279 23.262109375 563.60197309494
2017 254 1280 25.9896903991699 549.617457845211
2017 255 1281 24.1938758850098 494.580742322445
2017 256 1282 20.7381416320801 453.399140756607
2017 257 1283 18.6536270141602 515.164846485138
2017 258 1284 18.0004364013672 554.682032616615
2017 259 1285 19.0327812194824 525.445748957157
2017 260 1286 18.6104713439942 524.713946693897
2017 261 1287 19.7693954467774 470.261780367851
2017 262 1288 17.9793716430664 501.465900645256
2017 263 1289 18.6230674743653 432.54731341362
2017 264 1290 16.8020606994629 459.909480881214
2017 265 1291 15.820516204834 520.876458969593
2017 266 1292 17.2774444580078 506.137831149578
2017 267 1293 18.4888359069824 525.298483794212
2017 268 1294 19.3479095458985 505.432797726631
2017 269 1295 20.9299865722656 508.02532999754
2017 270 1296 22.6384407043457 506.753608223915
2017 271 1297 21.511304473877 504.576068328381
2017 272 1298 19.1606117248535 469.235472979546
2017 273 1299 18.3064819335938 456.179097751141
2017 274 1300 19.9775596618653 473.139884064674
2017 275 1301 19.9622817993164 495.19204876709
2017 276 1302 16.3456741333008 488.324744234085
2017 277 1303 16.5996795654297 478.284793581963
2017 278 1304 17.1374374389649 478.405272011995
2017 279 1305 18.305249786377 475.518247468472
2017 280 1306 18.7727828979492 468.740168539047
2017 281 1307 18.5712333679199 456.513749836445
2017 282 1308 21.0396476745606 463.693430924892
2017 283 1309 17.8379188537598 451.029716344118
2017 284 1310 16.3225494384766 427.522875774145
2017 285 1311 15.3577285766602 447.790162488699
2017 286 1312 14.9302536010742 446.384569800615
2017 287 1313 17.0352111816406 439.526185610294
2017 288 1314 17.3860717773438 432.962293188572
2017 289 1315 19.5104347229004 399.518141223192
2017 290 1316 18.2670455932617 383.976319795489
2017 291 1317 14.6679817199707 404.484563496113
2017 292 1318 14.8689247131348 335.481188151479
2017 293 1319 15.0128608703614 321.75548052752
2017 294 1320 12.4897209167481 344.45912824583
2017 295 1321 14.4220329284668 375.591850374579
2017 296 1322 18.8405166625977 380.950952069759
2017 297 1323 21.8935638427735 378.670771279454
2017 298 1324 21.4596878051758 376.042535083055
2017 299 1325 19.875131225586 373.374141720057
2017 300 1326 19.6636672973633 372.07564039576
2017 301 1327 17.3315521240235 369.166301513076
2017 302 1328 15.5225234985352 357.265615183115
2017 303 1329 14.4499183654785 339.657791849554
2017 304 1330 12.9184318542481 349.099812286913
2017 305 1331 13.3035751342774 340.318204910457
2017 306 1332 13.9644065856934 327.569713588566
2017 307 1333 15.7498947143555 205.452828014702
2017 308 1334 14.7836280822754 116.128616808504
2017 309 1335 10.930982208252 275.201393948883
2017 310 1336 11.2892738342285 317.351284543872
2017 311 1337 11.2324882507324 308.859720262557
2017 312 1338 12.1789260864258 178.858148402244
2017 313 1339 16.3400970458985 204.591627671748
2017 314 1340 14.8416572570801 205.037851303227
2017 315 1341 12.749715423584 212.016725011952
2017 316 1342 12.7162605285645 266.401949430928
2017 317 1343 13.8778778076172 224.144967850164
2017 318 1344 14.2824340820313 258.575260082915
2017 319 1345 12.3354545593262 169.496464598862
2017 320 1346 14.6527038574219 92.6663976474921
2017 321 1347 12.5450645446778 217.822042886643
2017 322 1348 10.7286010742188 297.847035300096
2017 323 1349 10.3839317321778 286.865579092852
2017 324 1350 13.9014183044434 151.683381181955
2017 325 1351 14.5465560913086 179.799678104401
2017 326 1352 13.9724632263184 222.855398382187
2017 327 1353 15.1906600952149 233.819004565477
2017 328 1354 15.5266510009766 212.47186257565
2017 329 1355 15.342862701416 231.958274557829
2017 330 1356 15.9590927124024 83.5858311414719
2017 331 1357 12.8065048217774 187.920870151877
2017 332 1358 10.6051078796387 234.474948004723
2017 333 1359 10.5458389282227 263.644318635702
2017 334 1360 11.8441635131836 262.702788146019
2017 335 1361 10.4843040466309 247.638416738987
2017 336 1362 9.63492736816409 192.958690573454
2017 337 1363 11.4856735229492 240.757715563416
2017 338 1364 10.4035545349121 267.919097450018
2017 339 1365 11.3148857116699 266.504580639124
2017 340 1366 9.95852813720705 260.440453207254
2017 341 1367 9.17358169555666 261.10085946393
2017 342 1368 9.90359268188479 255.670367180347
2017 343 1369 9.66755447387698 248.370219002247
2017 344 1370 9.30657730102541 252.145236606836
2017 345 1371 9.25763092041018 244.314084724903
2017 346 1372 10.4159446716309 251.819498564005
2017 347 1373 9.21880874633791 255.407094973087
2017 348 1374 9.10791168212893 253.059983387709
2017 349 1375 9.54179153442385 225.626418149471
2017 350 1376 11.448087310791 219.687238769293
2017 351 1377 12.6010299682617 247.584871498108
2017 352 1378 8.90677413940432 242.993273723602
2017 353 1379 8.59927520751955 222.949101167679
2017 354 1380 10.9373908996582 221.766616716027
2017 355 1381 7.68010482788088 251.806115655899
2017 356 1382 6.97693023681643 228.968598661184
2017 357 1383 7.96653900146487 217.286569972634
2017 358 1384 8.98669586181643 173.271483937979
2017 359 1385 8.81776580810549 168.550479074478
2017 360 1386 9.23160705566409 229.651310436726
2017 361 1387 7.9336982727051 214.832367023468
2017 362 1388 8.77522811889651 222.837542324305
2017 363 1389 8.92019424438479 227.625476848841
2017 364 1390 8.68704757690432 210.182756654501
2017 365 1391 8.89170227050784 191.611101911545
2018 1 1392 9.96360168457034 191.584367092371
2018 2 1393 11.0015274047852 194.680604001045
2018 3 1394 11.0157981872559 132.493317388534
2018 4 1395 12.0560012817383 129.116816351652
2018 5 1396 14.8162399291992 112.585735674143
2018 6 1397 11.9495254516602 131.812673594236
2018 7 1398 9.32864151000979 173.416192475319
2018 8 1399 10.0107398986817 59.3446214762925
2018 9 1400 13.4522529602051 46.0432406832575
2018 10 1401 11.0860954284668 100.094001479864
2018 11 1402 12.1430488586426 106.197508002281
2018 12 1403 11.4510246276856 160.363932544708
2018 13 1404 10.3403144836426 227.373529648781
2018 14 1405 9.2877021789551 220.291324920177
2018 15 1406 9.54573974609377 229.237504517078
2018 16 1407 12.0053497314453 179.70209312892
2018 17 1408 12.4833732604981 149.487050025225
2018 18 1409 11.6259475708008 125.96273897028
2018 19 1410 10.5340476989746 216.594516118288
2018 20 1411 7.9594779968262 279.039834926605
2018 21 1412 7.16717300415041 281.112886579513
2018 22 1413 11.0356460571289 158.099583554506
2018 23 1414 10.5625854492188 198.906795588493
2018 24 1415 9.0120903015137 227.751662261963
2018 25 1416 9.8378845214844 203.333179907083
2018 26 1417 7.54699478149416 249.914699588776
2018 27 1418 9.11856994628909 231.795456190109
2018 28 1419 10.6585098266602 277.865392946243
2018 29 1420 10.5894523620606 246.302421725273
2018 30 1421 10.7569366455078 240.972973484993
2018 31 1422 11.0631423950196 320.336386109352
2018 32 1423 12.3725563049317 292.870590251922
2018 33 1424 14.0448204040528 303.600672060013
2018 34 1425 16.0886436462403 327.614330327988
2018 35 1426 16.7974067687989 297.127931090355
2018 36 1427 14.4963813781739 314.486452745438
2018 37 1428 15.2696662902832 341.160384664535
2018 38 1429 16.3630119323731 350.355691739082
2018 39 1430 15.2634635925293 351.152006146431
2018 40 1431 14.4703346252442 350.355694763183
2018 41 1432 13.619515991211 345.960448859215
2018 42 1433 12.7631164550781 350.01759621048
2018 43 1434 9.50872955322268 316.257003549576
2018 44 1435 10.3305946350098 368.870853498459
2018 45 1436 11.1516357421875 362.558259859085
2018 46 1437 9.83912429809573 384.254200553894
2018 47 1438 10.4112297058106 396.45676968193
2018 48 1439 10.9407440185547 395.295672052383
2018 49 1440 12.5594612121582 354.750931594849
2018 50 1441 7.4417549133301 407.947557274382
2018 51 1442 5.63819274902346 393.476198015377
2018 52 1443 7.15849456787112 397.350938973673
2018 53 1444 8.09552536010744 423.077323874883
2018 54 1445 6.15302047729494 421.168860114194
2018 55 1446 6.56799087524416 434.523622917518
2018 56 1447 8.43998489379885 375.726177251056
2018 57 1448 10.62294921875 311.603739495333
2018 58 1449 8.51358947753909 394.957581626952
2018 59 1450 7.99090728759768 388.845171567663
2018 60 1451 11.7134033203125 169.434674210876
2018 61 1452 9.18618164062502 335.617408572107
2018 62 1453 7.55009231567385 369.96521469444
2018 63 1454 7.56642303466799 351.872664565056
2018 64 1455 8.99472579956057 448.714732684493
2018 65 1456 11.1270347595215 463.528644119263
2018 66 1457 13.4652763366699 363.154382763833
2018 67 1458 14.9899192810059 378.46209786585
2018 68 1459 13.0840049743653 345.964907959521
2018 69 1460 12.9767051696778 317.951925613403
2018 70 1461 11.6228462219239 375.641670426726
2018 71 1462 14.5185104370117 465.063413938641
2018 72 1463 16.2472282409668 199.37390904206
2018 73 1464 11.2680412292481 212.403916312575
2018 74 1465 9.69398651123049 339.710137341261
2018 75 1466 10.5520339965821 291.567156114459
2018 76 1467 9.49776992797854 382.496998132706
2018 77 1468 8.44908294677737 391.888026804685
2018 78 1469 10.6363922119141 452.767420116424
2018 79 1470 13.2026916503906 291.389210310221
2018 80 1471 13.4505935668946 155.804097787738
2018 81 1472 15.5959297180176 221.723784542859
2018 82 1473 9.62782440185549 515.190497416019
2018 83 1474 11.0488754272461 427.944122494936
2018 84 1475 9.51761398315432 532.882653546333
2018 85 1476 10.5607162475586 539.902585477829
2018 86 1477 14.0872093200684 571.950473855495
2018 87 1478 16.0127616882324 563.50252754116
2018 88 1479 17.7139793395996 570.046451822281
2018 89 1480 17.7944007873535 566.340754934787
2018 90 1481 17.4633842468262 510.04788571167
2018 91 1482 14.8753715515137 580.76319028759
2018 92 1483 15.7520347595215 556.89631635046
2018 93 1484 14.4482093811035 597.788066883087
2018 94 1485 14.7025199890137 555.361546405077
2018 95 1486 14.4134765625 379.747747358322
2018 96 1487 14.1473785400391 176.227722851038
2018 97 1488 16.5019546508789 266.072098248124
2018 98 1489 13.6304756164551 586.003662412643
2018 99 1490 15.0360237121582 614.043331885338
2018 100 1491 18.1868377685547 545.721370598793
2018 101 1492 12.7624984741211 423.593365404606
2018 102 1493 11.1508079528809 546.851348210335
2018 103 1494 11.9989372253418 599.967894511223
2018 104 1495 15.134236907959 636.989311043739
2018 105 1496 15.5314231872559 632.349414340019
2018 106 1497 10.6632705688477 487.399939796448
2018 107 1498 10.504281616211 546.704524062157
2018 108 1499 11.524430847168 473.844996618271
2018 109 1500 11.7719131469727 604.145141019821
2018 110 1501 15.1040512084961 652.586195937157
2018 111 1502 16.2075286865235 657.043716150284
2018 112 1503 18.7661758422852 665.900918623924
2018 113 1504 19.3924499511719 667.524667456627
2018 114 1505 17.5061851501465 660.954049433708
2018 115 1506 15.1935783386231 639.04902842617
2018 116 1507 14.1874900817871 635.11199938488
2018 117 1508 13.8682456970215 573.004780893326
2018 118 1509 14.2172561645508 482.395253822327
2018 119 1510 13.9918914794922 466.518116393089
2018 120 1511 14.5247093200684 512.890548957825
2018 121 1512 14.7982536315918 613.162500904083
2018 122 1513 16.2298522949219 678.664003911972
2018 123 1514 14.9564224243164 651.625278690338
2018 124 1515 15.677808380127 667.462389115333
2018 125 1516 17.438363647461 561.923269286156
2018 126 1517 14.8790908813477 631.054867154121
2018 127 1518 16.7014785766602 684.518403873443
2018 128 1519 17.5735908508301 697.850922388077
2018 129 1520 17.8700805664063 670.963446582794
2018 130 1521 16.5807319641114 696.60531524086
2018 131 1522 18.0648475646973 663.934630011123
2018 132 1523 22.9927536010742 736.273662589673
2018 133 1524 16.6880355834961 647.786115113858
2018 134 1525 14.801156616211 652.82198108793
2018 135 1526 15.217359161377 612.56638419323
2018 136 1527 14.7525650024414 559.423160448402
2018 137 1528 15.1726928710938 565.348714996312
2018 138 1529 15.6840072631836 632.256003230669
2018 139 1530 15.6614738464356 696.280568118833
2018 140 1531 14.6584869384766 679.433618891582
2018 141 1532 15.4332138061524 681.546720402747
2018 142 1533 15.9360481262207 629.880435789615
2018 143 1534 15.2297645568848 584.80254453583
2018 144 1535 14.4254623413086 609.341126819819
2018 145 1536 13.9495063781739 364.021851312667
2018 146 1537 15.0986763000489 349.283574965671
2018 147 1538 17.5748306274414 578.703467927992
2018 148 1539 22.0873504638672 733.791356017813
2018 149 1540 23.7548652648926 737.981928748369
2018 150 1541 17.984220123291 692.91295876655
2018 151 1542 14.6047302246094 728.581998571336
2018 152 1543 16.1450820922852 742.394967645109
2018 153 1544 21.5814071655274 746.247471229196
2018 154 1545 23.5206047058106 745.549062100053
2018 155 1546 21.7656341552735 749.245850646764
2018 156 1547 17.6492630004883 743.284701265454
2018 157 1548 16.2629409790039 736.291464115292
2018 158 1549 15.7704406738281 742.982198936135
2018 159 1550 17.5202423095703 750.224538048088
2018 160 1551 18.4543815612793 703.981116667092
2018 161 1552 17.3951545715332 749.615092307746
2018 162 1553 19.1776290893555 754.001430406451
2018 163 1554 22.6536689758301 755.562908584118
2018 164 1555 21.8320060729981 756.501565610587
2018 165 1556 20.3336158752442 754.842224618137
2018 166 1557 18.1845642089844 753.191777192473
2018 167 1558 16.4955421447754 724.622719138026
2018 168 1559 16.3049102783203 679.936316456377
2018 169 1560 18.2589889526367 696.93450063312
2018 170 1561 18.6760269165039 730.784071110308
2018 171 1562 17.4468437194824 755.158090230405
2018 172 1563 17.7673202514649 778.499987875521
2018 173 1564 20.776082611084 762.658449536264
2018 174 1565 25.1335464477539 763.267907562017
2018 175 1566 23.9397102355957 705.925194559514
2018 176 1567 18.3942123413086 670.491899229765
2018 177 1568 19.0413719177246 759.095105474233
2018 178 1569 18.0309387207031 710.026795380235
2018 179 1570 17.8138404846192 742.194800051808
2018 180 1571 20.5300384521485 751.625862658262
2018 181 1572 24.5099540710449 755.90989925456
2018 182 1573 22.0850769042969 709.141537933767
2018 183 1574 19.0624671936035 694.256431028128
2018 184 1575 18.1595436096192 737.648293076098
2018 185 1576 17.9128814697266 689.34515670675
2018 186 1577 17.8049522399903 693.331116525412
2018 187 1578 22.1537223815918 586.90228493762
2018 188 1579 23.5137916564942 698.91859015727
2018 189 1580 22.0060974121094 743.195728993356
2018 190 1581 21.8973365783692 751.923934206724
2018 191 1582 24.0619064331055 744.374620749712
2018 192 1583 21.1296440124512 727.140666172564
2018 193 1584 21.097184753418 708.300731877684
2018 194 1585 21.5508171081543 570.647025101542
2018 195 1586 21.0159240722656 654.298919247031
2018 196 1587 18.9989868164063 701.578863556385
2018 197 1588 19.5909400939942 706.370035192311
2018 198 1589 19.9566970825196 718.203355193615
2018 199 1590 20.7250114440918 739.672418109774
2018 200 1591 20.9598899841309 722.954504865467
2018 201 1592 20.7953086853028 697.672972677708
2018 202 1593 21.9316612243653 624.817896679371
2018 203 1594 20.6855216979981 624.270716774404
2018 204 1595 20.5862823486328 689.56758962357
2018 205 1596 20.3669067382813 697.895430039346
2018 206 1597 22.016431427002 722.25607081899
2018 207 1598 22.0613037109375 714.110626518965
2018 208 1599 19.5342842102051 721.659940826505
2018 209 1600 19.4534355163574 721.339646669954
2018 210 1601 19.25185546875 716.641910470068
2018 211 1602 18.8592163085938 606.729796404734
2018 212 1603 19.5808044433594 676.38186493735
2018 213 1604 19.3589569091797 700.084141752452
2018 214 1605 18.8891960144043 711.352488367751
2018 215 1606 19.3453155517578 714.475419774249
2018 216 1607 21.9612251281739 696.13820737873
2018 217 1608 20.3867546081543 709.186010957502
2018 218 1609 20.7953125 703.754228469469
2018 219 1610 20.4773193359375 698.709502717428
2018 220 1611 18.6803680419922 688.121787024308
2018 221 1612 20.2167984008789 684.8520465862
2018 222 1613 22.305062866211 689.371833882931
2018 223 1614 22.8577362060547 681.319832303565
2018 224 1615 21.6922317504883 678.57950447464
2018 225 1616 19.866960144043 666.728356073379
2018 226 1617 17.4950157165528 633.621721277237
2018 227 1618 17.9060607910156 600.403838868141
2018 228 1619 18.7607971191406 646.958682196617
2018 229 1620 19.7203689575196 655.264262392044
2018 230 1621 21.2355018615723 663.1027439394
2018 231 1622 20.1742073059082 677.204866991043
2018 232 1623 18.7645202636719 664.730937192917
2018 233 1624 16.6667419433594 604.260805836677
2018 234 1625 17.3610397338867 574.076899383545
2018 235 1626 17.4861274719239 610.404354231834
2018 236 1627 16.6774879455567 601.867439362526
2018 237 1628 17.4699951171875 620.805223304748
2018 238 1629 17.5448471069336 615.916204163551
2018 239 1630 17.2549682617188 589.335682700157
2018 240 1631 17.4474617004395 532.451143529892
2018 241 1632 17.3678604125977 577.271020653725
2018 242 1633 18.3522354125977 562.835233389854
2018 243 1634 17.8961235046387 607.930916612625
2018 244 1635 18.9652839660645 609.425667366028
2018 245 1636 19.1071220397949 610.715766098976
2018 246 1637 19.0124183654785 589.553673023224
2018 247 1638 18.2273574829102 586.288367433548
2018 248 1639 18.4051681518555 580.825471652984
2018 249 1640 16.6901031494141 559.64556762886
2018 250 1641 18.2015205383301 594.291457868576
2018 251 1642 20.2172142028809 590.452284711838
2018 252 1643 19.6926628112793 580.616379243851
2018 253 1644 19.7410484313965 579.134989977836
2018 254 1645 19.9393287658692 582.297952924728
2018 255 1646 18.2883506774903 565.375398307323
2018 256 1647 17.2832962036133 540.48534188652
2018 257 1648 16.4448867797852 540.894624254703
2018 258 1649 17.7731071472168 534.84451857233
2018 259 1650 16.1545997619629 559.939184172153
2018 260 1651 16.9793601989746 531.294511993885
2018 261 1652 16.3030487060547 522.432849978924
2018 262 1653 16.6053329467774 539.377650389194
2018 263 1654 19.7830177307129 544.529156983375
