Year DOY_disc DOY TA_C PAR_umol_m2_day
2014 71 1 16.3324752807617 515.952214214921
2014 72 2 15.9559265136719 521.206475359678
2014 73 3 13.818734741211 479.664921699405
2014 74 4 14.934529876709 514.412318921924
2014 75 5 15.5309883117676 516.870828947306
2014 76 6 14.9295669555664 513.61796892035
2014 77 7 14.0255561828614 537.492932454348
2014 78 8 13.6513801574707 540.080123910427
2014 79 9 15.2480255126953 516.906332148075
2014 80 10 13.9571434020996 499.883202223062
2014 81 11 12.9833274841309 516.387102782488
2014 82 12 13.5754295349121 546.85655092454
2014 83 13 13.7929588317871 558.798458400726
2014 84 14 14.2293983459473 417.337062638044
2014 85 15 13.1032997131348 267.896646018267
2014 86 16 12.9087730407715 379.558704992533
2014 87 17 14.4286781311035 416.427328052998
2014 88 18 15.1974578857422 220.315345104456
2014 89 19 11.6938377380371 334.835300982952
2014 90 20 11.0922256469727 347.94435605526
2014 91 21 9.19397125244143 304.765279663086
2014 92 22 9.80828247070315 444.393881813526
2014 93 23 11.5651489257813 404.441038110733
2014 94 24 12.2898994445801 388.6915459795
2014 95 25 11.9413047790528 539.339039672375
2014 96 26 14.6099258422852 610.941735009193
2014 97 27 17.765340423584 609.33972644043
2014 98 28 19.1492248535156 589.764921616554
2014 99 29 17.8143211364746 561.327954792976
2014 100 30 15.7094512939453 625.652802178383
2014 101 31 16.393758392334 543.932079439163
2014 102 32 14.0110794067383 479.465238907337
2014 103 33 14.7661758422852 593.852059988022
2014 104 34 15.8873153686524 640.683373709679
2014 105 35 16.2279830932617 629.260679974556
2014 106 36 16.9142700195313 644.042721792221
2014 107 37 17.2287612915039 644.419943142891
2014 108 38 16.8845268249512 646.687619904518
2014 109 39 14.8159461975098 657.662130744934
2014 110 40 15.7348304748535 668.148479063988
2014 111 41 16.7350212097168 571.082089570999
2014 112 42 14.4153953552246 574.423682147026
2014 113 43 13.0101028442383 667.704699260712
2014 114 44 15.192700958252 587.2132081604
2014 115 45 14.3277526855469 446.297681575298
2014 116 46 11.4739356994629 488.704581432343
2014 117 47 13.3331237792969 341.762595872641
2014 118 48 14.0798851013184 566.418022233963
2014 119 49 18.0956932067871 693.882833810806
2014 120 50 22.0500389099121 697.56615486908
2014 121 51 22.4485984802246 697.37532803154
2014 122 52 20.7248474121094 680.73385606575
2014 123 53 17.242448425293 680.640673425674
2014 124 54 15.6465888977051 621.090801282883
2014 125 55 15.8845420837403 654.458067237854
2014 126 56 14.7197776794434 655.842658046722
2014 127 57 15.6939865112305 698.098672891617
2014 128 58 14.9022041320801 502.754414749145
2014 129 59 16.7601943969727 509.526376425743
2014 130 60 15.5046096801758 721.077223636627
2014 131 61 17.9455924987793 728.967509407832
2014 132 62 19.2015701293946 736.059007418138
2014 133 63 22.0133491516114 722.550550724489
2014 134 64 24.4325119018555 732.619744511569
2014 135 65 24.084115600586 728.559237746069
2014 136 66 20.8071380615235 696.044009373031
2014 137 67 18.1686645507813 724.046056364246
2014 138 68 17.9951606750489 675.461847336993
2014 139 69 16.4391571044922 689.75131922622
2014 140 70 15.5678649902344 644.956925998926
2014 141 71 17.3294998168946 645.516072595455
2014 142 72 17.4542251586914 682.0607349656
2014 143 73 18.5989624023438 691.837046919316
2014 144 74 19.5749526977539 693.305935354009
2014 145 75 20.4823356628418 732.588697629169
2014 146 76 21.5275321960449 744.246582271293
2014 147 77 19.2051406860352 749.616234362736
2014 148 78 18.9431930541992 772.776737735897
2014 149 79 19.9366394042969 780.480632885337
2014 150 80 17.1904922485352 752.474144292653
2014 151 81 15.3886123657227 714.323000707984
2014 152 82 17.9737487792969 756.139710505933
2014 153 83 17.5218368530274 724.733915467262
2014 154 84 15.4477058410645 714.354063236564
2014 155 85 17.9596725463867 746.296810890257
2014 156 86 19.4615303039551 742.870906749189
2014 157 87 17.883920288086 656.827839673996
2014 158 88 17.8397003173828 753.330623761535
2014 159 89 21.5701690673828 759.698758548617
2014 160 90 24.4543205261231 764.469321501493
2014 161 91 21.7575508117676 742.262915979564
2014 162 92 18.194841003418 697.255514399767
2014 163 93 16.4244934082031 740.345821638644
2014 164 94 17.5184646606446 765.436742897093
2014 165 95 20.7097793579102 769.226548797846
2014 166 96 18.1214767456055 706.401674158692
2014 167 97 16.6503463745117 745.285021834075
2014 168 98 16.7837921142578 765.032901958108
2014 169 99 20.3179565429688 776.269235327244
2014 170 100 19.7748352050781 782.95688455677
2014 171 101 19.7125640869141 768.086053299129
2014 172 102 19.8184600830078 713.945797816932
2014 173 103 17.3655906677246 756.956249881983
2014 174 104 17.7240959167481 765.259238989651
2014 175 105 20.0732627868653 753.574684987545
2014 176 106 18.9538970947266 714.456128827572
2014 177 107 18.6751037597656 597.544239520907
2014 178 108 18.7514472961426 688.353437728584
2014 179 109 19.3056694030762 724.414397748709
2014 180 110 20.7775932312012 756.20624630928
2014 181 111 23.6413246154785 753.330600198746
2014 182 112 21.1333251953125 711.522812980056
2014 183 113 18.1299987792969 710.54650312084
2014 184 114 19.10341796875 746.931423453271
2014 185 115 19.1700378417969 760.666172131955
2014 186 116 18.8301712036133 774.742634739399
2014 187 117 20.0403419494629 784.35033201319
2014 188 118 20.1664596557617 715.960536418319
2014 189 119 20.870191192627 634.64364163965
2014 190 120 19.0782295227051 707.670841133773
2014 191 121 18.2517524719239 664.673715841949
2014 192 122 18.6907707214356 700.6326082865
2014 193 123 18.0177627563477 726.358127743483
2014 194 124 18.0992637634278 741.078065483689
2014 195 125 22.3677001953125 720.735519536197
2014 196 126 21.0135627746582 599.732056887567
2014 197 127 20.4599319458008 572.68853367728
2014 198 128 18.3586288452149 634.213189113617
2014 199 129 18.2826896667481 652.19927437219
2014 200 130 18.7932907104492 699.758402040064
2014 201 131 19.2677932739258 619.280224640042
2014 202 132 19.3889595031739 521.095544426829
2014 203 133 19.2912002563477 642.698097505569
2014 204 134 19.7415252685547 716.324431751788
2014 205 135 21.3502632141114 725.142177201271
2014 206 136 23.7737861633301 738.26898078686
2014 207 137 24.3405052185059 736.351871073425
2014 208 138 23.0922561645508 671.068492583096
2014 209 139 22.2084671020508 665.441450948864
2014 210 140 21.4018188476563 617.438591028556
2014 211 141 22.7440544128418 641.473299403861
2014 212 142 22.3506446838379 701.55566926676
2014 213 143 22.0996032714844 718.245974986672
2014 214 144 21.5134521484375 709.170810257405
2014 215 145 18.7107940673828 646.550057247572
2014 216 146 18.0820137023926 538.873081866503
2014 217 147 19.6671615600586 523.7803615105
2014 218 148 22.1771408081055 523.491911856838
2014 219 149 20.9326606750489 667.438440115564
2014 220 150 19.5868507385254 675.590539755652
2014 221 151 19.6473365783692 692.010122247037
2014 222 152 17.9503532409668 671.08623827408
2014 223 153 19.3835960388184 649.532210872485
2014 224 154 19.7671028137207 637.652418830872
2014 225 155 18.5148864746094 632.74874187088
2014 226 156 20.0407348632813 655.549758719444
2014 227 157 20.4109512329102 670.012315327644
2014 228 158 20.7726379394531 668.254980854035
2014 229 159 19.5291496276856 674.512159853935
2014 230 160 19.5158668518067 634.794517138481
2014 231 161 18.3193641662598 605.36352520752
2014 232 162 18.9043251037598 539.370092656136
2014 233 163 18.8111358642578 582.855379461288
2014 234 164 20.5160423278809 641.566498975754
2014 235 165 19.0030799865723 600.548596547127
2014 236 166 19.0712944030762 612.530448620796
2014 237 167 18.8192649841309 578.178012126923
2014 238 168 18.3352333068848 637.119868551254
2014 239 169 20.6645637512207 621.845236927986
2014 240 170 21.0930763244629 614.69604886055
2014 241 171 20.4470458984375 565.317476183891
2014 242 172 21.5445877075196 514.709652715683
2014 243 173 21.7573524475098 618.126416953087
2014 244 174 21.818433380127 611.398822874069
2014 245 175 22.4053703308106 615.477090548515
2014 246 176 18.5146842956543 591.966019260883
2014 247 177 19.9800621032715 603.965629361153
2014 248 178 19.4748168945313 587.372982518196
2014 249 179 18.9229713439942 586.489876404762
2014 250 180 18.3832183837891 587.994269001007
2014 251 181 17.5569396972656 573.39858490324
2014 252 182 16.918832397461 569.488942122936
2014 253 183 19.3841987609864 579.877655820846
2014 254 184 21.7593399047852 583.219267549515
2014 255 185 21.5247589111328 561.851618247032
2014 256 186 22.1662345886231 550.588665100574
2014 257 187 20.7351585388184 540.337533393383
2014 258 188 21.015943145752 544.180598064423
2014 259 189 19.0570083618164 540.346387457848
2014 260 190 20.4295936584473 530.135187999725
2014 261 191 22.3357711791992 422.02775176847
2014 262 192 20.4519973754883 488.07441618824
2014 263 193 20.2820602416992 510.542632205486
2014 264 194 19.7621398925781 440.657318428516
2014 265 195 19.4994064331055 497.633281723976
2014 266 196 20.0349937438965 504.103491016865
2014 267 197 20.9945236206055 446.994383599281
2014 268 198 19.8543487548828 296.684176739931
2014 269 199 18.1605392456055 452.19539876318
2014 270 200 18.3705307006836 473.696191683769
2014 271 201 18.9582649230957 431.994885716438
2014 272 202 18.513688659668 435.997716176987
2014 273 203 18.3278938293457 486.885111254215
2014 274 204 20.7938514709473 493.275451512814
2014 275 205 20.7543960571289 495.907005274296
2014 276 206 23.5883842468262 489.636491247892
2014 277 207 22.1854721069336 487.337766290665
2014 278 208 21.0962501525879 484.999073803186
2014 279 209 20.7990165710449 479.864625156164
2014 280 210 20.2695671081543 460.516146590471
2014 281 211 20.0804000854492 449.111183665037
2014 282 212 19.9735160827637 452.976440703154
2014 283 213 17.7070404052735 441.061148090124
2014 284 214 17.5739875793457 428.77308484745
2014 285 215 20.3657432556153 443.399828481197
2014 286 216 22.1670280456543 431.750805211782
2014 287 217 18.7562042236328 345.135266255259
2014 288 218 18.7978454589844 275.054704782724
2014 289 219 16.9707847595215 342.951898412585
2014 290 220 16.9501625061035 329.585476194739
2014 291 221 19.1761947631836 353.979660778046
2014 292 222 18.6124435424805 378.356078514457
2014 293 223 18.6935478210449 229.319492942333
2014 294 224 15.1500640869141 339.317406635284
2014 295 225 15.6025711059571 366.405287614822
2014 296 226 17.7990470886231 283.286685850799
2014 297 227 17.1133514404297 331.644581385672
2014 298 228 19.1050010681153 267.430686259329
2014 299 229 16.2101341247559 332.412300395548
2014 300 230 14.5746284484864 362.886171474695
2014 301 231 14.5865188598633 353.708960118055
2014 302 232 17.1082015991211 338.310044359326
2014 303 233 18.8583198547364 307.84948732698
2014 304 234 17.333268737793 200.225763195321
2014 305 235 13.939096069336 228.747025597155
2014 306 236 12.8996482849121 320.803208430171
2014 307 237 13.2653060913086 339.179834724903
2014 308 238 14.3396469116211 324.446585520983
2014 309 239 15.7084594726563 327.224605137646
2014 310 240 15.7921348571778 319.902354937494
2014 311 241 14.9206443786621 308.475209504813
2014 312 242 15.9971710205078 299.333505475581
2014 313 243 16.7790351867676 293.573322459817
2014 314 244 15.0378318786621 315.837394348115
2014 315 245 15.1431251525879 253.678169662714
2014 316 246 15.5125442504883 231.196649568751
2014 317 247 15.4282775878906 165.518304736683
2014 318 248 14.721753692627 223.253114263959
2014 319 249 13.3113075256348 256.78457267841
2014 320 250 12.7267356872559 258.098139872381
2014 321 251 12.2595611572266 273.239663711961
2014 322 252 10.7961708068848 250.474134960395
2014 323 253 12.7703720092774 114.528832354977
2014 324 254 12.9700485229492 88.3950635291338
2014 325 255 12.4433837890625 138.954076617002
2014 326 256 15.1706939697266 107.850055225253
2014 327 257 12.1427703857422 204.437159068108
2014 328 258 11.1116539001465 267.186608967781
2014 329 259 11.5915237426758 270.452773906231
2014 330 260 12.3729873657227 270.022313504934
2014 331 261 12.9722267150879 258.306715402365
2014 332 262 9.86757431030276 260.649834922075
2014 333 263 14.100904083252 140.933302630305
2014 334 264 13.4865966796875 77.3983811753392
2014 335 265 13.4296852111817 147.980414049864
2014 336 266 13.1471153259278 96.9820655795336
2014 337 267 15.4613891601563 80.0920762485266
2014 338 268 15.6479812622071 154.992019370556
2014 339 269 14.8270469665528 141.332698203444
2014 340 270 16.4532447814942 142.144801695466
2014 341 271 14.6870552062989 147.154994935989
2014 342 272 13.7917762756348 131.303438001275
2014 343 273 14.684285736084 95.8504455029964
2014 344 274 13.5341850280762 120.688401132286
2014 345 275 15.6701866149903 54.2023872805834
2014 346 276 11.3577362060547 102.515905389547
2014 347 277 10.5762687683106 133.038587227046
2014 348 278 10.0192695617676 175.250243609667
2014 349 279 10.7170539855957 91.5414128197432
2014 350 280 11.5034767150879 146.267447803855
2014 351 281 11.6095710754395 153.811583747506
2014 352 282 11.9470535278321 126.253301927328
2014 353 283 12.997216796875 100.257103987098
2014 354 284 13.0523277282715 50.1729302384853
2014 355 285 14.951188659668 85.3330331118107
2014 356 286 13.9581275939942 148.983336063147
2014 357 287 13.6952033996582 222.875911617041
2014 358 288 11.8419624328614 161.60866597867
2014 359 289 9.86896286010744 189.863667841434
2014 360 290 9.49200592041018 253.793553490162
2014 361 291 8.45612869262698 245.863337847233
2014 362 292 8.49499282836916 233.86816536355
2014 363 293 7.87532958984377 219.387862573147
2014 364 294 7.99886474609377 227.056249261141
2014 365 295 7.65602264404299 262.136478816032
2015 1 296 7.06533966064455 247.519764362097
2015 2 297 5.41138992309573 259.926284675121
2015 3 298 6.37663040161135 259.691704132557
2015 4 299 7.50493011474612 218.740864173412
2015 5 300 7.06512603759768 224.061103521347
2015 6 301 7.82428512573244 231.142970054626
2015 7 302 8.70558319091799 250.653488029957
2015 8 303 10.331689453125 230.762313828945
2015 9 304 10.813680267334 160.65192627573
2015 10 305 11.0345321655274 219.816417034626
2015 11 306 9.4377494812012 229.899216933489
2015 12 307 9.43057022094729 230.598550177574
2015 13 308 10.4008804321289 250.215299285889
2015 14 309 9.42719421386721 266.994871371746
2015 15 310 8.83130035400393 228.792669302463
2015 16 311 9.81552658081057 179.693275605678
2015 17 312 11.0109039306641 126.893606226921
2015 18 313 11.3344856262207 171.075539110184
2015 19 314 12.6131759643555 161.333560715198
2015 20 315 10.2393051147461 192.130778088093
2015 21 316 9.70014724731448 275.586046177864
2015 22 317 9.85750732421877 230.961490714073
2015 23 318 9.3394485473633 287.780117581367
2015 24 319 12.2090278625489 297.40258399868
2015 25 320 10.1275077819824 303.838231342316
2015 26 321 9.86699829101565 294.206908340454
2015 27 322 13.0190216064453 215.270752838135
2015 28 323 13.026197052002 256.526991743088
2015 29 324 11.6304260253906 304.909362967491
2015 30 325 11.3458724975586 293.149049495697
2015 31 326 13.2350173950196 327.434092885017
2015 32 327 11.1414772033692 295.255906568527
2015 33 328 12.1748558044434 309.937484718323
2015 34 329 13.2820602416992 291.30777302742
2015 35 330 12.6055847167969 291.493666547775
2015 36 331 12.6243606567383 207.679886717796
2015 37 332 14.9147087097168 117.780134356499
2015 38 333 16.5435615539551 126.650165949702
2015 39 334 15.7356735229492 175.576945080757
2015 40 335 16.257527923584 194.224354820251
2015 41 336 11.1849266052246 300.801885499
2015 42 337 11.7584663391114 325.300680171013
2015 43 338 13.6682830810547 345.568078777313
2015 44 339 14.5537925720215 357.585103164673
2015 45 340 14.8729415893555 368.964759906769
2015 46 341 15.004354095459 357.6470629673
2015 47 342 14.1142059326172 384.509434700012
2015 48 343 13.0177551269531 333.90071307373
2015 49 344 11.6677642822266 365.060877031326
2015 50 345 12.1988998413086 368.039692256654
2015 51 346 13.0711265563965 372.731419809014
2015 52 347 12.7734924316406 393.268809829056
2015 53 348 12.6359611511231 387.14741576739
2015 54 349 13.3404861450196 421.069526767172
2015 55 350 10.7598892211914 415.80681281051
2015 56 351 11.2908226013184 429.749219505675
2015 57 352 12.4041458129883 421.551970768183
2015 58 353 14.7246528625489 396.800871500894
2015 59 354 11.7744995117188 360.833898358524
2015 60 355 10.825284576416 405.064514357865
2015 61 356 11.4642082214356 387.57234390226
2015 62 357 10.9923454284668 406.547296537518
2015 63 358 11.4123168945313 455.890127959937
2015 64 359 13.2415596008301 475.32539807421
2015 65 360 14.0047317504883 488.413548479557
2015 66 361 13.2717224121094 487.134401970327
2015 67 362 13.8153015136719 477.826183712125
2015 68 363 13.533708190918 493.30447469461
2015 69 364 13.4552398681641 416.475169334888
2015 70 365 15.3869911193848 257.425506061941
2015 71 366 14.4023452758789 446.218954517245
2015 72 367 16.135816192627 440.026766351461
2015 73 368 18.6854034423828 368.654929770589
2015 74 369 18.975228881836 414.217829329371
2015 75 370 15.4201141357422 348.697361174464
2015 76 371 16.0316139221192 412.380980271339
2015 77 372 14.3074203491211 518.15735445261
2015 78 373 15.4201065063477 519.60029831934
2015 79 374 14.973348236084 425.610757717848
2015 80 375 15.1996856689453 464.667200602054
2015 81 376 16.6239219665528 378.954588348627
2015 82 377 14.9609046936035 429.77577652502
2015 83 378 14.2802101135254 361.922737419605
2015 84 379 15.7708984375 494.402149990559
2015 85 380 16.8135581970215 548.1622935853
2015 86 381 17.7815452575684 564.375336589813
2015 87 382 16.0119949340821 558.740828607082
2015 88 383 16.9196563720703 585.873198652267
2015 89 384 17.0107780456543 557.771495286465
2015 90 385 16.2022644042969 549.401624714375
2015 91 386 14.2129188537598 583.155537135601
2015 92 387 14.0302482604981 601.594905341148
2015 93 388 14.2165084838867 616.60844563818
2015 94 389 13.3242507934571 612.757687653541
2015 95 390 11.7909523010254 441.965426692486
2015 96 391 10.7284637451172 487.647835456848
2015 97 392 12.7289787292481 416.882367782295
2015 98 393 11.3690773010254 519.210779964924
2015 99 394 12.0898529052735 524.309727679253
2015 100 395 13.7575050354004 610.535758487701
2015 101 396 14.511190032959 609.473477398872
2015 102 397 16.1676651000977 620.14052080822
2015 103 398 15.7215400695801 632.206228185654
2015 104 399 13.5311752319336 646.635521696091
2015 105 400 14.5377670288086 662.056289988518
2015 106 401 18.4550643920899 668.761901875496
2015 107 402 17.6752372741699 668.465351449966
2015 108 403 16.5283714294434 639.983007987022
2015 109 404 16.5330101013184 618.547122863769
2015 110 405 15.1091896057129 607.291392783165
2015 111 406 13.869100189209 570.766717139244
2015 112 407 14.1639839172364 581.225720526695
2015 113 408 15.3431259155274 643.466384542465
2015 114 409 15.11171875 659.798940532684
2015 115 410 14.3694320678711 633.051632828712
2015 116 411 15.2811065673828 654.474264324188
2015 117 412 18.9499183654785 681.013518901825
2015 118 413 17.6374755859375 683.124809307098
2015 119 414 16.5958724975586 689.569277954101
2015 120 415 20.0450988769531 699.125363332748
2015 121 416 21.7581153869629 698.142744127273
2015 122 417 17.491716003418 672.077104127884
2015 123 418 15.2716117858887 673.033147531509
2015 124 419 13.8600250244141 651.694621332168
2015 125 420 14.0640007019043 708.535376556396
2015 126 421 14.4266067504883 707.597032209396
2015 127 422 15.7360931396485 609.637247602463
2015 128 423 15.4747444152832 662.93708266449
2015 129 424 14.9784103393555 692.38874029541
2015 130 425 14.7160087585449 701.94926707077
2015 131 426 14.7917304992676 706.344450360978
2015 132 427 14.2454086303711 736.406911931718
2015 133 428 14.2133422851563 686.032787753731
2015 134 429 14.7326675415039 591.158030855993
2015 135 430 14.3266235351563 551.220781709015
2015 136 431 14.5904975891114 647.038318961818
2015 137 432 14.0990158081055 570.713590472568
2015 138 433 14.3152328491211 632.79491761719
2015 139 434 14.4074111938477 673.342967768483
2015 140 435 14.6371170043946 712.089600456677
2015 141 436 14.9393859863281 652.557716558069
2015 142 437 15.0537124633789 504.741648708582
2015 143 438 15.5188308715821 475.294424063593
2015 144 439 15.6793495178223 656.474881916255
2015 145 440 15.5525756835938 688.082090903208
2015 146 441 14.8607078552246 676.348347720578
2015 147 442 15.0425392150879 679.707803205967
2015 148 443 15.3043037414551 669.505497834399
2015 149 444 15.9417510986328 697.098189548239
2015 150 445 16.4153076171875 636.924527297556
2015 151 446 16.0016609191895 647.773052378535
2015 152 447 16.0115829467774 582.482748979837
2015 153 448 17.3031364440918 565.362360178262
2015 154 449 17.7998977661133 746.255107273877
2015 155 450 16.2549911499024 674.422969090521
2015 156 451 19.0353523254395 704.812972548991
2015 157 452 18.8307434082031 665.911441141754
2015 158 453 18.4348121643067 673.422657727152
2015 159 454 22.1955963134766 706.694095457464
2015 160 455 23.2336135864258 650.579247672617
2015 161 456 19.3542877197266 301.319737291962
2015 162 457 19.322225189209 649.149587706178
2015 163 458 21.2301422119141 747.312973552883
2015 164 459 21.9796043395996 750.309480831265
2015 165 460 17.8133979797364 760.131134088039
2015 166 461 16.4271217346192 770.891148135364
2015 167 462 17.2803665161133 774.024860525846
2015 168 463 19.057504272461 763.711895209253
2015 169 464 18.4584403991699 776.990388469934
2015 170 465 18.394734954834 777.685284349441
2015 171 466 19.3266578674317 748.778041996419
2015 172 467 17.8971382141114 720.990616715729
2015 173 468 16.5910202026367 739.213109672546
2015 174 469 18.5423866271973 757.254132298112
2015 175 470 19.3606163024903 754.748940166652
2015 176 471 21.4634376525879 753.009450032532
2015 177 472 23.2055641174317 748.348689739227
2015 178 473 20.0592361450196 677.773563344955
2015 179 474 19.5491920471192 660.099905894041
2015 180 475 18.5105453491211 726.912805119991
2015 181 476 21.9939437866211 733.923817905843
2015 182 477 24.4308906555176 682.106780836999
2015 183 478 22.4485069274903 575.325666401565
2015 184 479 20.9749084472656 654.142292348623
2015 185 480 21.3145195007324 718.529662964523
2015 186 481 19.35048828125 662.795437856734
2015 187 482 19.0477958679199 682.783979990959
2015 188 483 19.7048698425293 718.13572967428
2015 189 484 18.5018898010254 683.067246988714
2015 190 485 17.6450668334961 571.196049172759
2015 191 486 17.7853446960449 435.782086164951
2015 192 487 18.8866401672364 546.267896321356
2015 193 488 19.3327690124512 668.562730282545
2015 194 489 20.1446662902832 714.24512537545
2015 195 490 19.7453590393067 718.078183295429
2015 196 491 19.5521408081055 725.903623280108
2015 197 492 20.904672241211 719.016536903739
2015 198 493 20.6931015014649 722.97351701206
2015 199 494 20.1166130065918 707.809487860143
2015 200 495 22.2114234924317 689.547172403932
2015 201 496 25.9367652893067 624.708341051072
2015 202 497 21.8574729919434 660.427440032512
2015 203 498 19.5890518188477 712.996947238147
2015 204 499 18.0633522033692 674.391969501048
2015 205 500 18.6636825561524 722.318464989662
2015 206 501 18.8893829345703 695.708352411956
2015 207 502 19.4734741210938 706.35771894142
2015 208 503 20.8827262878418 723.234669418841
2015 209 504 23.5597282409668 730.58650934726
2015 210 505 25.067716217041 728.58147244072
2015 211 506 22.4225708007813 693.411200176388
2015 212 507 21.2191787719727 675.330318541705
2015 213 508 20.1339050292969 605.047326172337
2015 214 509 19.7620254516602 663.58329637295
2015 215 510 19.5291496276856 653.624426136054
2015 216 511 18.2618461608887 577.02087329793
2015 217 512 18.7942520141602 647.626991146527
2015 218 513 20.9177452087403 660.201712680258
2015 219 514 20.6950050354004 626.000770243864
2015 220 515 19.7812248229981 652.663952835569
2015 221 516 19.8693939208985 696.066875335038
2015 222 517 20.4557968139649 683.18675162664
2015 223 518 19.8643280029297 643.674419408525
2015 224 519 19.6392646789551 670.306633966446
2015 225 520 20.4629722595215 620.795605654716
2015 226 521 20.1718727111817 664.526077517509
2015 227 522 22.3198448181153 667.580134513855
2015 228 523 25.2071357727051 645.812253474235
2015 229 524 25.8753829956055 662.733488071441
2015 230 525 21.6357742309571 636.694366415977
2015 231 526 19.2800384521485 633.989972135544
2015 232 527 18.3793388366699 645.754719947815
2015 233 528 18.7067123413086 601.099196679115
2015 234 529 18.5229850769043 600.005932664871
2015 235 530 19.536752319336 601.80737667942
2015 236 531 19.0013938903809 626.399125167846
2015 237 532 19.7582298278809 632.564768654823
2015 238 533 20.2543579101563 614.514871930122
2015 239 534 22.8988624572754 601.453283655166
2015 240 535 25.0172973632813 574.019927331924
2015 241 536 22.865323638916 486.651948511123
2015 242 537 20.8369575500489 551.070296067238
2015 243 538 21.2082077026367 596.943032188415
2015 244 539 21.0594993591309 600.691982292175
2015 245 540 19.9482818603516 593.14537187767
2015 246 541 18.8606964111328 604.091269680023
2015 247 542 18.0631462097168 598.470060182571
2015 248 543 18.0007034301758 595.708126327514
2015 249 544 20.1261001586914 616.426974865913
2015 250 545 21.5689064025879 612.925892197609
2015 251 546 23.8170715332031 609.048564963341
2015 252 547 25.7785659790039 593.765034418106
2015 253 548 26.1934791564942 564.428455432415
2015 254 549 24.6772666931153 559.466712704182
2015 255 550 21.9840293884278 471.235630183697
2015 256 551 21.5045715332031 390.378516673088
2015 257 552 20.121671295166 394.202731112957
2015 258 553 17.8209892272949 438.557278183937
2015 259 554 16.9753433227539 485.319667093754
2015 260 555 18.2139678955078 398.00036924696
2015 261 556 19.2931190490723 546.87429105854
2015 262 557 20.5131698608399 550.747185464382
2015 263 558 23.1509338378906 547.033634985924
2015 264 559 25.0428176879883 536.738381137371
2015 265 560 22.0610252380371 511.345500848293
2015 266 561 17.1822792053223 531.152563704967
2015 267 562 21.2571464538574 504.064446593523
2015 268 563 22.378060913086 518.241446644306
2015 269 564 21.785115814209 501.776130088806
2015 270 565 21.0902877807617 443.53229016447
2015 271 566 19.7531639099121 398.34117739439
2015 272 567 17.7288070678711 417.882685099363
2015 273 568 16.7599769592285 276.435869536877
2015 274 569 18.6113639831543 300.629258836865
2015 275 570 19.1912284851074 440.212668188095
2015 276 571 18.7706199645996 479.486005914688
2015 277 572 16.4330268859864 470.593846342564
2015 278 573 18.7923522949219 459.218612600565
2015 279 574 19.3291831970215 413.06259984231
2015 280 575 18.5856338500977 427.496308540583
2015 281 576 20.0750556945801 417.355966925025
2015 282 577 20.7513252258301 432.245583206654
2015 283 578 19.7118202209473 434.777353975058
2015 284 579 19.2251945495606 430.904447724819
2015 285 580 19.5705009460449 433.17950228548
2015 286 581 22.7206207275391 426.903210209608
2015 287 582 23.1157051086426 411.11509047699
2015 288 583 21.7690864562989 363.901230340362
2015 289 584 19.6071983337403 374.696640295863
2015 290 585 18.5662284851074 338.720805765033
2015 291 586 17.9789863586426 332.249748085737
2015 292 587 17.8414474487305 340.460286196828
2015 293 588 18.6847778320313 389.41361807096
2015 294 589 19.5759788513184 400.620655207157
2015 295 590 18.4970375061035 395.955483317137
2015 296 591 18.3470626831055 376.546760496259
2015 297 592 17.8935485839844 302.235958668709
2015 298 593 18.4833274841309 302.377592010081
2015 299 594 17.5096488952637 372.523390213966
2015 300 595 17.6138511657715 263.905409678429
2015 301 596 18.1532112121582 164.945308226943
2015 302 597 17.214128112793 317.22736682868
2015 303 598 17.9711776733399 358.142793365061
2015 304 599 18.4240623474121 348.874413104772
2015 305 600 17.8762565612793 276.781112339795
2015 306 601 16.2811485290528 166.472332874112
2015 307 602 12.8831802368164 326.150495087743
2015 308 603 13.3320556640625 352.096666454911
2015 309 604 12.1193786621094 310.473037646979
2015 310 605 13.1495872497559 332.27630457744
2015 311 606 12.810620880127 329.877330175266
2015 312 607 12.0868927001953 221.263771553039
2015 313 608 11.4114738464356 148.387039288327
2015 314 609 10.2279106140137 241.044288155854
2015 315 610 10.0891052246094 292.299230964221
2015 316 611 11.6599555969239 316.116396819703
2015 317 612 11.5559669494629 311.026313825071
2015 318 613 12.4577194213867 307.485391603488
2015 319 614 13.2120300292969 216.443681454668
2015 320 615 10.7651611328125 299.801573619802
2015 321 616 11.0049987792969 291.489239326537
2015 322 617 11.2619262695313 263.077720409542
2015 323 618 12.4265037536621 273.983771120513
2015 324 619 13.9192977905274 281.220545844316
2015 325 620 13.9171920776367 264.817198667765
2015 326 621 13.7336746215821 254.849481194258
2015 327 622 12.53408203125 268.769755208969
2015 328 623 11.9748893737793 151.410101215601
2015 329 624 8.29742202758791 212.756694482803
2015 330 625 7.40325698852541 255.088496077299
2015 331 626 7.38364562988284 278.51616492033
2015 332 627 6.39730606079104 279.472214624166
2015 333 628 6.4086967468262 277.210445192337
2015 334 629 5.87966690063479 209.587567409515
2015 335 630 8.45520172119143 229.040540266037
2015 336 631 10.2810646057129 178.542473528862
2015 337 632 9.90665588378909 153.990555478096
2015 338 633 10.5692077636719 159.850789686918
2015 339 634 8.73848876953127 200.460819482565
2015 340 635 10.8362518310547 147.408858534217
2015 341 636 13.2267890930176 148.05507709384
2015 342 637 11.9101310729981 134.34725589478
2015 343 638 13.5434127807617 115.735251324773
2015 344 639 15.2638069152832 140.335855137706
2015 345 640 11.0627990722656 211.198685327291
2015 346 641 8.84142074584963 209.383957947969
2015 347 642 11.7785049438477 99.2655057209729
2015 348 643 7.99219665527346 232.457539058924
2015 349 644 7.9325004577637 255.566522819281
2015 350 645 7.23493728637698 253.357870465994
2015 351 646 8.34234771728518 200.164265276909
2015 352 647 9.42719421386721 187.350534987092
2015 353 648 11.775968170166 165.719882622361
2015 354 649 7.90233383178713 140.092413096428
2015 355 650 11.24208984375 41.8847593372314
2015 356 651 14.365853881836 120.515504002094
2015 357 652 11.4089370727539 226.327305529594
2015 358 653 9.16415939331057 190.156713333607
2015 359 654 6.07984695434573 225.406666791439
2015 360 655 6.0009590148926 256.332249450445
2015 361 656 5.17661437988284 241.579853401422
2015 362 657 6.44793090820315 217.306785711527
2015 363 658 5.34852752685549 246.590266771316
2015 364 659 6.06887969970705 207.157595953703
2015 365 660 7.14930114746096 199.380832658887
2016 1 661 5.03922042846682 264.058638400555
2016 2 662 5.3807083129883 234.812251722813
2016 3 663 6.77367935180666 194.649628887892
2016 4 664 8.35781250000002 139.903860383034
2016 5 665 11.7517791748047 117.448400276899
2016 6 666 10.2409301757813 99.0470225954055
2016 7 667 8.55064926147463 198.872819054842
2016 8 668 7.89341888427737 243.943953127623
2016 9 669 9.76501617431643 134.367872075081
2016 10 670 9.5439277648926 200.270171445012
2016 11 671 9.53973922729494 216.152767251015
2016 12 672 9.87682113647463 238.434675446033
2016 13 673 13.2569747924805 207.897733396053
2016 14 674 8.7727981567383 173.778415291786
2016 15 675 11.2549301147461 189.402896495223
2016 16 676 11.8290382385254 120.803813751697
2016 17 677 13.7971664428711 111.716601664543
2016 18 678 13.8505531311035 169.061258030116
2016 19 679 13.5521942138672 110.399357842684
2016 20 680 10.9848381042481 179.968579199791
2016 21 681 11.3573165893555 275.446587732315
2016 22 682 13.8446899414063 126.833772367477
2016 23 683 13.4345222473145 170.204946979761
2016 24 684 10.1862808227539 201.881125179291
2016 25 685 10.888314819336 211.440047668934
2016 26 686 10.7097221374512 275.281922898769
2016 27 687 11.1435409545899 289.095190350532
2016 28 688 10.4008918762207 301.128400735855
2016 29 689 13.8756767272949 139.636856938839
2016 30 690 12.6579490661621 183.840215453505
2016 31 691 10.337663269043 302.570242821693
2016 32 692 9.5732360839844 338.567524278641
2016 33 693 8.14969406127932 212.445782600403
2016 34 694 7.81678924560549 260.627576276779
2016 35 695 10.2876182556153 290.959806832313
2016 36 696 10.4157615661621 349.759658517837
2016 37 697 11.1115127563477 348.909673369408
2016 38 698 12.4839645385742 349.443698402405
2016 39 699 13.0300117492676 358.063645011902
2016 40 700 13.8084655761719 362.998855283737
2016 41 701 12.1629959106446 350.502832409859
2016 42 702 13.7309967041016 332.728929278374
2016 43 703 13.2615791320801 331.189178890228
2016 44 704 12.8390632629395 369.135616587639
2016 45 705 14.2267967224121 368.646108341217
2016 46 706 17.4185043334961 381.453632797241
2016 47 707 15.2726264953614 388.68069046402
2016 48 708 16.3797966003418 311.97342964077
2016 49 709 12.9569412231446 308.319853642464
2016 50 710 11.5168586730957 312.049070160014
2016 51 711 10.6538177490235 272.780933756165
2016 52 712 9.75434646606448 398.373114534005
2016 53 713 11.3497787475586 420.917585150581
2016 54 714 14.620004272461 411.220705102831
2016 55 715 13.3059631347656 433.814123873547
2016 56 716 14.4862113952637 421.358145250738
2016 57 717 14.5695472717285 407.709528315291
2016 58 718 14.1493278503418 411.367561949104
2016 59 719 12.0809188842774 403.361739915863
2016 60 720 13.3545433044434 405.751469041973
2016 61 721 15.3168006896973 444.365429021329
2016 62 722 14.7594505310059 455.691069707781
2016 63 723 15.3180595397949 276.265414494455
2016 64 724 16.2564712524414 167.116540540278
2016 65 725 15.9556060791016 162.417176775396
2016 66 726 13.4736763000489 321.759300219417
2016 67 727 11.5235610961914 334.891711307764
2016 68 728 10.0738464355469 458.739421075582
2016 69 729 12.4129844665528 240.566296380043
2016 70 730 15.9997840881348 167.481454869866
2016 71 731 13.8453155517578 86.6889530781805
2016 72 732 12.0457397460938 272.887743382394
2016 73 733 13.5515609741211 107.662517192334
2016 74 734 13.7621932983399 346.114980937481
2016 75 735 11.3001571655274 516.279889824629
2016 76 736 13.4426895141602 532.807745802164
2016 77 737 15.6704345703125 538.174621831655
2016 78 738 14.6631370544434 541.917200406074
2016 79 739 13.9824501037598 506.160240999937
2016 80 740 15.2064605712891 447.85435155797
2016 81 741 14.608487701416 332.292807003498
2016 82 742 12.1399589538574 441.900046379328
2016 83 743 12.1935668945313 532.255915112972
2016 84 744 13.4123283386231 549.65601211214
2016 85 745 13.840707397461 566.846954708099
2016 86 746 15.1740089416504 575.769501961708
2016 87 747 15.1143394470215 567.131763052463
2016 88 748 12.8796821594239 584.175840674877
2016 89 749 11.6630073547364 587.268694874287
2016 90 750 12.1640411376953 601.286665252209
2016 91 751 13.4125419616699 600.450052175522
2016 92 752 13.3145500183106 599.33750497961
2016 93 753 13.8195625305176 571.181387951851
2016 94 754 14.028939819336 597.757704906463
2016 95 755 14.7602859497071 605.776868943691
2016 96 756 15.9914070129395 623.853392375946
2016 97 757 19.3723922729492 627.769527901649
2016 98 758 20.6495796203614 602.501568195343
2016 99 759 15.7278038024903 588.554799273491
2016 100 760 15.6691757202149 526.319410298347
2016 101 761 14.0398193359375 546.861326232433
2016 102 762 14.1832443237305 600.436695728302
2016 103 763 14.2887741088867 635.330341511726
2016 104 764 13.8610206604004 638.107239627838
2016 105 765 13.9874816894531 621.534862831592
2016 106 766 13.7228370666504 632.691379710197
2016 107 767 16.6666427612305 669.293895720482
2016 108 768 17.997216796875 667.544985384941
2016 109 769 19.8610740661621 669.67216441822
2016 110 770 19.2926155090332 656.980320907592
2016 111 771 17.9588981628418 651.511088626861
2016 112 772 17.427507019043 574.701474072456
2016 113 773 16.2989784240723 396.526300826073
2016 114 774 13.5603576660156 573.873734212875
2016 115 775 15.2686477661133 672.462406885147
2016 116 776 13.7640777587891 693.925487751007
2016 117 777 13.9343009948731 690.16510251236
2016 118 778 13.927808380127 573.660132868767
2016 119 779 14.6880508422852 654.016514181137
2016 120 780 15.8523803710938 690.191805326462
2016 121 781 17.883317565918 704.392236869812
2016 122 782 20.4956871032715 715.490930412292
2016 123 783 17.9823547363281 714.151408792496
2016 124 784 16.4511924743653 615.47820140171
2016 125 785 16.8626152038574 464.64921576786
2016 126 786 15.6310745239258 639.673669645309
2016 127 787 14.5525833129883 643.536416679382
2016 128 788 14.8159805297852 577.157945475578
2016 129 789 15.6783920288086 566.735704071045
2016 130 790 15.4378143310547 705.064194185257
2016 131 791 16.0414520263672 728.400805257899
2016 132 792 17.4436317443848 720.14131942187
2016 133 793 16.5119148254395 712.193349653058
2016 134 794 16.244962310791 730.407830755642
2016 135 795 15.7939659118653 601.891896387681
2016 136 796 17.3448081970215 668.630825023873
2016 137 797 17.9264465332031 732.539441217519
2016 138 798 21.3409362792969 743.219805529084
2016 139 799 22.5442138671875 745.422643602751
2016 140 800 19.6014419555664 744.403555807307
2016 141 801 15.2035346984864 727.586423879817
2016 142 802 13.8340126037598 646.802826247148
2016 143 803 14.3352523803711 693.814221536681
2016 144 804 15.1913887023926 690.752524085507
2016 145 805 16.0473114013672 666.565967915565
2016 146 806 15.8398147583008 629.714233011573
2016 147 807 16.551904296875 682.5598092397
2016 148 808 17.9547172546387 721.013542427361
2016 149 809 21.7163444519043 716.995055611834
2016 150 810 20.8754936218262 741.399681266993
2016 151 811 19.3001571655274 738.992160077393
2016 152 812 21.2890106201172 743.793859743833
2016 153 813 21.4148422241211 756.881764913469
2016 154 814 19.4052635192871 763.022988215774
2016 155 815 22.676114654541 762.030594579518
2016 156 816 23.6430107116699 616.328183715045
2016 157 817 20.477685546875 643.505266861379
2016 158 818 19.3357559204102 736.71813673526
2016 159 819 18.1261917114258 682.697747775107
2016 160 820 17.5160766601563 664.67019115743
2016 161 821 17.2750869750977 711.19207534182
2016 162 822 17.6452613830567 739.828788967609
2016 163 823 18.5765548706055 753.544160276473
2016 164 824 21.1122947692871 753.027956398189
2016 165 825 18.1308036804199 760.64215144366
2016 166 826 17.188607788086 743.0907470662
2016 167 827 15.5917106628418 677.606779813468
2016 168 828 16.0910659790039 628.530509024918
2016 169 829 18.9712272644043 588.354532766878
2016 170 830 18.4877830505371 543.559311581611
2016 171 831 21.4341064453125 755.582338812709
2016 172 832 21.508016204834 753.339444875896
2016 173 833 22.1143585205078 761.870392941415
2016 174 834 20.6895767211914 774.179505944908
2016 175 835 19.3280044555664 771.598426323473
2016 176 836 19.5405250549317 761.830334499121
2016 177 837 22.3260437011719 773.903604712784
2016 178 838 22.1621032714844 768.527816530883
2016 179 839 23.494775390625 759.961270572424
2016 180 840 23.2759796142578 765.319269163668
2016 181 841 21.0509506225586 773.547601527572
2016 182 842 19.1655288696289 773.489742469251
2016 183 843 21.2188621520996 759.400555388749
2016 184 844 19.120938873291 717.426724724352
2016 185 845 18.1686950683594 708.392922612548
2016 186 846 17.9777503967285 698.495790245473
2016 187 847 17.2252593994141 703.729176712274
2016 188 848 17.0696846008301 750.357855993032
2016 189 849 16.843148803711 726.197984193325
2016 190 850 16.8236747741699 718.307860635817
2016 191 851 19.9730850219727 686.413619597792
2016 192 852 17.924146270752 728.463092295945
2016 193 853 21.0855003356934 752.275860336423
2016 194 854 19.206990814209 750.464646584749
2016 195 855 20.2892433166504 755.81372993648
2016 196 856 22.9882942199707 756.592507076621
2016 197 857 20.4376922607422 727.737724942148
2016 198 858 19.0338340759278 737.323362342298
2016 199 859 17.7122589111328 747.741161279082
2016 200 860 17.2177177429199 717.79609645319
2016 201 861 17.5414138793946 720.759879490852
2016 202 862 18.4735466003418 734.86686747089
2016 203 863 18.6263824462891 726.807661056906
2016 204 864 18.9858833312989 744.29672399646
2016 205 865 22.397233581543 744.00747595644
2016 206 866 22.5416923522949 739.579584091872
2016 207 867 20.82021484375 732.842065731555
2016 208 868 21.7565399169922 738.645043087721
2016 209 869 24.0929542541504 721.445199585229
2016 210 870 21.7523551940918 704.160836342975
2016 211 871 21.6315475463867 707.805502535701
2016 212 872 21.1470542907715 704.668157396331
2016 213 873 19.4454627990723 689.217224276632
2016 214 874 18.9289337158203 690.263014831051
2016 215 875 18.3805862426758 703.809267309233
2016 216 876 19.7511459350586 708.922498940587
2016 217 877 17.9090744018555 690.360910430558
2016 218 878 16.6132522583008 647.64390047171
2016 219 879 17.3751655578614 693.943285126362
2016 220 880 17.6465126037598 701.673206423622
2016 221 881 19.0868049621582 697.579039666757
2016 222 882 19.3801399230957 689.742345999172
2016 223 883 19.809774017334 669.529742035968
2016 224 884 18.5918441772461 668.13684534645
2016 225 885 19.2385955810547 676.552095582008
2016 226 886 19.9402214050293 677.068309666633
2016 227 887 20.613355255127 672.449037333488
2016 228 888 19.1422897338867 655.743176203728
2016 229 889 18.4662109375 653.5492582798
2016 230 890 19.4180313110352 647.861954025268
2016 231 891 19.6445747375489 654.764152654648
2016 232 892 19.3755317687989 645.917262366295
2016 233 893 18.5434776306153 616.782108181
2016 234 894 17.7572761535645 616.479485360145
2016 235 895 17.3244949340821 610.502942956924
2016 236 896 17.5030914306641 618.130500497818
2016 237 897 17.797681427002 611.775686372757
2016 238 898 17.3582054138184 615.607253914833
2016 239 899 17.1517616271973 570.504978151321
2016 240 900 18.0250640869141 580.157367042541
2016 241 901 17.3745399475098 603.805462878227
2016 242 902 17.6331115722656 607.539133206367
2016 243 903 18.7792373657227 607.543589723587
2016 244 904 19.6586051940918 617.600925933838
2016 245 905 18.6737113952637 603.872209833145
2016 246 906 18.8227783203125 599.288555364609
2016 247 907 18.4486251831055 595.367975418091
2016 248 908 17.0148254394531 596.703007255554
2016 249 909 17.8684516906739 572.939225434303
2016 250 910 19.1064849853516 596.836522334099
2016 251 911 21.8120246887207 591.709951974869
2016 252 912 21.5220390319824 555.459016968727
2016 253 913 17.7361312866211 548.872790551185
2016 254 914 18.0118728637696 549.344498937607
2016 255 915 17.6923728942871 519.181377636432
2016 256 916 16.2895599365235 508.007044769287
2016 257 917 15.5693069458008 520.28058199358
2016 258 918 17.6184631347656 554.933895897865
2016 259 919 18.1483856201172 549.558102297783
2016 260 920 17.6454635620117 550.483742899418
2016 261 921 19.1561065673828 550.546043417454
2016 262 922 21.1897636413574 543.452510909557
2016 263 923 24.0387283325196 526.813388670444
2016 264 924 22.0601402282715 515.234098907947
2016 265 925 19.0773788452149 492.76972148323
2016 266 926 16.5552536010742 532.923450184345
2016 267 927 17.171231842041 514.125999660969
2016 268 928 19.8470397949219 502.711370195866
2016 269 929 22.4238182067871 509.328750400543
2016 270 930 23.96376953125 508.37196609211
2016 271 931 23.5632377624512 503.414489866734
2016 272 932 20.4517150878906 499.80985693121
2016 273 933 17.7488990783692 492.680718151092
2016 274 934 15.8628555297852 482.832535840034
2016 275 935 15.5684715270996 488.550981785297
2016 276 936 15.8846221923828 466.255726971388
2016 277 937 14.0490356445313 274.133791859388
2016 278 938 16.767350769043 370.515162439585
2016 279 939 15.5818725585938 470.487812280178
2016 280 940 16.6597305297852 467.719827954531
2016 281 941 17.4247871398926 443.871469581365
2016 282 942 19.8824325561524 438.900656313419
2016 283 943 19.6736846923828 450.248523703098
2016 284 944 18.338712310791 410.134863839626
2016 285 945 16.2543846130371 398.186213751674
2016 286 946 15.2655044555664 387.18989876318
2016 287 947 15.3831764221192 361.298903635502
2016 288 948 18.0468421936035 172.425572852462
2016 289 949 16.4601951599121 148.799715532899
2016 290 950 17.4406982421875 130.594143840164
2016 291 951 16.2560554504395 263.902879671216
2016 292 952 14.7925277709961 382.681887273431
2016 293 953 15.8170028686524 398.30637301302
2016 294 954 16.8843894958496 397.064767381787
2016 295 955 17.8523269653321 397.954798939109
2016 296 956 16.9044929504395 357.649772814035
2016 297 957 15.0050407409668 356.968901582122
2016 298 958 17.3079544067383 280.15484462297
2016 299 959 17.646932220459 100.030507276609
2016 300 960 17.1936355590821 283.434602329552
2016 301 961 17.1224494934082 215.890205959558
2016 302 962 16.7415977478028 143.779943487082
2016 303 963 17.6883865356446 205.071880719274
2016 304 964 17.086442565918 150.584229305565
2016 305 965 14.4290596008301 261.619962825298
2016 306 966 15.3245483398438 287.097076273292
2016 307 967 13.5285316467285 320.268511290669
2016 308 968 14.756307220459 338.233771579951
2016 309 969 15.7089591979981 330.721918011725
2016 310 970 14.9686141967774 306.468583811074
2016 311 971 16.3959213256836 196.972607074201
2016 312 972 16.5058418273926 178.758135136455
2016 313 973 17.2505889892578 233.392644309968
2016 314 974 16.8006378173828 292.419455629632
2016 315 975 17.5238204956055 276.438966397695
2016 316 976 17.4331642150879 257.939686792858
2016 317 977 17.1406684875489 263.840590769194
2016 318 978 15.5768486022949 260.854537434783
2016 319 979 14.6671119689942 243.316480881128
2016 320 980 15.5542312622071 191.788179465992
2016 321 981 13.2898422241211 244.93188667129
2016 322 982 9.95848236083987 298.01774843066
2016 323 983 10.8770080566406 293.674404868943
2016 324 984 13.865625 123.180195613146
2016 325 985 14.0783515930176 84.2057664810418
2016 326 986 12.5392356872559 201.280347395182
2016 327 987 11.4586463928223 209.005813238382
2016 328 988 12.2747932434082 235.657774935841
2016 329 989 9.61846313476565 258.727361335039
2016 330 990 9.03409729003909 188.806579638481
2016 331 991 10.988614654541 84.0188627848624
2016 332 992 11.3968902587891 205.463495185375
2016 333 993 12.2027717590332 189.287194003105
2016 334 994 9.97502670288088 223.677963248491
2016 335 995 8.80985031127932 141.461415167332
2016 336 996 9.05733642578127 208.863411964297
2016 337 997 11.3487258911133 263.773833584308
2016 338 998 10.8397422790528 256.711439743042
2016 339 999 8.94154510498049 246.685253539801
2016 340 1000 9.84814605712893 168.549489563346
2016 341 1001 8.5152641296387 193.367989700198
2016 342 1002 6.84926757812502 164.588854261637
2016 343 1003 9.2114311218262 80.4542889846562
2016 344 1004 13.3784080505371 80.5165935663282
2016 345 1005 15.5860610961914 58.6040453502535
2016 346 1006 10.6835494995117 138.30180909884
2016 347 1007 9.90446624755862 181.361475072741
2016 348 1008 9.88373336791994 132.383107168317
2016 349 1009 12.5057312011719 95.1798406538366
2016 350 1010 14.8394256591797 68.4789289633631
2016 351 1011 11.4590774536133 164.713461723924
2016 352 1012 6.3136917114258 249.711350703955
2016 353 1013 5.74041900634768 254.771172596216
2016 354 1014 6.45124206542971 234.04236997652
2016 355 1015 6.63653717041018 237.175273356914
2016 356 1016 9.36343536376955 223.548914263487
2016 357 1017 10.0131317138672 242.039295277119
2016 358 1018 9.03409729003909 117.844465810537
2016 359 1019 6.96233520507815 179.238749280572
2016 360 1020 5.13845977783205 227.020032372475
2016 361 1021 5.14516601562502 241.091408630609
2016 362 1022 6.67087707519534 238.332323226929
2016 363 1023 6.96840057373049 237.740447388887
2016 364 1024 7.2789016723633 245.425850946665
2016 365 1025 8.1704154968262 226.201200507164
2016 366 1026 8.65366516113284 184.596734578371
2017 1 1027 8.25275192260744 227.139099303246
2017 2 1028 8.0113464355469 196.742627260685
2017 3 1029 8.7568412780762 109.50672253418
2017 4 1030 12.2346778869629 42.926313031286
2017 5 1031 7.80690155029299 172.133624825537
2017 6 1032 4.97792205810549 266.076211403847
2017 7 1033 8.64492187500002 112.795356544971
2017 8 1034 15.0537467956543 35.0148416814804
2017 9 1035 14.0102592468262 110.109115849882
2017 10 1036 12.8909698486328 61.3060921090841
2017 11 1037 12.1917205810547 135.507927882075
2017 12 1038 8.63748321533205 139.113384507179
2017 13 1039 7.31086120605471 208.406805057526
2017 14 1040 8.55177841186526 268.552729070187
2017 15 1041 7.0058532714844 245.184213915825
2017 16 1042 7.07399902343752 263.041916909218
2017 17 1043 6.67130050659182 223.123125090599
2017 18 1044 8.35910949707034 114.125094693184
2017 19 1045 10.5592628479004 151.576289125144
2017 20 1046 10.6375328063965 185.850410279751
2017 21 1047 9.83689270019534 178.822451879501
2017 22 1048 11.3756042480469 193.199647181511
2017 23 1049 8.7328926086426 219.794321438789
2017 24 1050 7.87173995971682 253.849800765514
2017 25 1051 6.69091949462893 272.144795352936
2017 26 1052 8.4167190551758 273.88058915329
2017 27 1053 8.38967285156252 305.75851245594
2017 28 1054 8.41466293334963 315.495015715599
2017 29 1055 8.48941574096682 311.108675789833
2017 30 1056 8.49271545410159 300.006749483108
2017 31 1057 8.70542297363284 295.107250823021
2017 32 1058 9.53704605102541 244.202529157639
2017 33 1059 12.0928054809571 161.928585398674
2017 34 1060 14.8848243713379 158.488229455709
2017 35 1061 13.3407493591309 168.764669110298
2017 36 1062 12.1661239624024 181.999535867214
2017 37 1063 13.291593170166 136.458377832413
2017 38 1064 14.6919418334961 81.818801399231
2017 39 1065 15.2259727478028 106.044058552265
2017 40 1066 16.4743286132813 52.5334176757336
2017 41 1067 14.2814002990723 110.207287847519
2017 42 1068 11.374772644043 329.323369904518
2017 43 1069 11.7438064575196 375.850656614304
2017 44 1070 10.2703567504883 307.333660957336
2017 45 1071 11.5385375976563 337.774755125999
2017 46 1072 12.8922058105469 279.552037036896
2017 47 1073 15.0411506652832 242.596138666153
2017 48 1074 13.1061569213867 156.368690562248
2017 49 1075 12.705525970459 149.929737371922
2017 50 1076 11.0557151794434 228.87042852211
2017 51 1077 13.2025924682617 50.6459105114937
2017 52 1078 13.5257736206055 165.904398959916
2017 53 1079 9.91247711181643 331.831113889173
2017 54 1080 7.53595886230471 419.334757719755
2017 55 1081 7.01101074218752 424.934802965805
2017 56 1082 8.00122222900393 370.951164813571
2017 57 1083 8.14289245605471 421.052678987175
2017 58 1084 9.13868103027346 420.427989854932
2017 59 1085 8.02930603027346 455.134935754001
2017 60 1086 9.00135192871096 457.339273313314
2017 61 1087 10.8054252624512 464.826823786288
2017 62 1088 11.0222602844239 433.444217556059
2017 63 1089 11.7774673461914 335.476728704661
2017 64 1090 10.519620513916 330.56831357652
2017 65 1091 8.29591522216799 370.237225924313
2017 66 1092 8.73164901733401 380.045124245524
2017 67 1093 11.168473815918 430.539323976219
2017 68 1094 13.5466361999512 460.614519596338
2017 69 1095 14.9224067687989 331.402741992056
2017 70 1096 14.9905563354492 423.060677402377
2017 71 1097 14.4687019348145 500.122793323398
2017 72 1098 14.2799545288086 513.067619536757
2017 73 1099 17.5432258605957 502.532356883883
2017 74 1100 16.2938400268555 471.368389488935
2017 75 1101 14.508145904541 391.013192868233
2017 76 1102 13.5621276855469 485.946395446777
2017 77 1103 15.4797760009766 388.148479513764
2017 78 1104 15.3515335083008 314.321456142783
2017 79 1105 14.925912475586 286.736175650597
2017 80 1106 16.0716377258301 227.612090979636
2017 81 1107 14.0207839965821 429.495158828974
2017 82 1108 11.1178756713867 473.902915213585
2017 83 1109 12.743726348877 196.889875350058
2017 84 1110 12.9522987365723 299.498051298141
2017 85 1111 12.7492996215821 344.735774540901
2017 86 1112 13.7060638427735 409.946298021793
2017 87 1113 13.9778305053711 519.180808601379
2017 88 1114 16.2890907287598 568.452360854626
2017 89 1115 15.7038398742676 578.849282467365
2017 90 1116 14.9498725891114 582.990210527897
2017 91 1117 17.4560752868653 592.543765741825
2017 92 1118 17.0820861816406 578.246887545109
2017 93 1119 16.7173896789551 602.320430074215
2017 94 1120 14.9779563903809 582.99912608242
2017 95 1121 15.9502044677735 476.709660201073
2017 96 1122 15.5997596740723 359.501179769516
2017 97 1123 13.3739982604981 250.150636692762
2017 98 1124 11.7830368041992 417.759605438232
2017 99 1125 9.98412857055666 593.128320986748
2017 100 1126 11.6178375244141 573.891796161652
2017 101 1127 14.6597305297852 398.108089497805
2017 102 1128 15.5105377197266 317.922450202465
2017 103 1129 13.993726348877 474.938162853241
2017 104 1130 10.9142509460449 594.466970657349
2017 105 1131 12.1555877685547 629.669215893745
2017 106 1132 13.5652214050293 399.237017494202
2017 107 1133 14.0496994018555 220.093294673443
2017 108 1134 14.7365470886231 378.032671171665
2017 109 1135 13.8910919189453 616.550359205246
2017 110 1136 15.697225189209 590.107399067879
2017 111 1137 15.9136520385742 668.936550779343
2017 112 1138 16.2828994750977 557.354895601273
2017 113 1139 15.0328918457031 521.554701879501
2017 114 1140 14.617391204834 412.99397668457
2017 115 1141 14.1550155639649 471.939569890022
2017 116 1142 15.5411087036133 357.368242847443
2017 117 1143 14.9814659118653 510.666949480057
2017 118 1144 16.0057655334473 691.251970552445
2017 119 1145 18.2732330322266 705.535447948456
2017 120 1146 18.0192276000977 694.388911108017
2017 121 1147 20.1283126831055 690.167666950226
2017 122 1148 23.0180145263672 685.991030302048
2017 123 1149 23.8434310913086 688.458648542404
2017 124 1150 21.3033615112305 676.71415212822
2017 125 1151 16.7303977966309 666.344006916046
2017 126 1152 14.1593528747559 590.134165388107
2017 127 1153 16.4602867126465 574.25767814064
2017 128 1154 17.689225769043 697.860492660522
2017 129 1155 19.1180702209473 694.246100950241
2017 130 1156 17.3941284179688 699.069740030289
2017 131 1157 14.120736694336 609.47332582318
2017 132 1158 14.5781570434571 713.094412720283
2017 133 1159 14.1878562927246 745.824614078013
2017 134 1160 13.7025505065918 705.276657250564
2017 135 1161 14.9333435058594 692.898533634234
2017 136 1162 14.7821823120117 606.452423754405
2017 137 1163 14.9399620056153 575.516013682798
2017 138 1164 16.8799148559571 741.652459370375
2017 139 1165 19.790055847168 737.77479938259
2017 140 1166 20.8938537597656 734.834219021708
2017 141 1167 22.1740013122559 732.469260112114
2017 142 1168 21.1259666442871 720.559664425462
2017 143 1169 19.9476219177246 729.091372327924
2017 144 1170 16.9521957397461 650.87803750813
2017 145 1171 15.3955207824707 594.77486525847
2017 146 1172 15.0225654602051 596.840843585789
2017 147 1173 15.460782623291 643.952705260157
2017 148 1174 15.8576904296875 702.773370354086
2017 149 1175 16.1019836425781 683.536846316516
2017 150 1176 15.3500915527344 684.920127343029
2017 151 1177 16.0181442260742 561.281627924293
2017 152 1178 18.1982704162598 685.950886523396
2017 153 1179 18.2907958984375 736.155048766136
2017 154 1180 18.7205368041992 650.342575523019
2017 155 1181 18.3579040527344 752.410819013804
2017 156 1182 18.3696762084961 766.703216374487
2017 157 1183 19.0672737121582 765.551979961127
2017 158 1184 16.7948356628418 705.584526339769
2017 159 1185 16.1507278442383 300.680528441548
2017 160 1186 17.8393608093262 392.378636044472
2017 161 1187 15.7740493774414 731.683913860142
2017 162 1188 15.6129776000977 731.59914414376
2017 163 1189 14.8443466186524 584.007573065698
2017 164 1190 16.8218856811524 673.492437320113
2017 165 1191 19.1294303894043 748.823205310643
2017 166 1192 20.1433921813965 743.597976104975
2017 167 1193 22.9539924621582 707.409585372031
2017 168 1194 25.1964851379395 727.507295230567
2017 169 1195 28.2972236633301 736.025630336761
2017 170 1196 27.0689102172852 737.484767698705
2017 171 1197 24.2196937561035 734.869927514851
2017 172 1198 22.2270713806153 742.74122358495
2017 173 1199 26.260629272461 740.536908674896
2017 174 1200 22.5163970947266 706.128922213018
2017 175 1201 19.553598022461 663.56405281961
2017 176 1202 18.3653427124024 655.826603345156
2017 177 1203 17.7460189819336 725.798294337332
2017 178 1204 17.799089050293 722.973722902954
2017 179 1205 17.4808555603028 733.236756086647
2017 180 1206 18.4132553100586 753.972577141344
2017 181 1207 18.2214027404785 758.858691381276
2017 182 1208 18.1272369384766 757.680667604983
2017 183 1209 19.4334083557129 745.985251409173
2017 184 1210 18.7201210021973 736.931455766916
2017 185 1211 19.3008361816406 739.229501813412
2017 186 1212 18.7612167358399 717.5923274073
2017 187 1213 20.2276512145996 719.899263744473
2017 188 1214 23.2914329528809 746.043263499618
2017 189 1215 26.5511871337891 746.859850788772
2017 190 1216 21.4206558227539 755.79762256515
2017 191 1217 21.4638114929199 759.175498560071
2017 192 1218 20.3715797424317 739.323211466133
2017 193 1219 19.7340866088867 741.929117509842
2017 194 1220 19.9011512756348 744.878629813671
2017 195 1221 19.722730255127 735.641891228855
2017 196 1222 21.1007705688477 740.844814537644
2017 197 1223 25.5936027526856 735.17335235256
2017 198 1224 25.0337501525879 740.724320042074
2017 199 1225 20.3494888305664 747.56040860486
2017 200 1226 19.1876655578614 757.470953050017
2017 201 1227 19.8577896118164 745.521189021766
2017 202 1228 19.6355834960938 735.650807066888
2017 203 1229 20.8382965087891 738.180879266918
2017 204 1230 23.1819778442383 725.044168946117
2017 205 1231 20.5334907531739 676.232213679761
2017 206 1232 19.4057403564453 660.743943163127
2017 207 1233 19.7504058837891 682.122316495687
2017 208 1234 20.9262634277344 717.962665840506
2017 209 1235 22.2214942932129 726.597010763109
2017 210 1236 19.9482398986817 726.293588035971
2017 211 1237 19.1911750793457 678.467774360031
2017 212 1238 20.1345115661621 691.939151760638
2017 213 1239 20.6472793579102 705.937072914243
2017 214 1240 22.5669914245606 690.48893899402
2017 215 1241 23.4843040466309 569.460835424952
2017 216 1242 23.5935569763184 472.956944142278
2017 217 1243 21.6682601928711 511.425529640183
2017 218 1244 19.4011932373047 651.431353109792
2017 219 1245 18.5355087280274 639.227231716093
2017 220 1246 18.7188850402832 621.066120375793
2017 221 1247 18.4731422424317 628.888325944392
2017 222 1248 18.5962196350098 661.042915302626
2017 223 1249 19.1711441040039 660.212952728621
2017 224 1250 20.344743347168 683.826884654999
2017 225 1251 18.9454284667969 680.408834734917
2017 226 1252 18.7352005004883 610.504088083267
2017 227 1253 17.350961303711 616.666398002625
2017 228 1254 17.9205146789551 631.89586064148
2017 229 1255 19.5723892211914 611.637500065803
2017 230 1256 19.7714668273926 631.788772175789
2017 231 1257 19.3033081054688 622.279834551811
2017 232 1258 19.0486846923828 606.024051420212
2017 233 1259 19.2613807678223 609.384083957672
2017 234 1260 19.0336090087891 590.8793543396
2017 235 1261 20.0940338134766 627.643389614105
2017 236 1262 19.724382019043 644.394474162102
2017 237 1263 19.2031494140625 632.913246931076
2017 238 1264 20.8649383544922 638.241097437859
2017 239 1265 24.5992599487305 607.991882493973
2017 240 1266 24.0414749145508 617.505270586967
2017 241 1267 21.980916595459 619.067047520637
2017 242 1268 19.5329490661621 629.214068493843
2017 243 1269 20.942586517334 627.772796955109
2017 244 1270 28.5780807495117 611.458997448921
2017 245 1271 29.0625549316406 591.428210573196
2017 246 1272 28.8273445129395 599.424462507248
2017 247 1273 25.337533569336 458.182613723755
2017 248 1274 23.9927383422852 467.325649208069
2017 249 1275 22.5254837036133 507.454158416748
2017 250 1276 21.0753684997559 438.017956941605
2017 251 1277 19.5831352233887 465.402444292545
2017 252 1278 20.9793411254883 546.699178963184
2017 253 1279 22.8806816101074 565.90446683836
2017 254 1280 25.9043975830078 548.354653642178
2017 255 1281 24.2535568237305 490.488914577961
2017 256 1282 20.7430931091309 469.962804613113
2017 257 1283 18.3990036010742 503.491741037369
2017 258 1284 17.5896850585938 557.685098225593
2017 259 1285 19.1765113830567 529.019963970184
2017 260 1286 18.9706207275391 539.465954649925
2017 261 1287 19.7956291198731 481.40388337183
2017 262 1288 17.8387428283692 489.850816108227
2017 263 1289 18.5648323059082 459.342796562672
2017 264 1290 16.8466659545899 465.26412442112
2017 265 1291 15.9506202697754 515.686917749882
2017 266 1292 17.0771270751953 503.777330607891
2017 267 1293 18.13466796875 524.722865272522
2017 268 1294 19.0749145507813 511.590633992195
2017 269 1295 20.699723815918 508.551868363857
2017 270 1296 23.181771850586 506.526035531998
2017 271 1297 21.3302017211914 502.545756298542
2017 272 1298 19.3450332641602 460.297704416275
2017 273 1299 18.2259498596192 444.706789602756
2017 274 1300 19.5680519104004 478.164316411972
2017 275 1301 19.6708961486817 495.870306293487
2017 276 1302 16.3814025878906 490.765560873032
2017 277 1303 16.9267898559571 478.302661988258
2017 278 1304 17.0424362182617 477.999216611862
2017 279 1305 18.3932167053223 474.541017211437
2017 280 1306 18.9225021362305 467.432755566359
2017 281 1307 18.7876525878906 456.478053597212
2017 282 1308 21.4212776184082 463.033015847921
2017 283 1309 18.0884071350098 451.395619239807
2017 284 1310 16.3688064575196 423.689847591162
2017 285 1311 15.5669189453125 442.881750542164
2017 286 1312 14.6605545043946 446.674617652416
2017 287 1313 17.1694389343262 439.499404421568
2017 288 1314 17.3431182861328 429.870001724005
2017 289 1315 19.2628341674805 399.55830128789
2017 290 1316 18.3562599182129 391.454959628105
2017 291 1317 14.7514167785645 409.03153120625
2017 292 1318 14.9480224609375 347.368471412659
2017 293 1319 14.7123847961426 335.284858079672
2017 294 1320 12.9810043334961 359.175447774887
2017 295 1321 14.7543045043946 376.310264815569
2017 296 1322 19.0968032836914 376.533381368279
2017 297 1323 21.7853485107422 378.519066105843
2017 298 1324 21.9966102600098 378.242396752
2017 299 1325 20.1190200805664 373.659734818697
2017 300 1326 19.7093101501465 372.495093320489
2017 301 1327 17.3356834411621 368.581757356524
2017 302 1328 15.4756446838379 349.430018313348
2017 303 1329 14.4765525817871 335.847094512284
2017 304 1330 13.1065650939942 345.472037920535
2017 305 1331 13.1986671447754 332.335332671404
2017 306 1332 13.6990447998047 329.992680879355
2017 307 1333 15.6854606628418 189.272911519378
2017 308 1334 14.8656173706055 115.740405354097
2017 309 1335 10.6367050170899 281.332454349399
2017 310 1336 11.4328018188477 314.557955115333
2017 311 1337 11.3460670471192 325.766980472103
2017 312 1338 12.2778411865235 223.823689931422
2017 313 1339 16.2015281677246 193.141638879068
2017 314 1340 14.719815826416 192.673104058534
2017 315 1341 13.0859085083008 222.685834134467
2017 316 1342 12.6770225524903 237.232584092125
2017 317 1343 14.4941040039063 211.583886477902
2017 318 1344 14.060018157959 255.933636170562
2017 319 1345 12.1580596923828 168.322906664101
2017 320 1346 15.1867385864258 128.613834607474
2017 321 1347 12.5867782592774 209.0225905328
2017 322 1348 10.9871536254883 296.035378643593
2017 323 1349 10.1338592529297 281.912541240088
2017 324 1350 13.4995552062989 144.744669553995
2017 325 1351 14.0050903320313 144.285067274928
2017 326 1352 14.1285835266114 228.143096132517
2017 327 1353 15.4618049621582 220.396721905231
2017 328 1354 15.5411087036133 201.74028988564
2017 329 1355 15.2493110656739 236.509711511612
2017 330 1356 16.2015319824219 92.9207416924238
2017 331 1357 12.6569953918457 188.880238617837
2017 332 1358 10.0514541625977 245.465332856655
2017 333 1359 10.9681526184082 263.559529640675
2017 334 1360 11.5934730529785 260.270890589714
2017 335 1361 10.0479446411133 241.618920253515
2017 336 1362 10.2734580993653 187.831619725466
2017 337 1363 11.4187637329102 235.456627848744
2017 338 1364 10.1402565002442 265.638908973455
2017 339 1365 11.2390953063965 266.92402751565
2017 340 1366 10.3513084411621 261.181177829266
2017 341 1367 9.29728469848635 260.449379346132
2017 342 1368 9.98764572143557 258.508330469131
2017 343 1369 9.81954345703127 248.901221446037
2017 344 1370 8.9272171020508 251.444678349733
2017 345 1371 9.26774749755862 241.110229376793
2017 346 1372 9.6037422180176 256.098742715836
2017 347 1373 8.68890533447268 252.457593505621
2017 348 1374 8.82354507446291 252.622690029621
2017 349 1375 9.50647888183596 227.902130956173
2017 350 1376 11.6417900085449 223.676433305263
2017 351 1377 12.3131576538086 247.553647904634
2017 352 1378 9.26774749755862 242.846021413088
2017 353 1379 8.61311874389651 215.644492188215
2017 354 1380 11.3735366821289 219.151770105958
2017 355 1381 7.13367614746096 254.447727074146
2017 356 1382 7.14235076904299 239.691245968342
2017 357 1383 8.3725296020508 206.898580798984
2017 358 1384 8.41548309326174 178.969710490227
2017 359 1385 9.19960556030276 139.791634473324
2017 360 1386 9.13186416625979 236.344607427359
2017 361 1387 8.01092681884768 218.054069105148
2017 362 1388 9.01168212890627 215.644484879971
2017 363 1389 8.84048233032229 230.423279568911
2017 364 1390 8.71079025268557 213.408926341772
2017 365 1391 9.05752334594729 175.877409953356
2018 1 1392 9.86434707641604 184.706794475555
2018 2 1393 11.0215850830078 205.62866353178
2018 3 1394 10.7408004760742 137.462426827431
2018 4 1395 11.9677177429199 123.151206326485
2018 5 1396 15.1183143615723 119.258665342808
2018 6 1397 12.183984375 123.742878919721
2018 7 1398 9.43284759521487 194.280224586964
2018 8 1399 10.3318344116211 67.1830940773486
2018 9 1400 13.5223403930664 55.0872886391281
2018 10 1401 11.336686706543 88.1316543552875
2018 11 1402 11.3304878234864 107.643315188885
2018 12 1403 11.4274536132813 182.669326666117
2018 13 1404 10.4552703857422 230.505360985279
2018 14 1405 9.01374588012698 219.561751923561
2018 15 1406 9.59515151977541 206.500591558933
2018 16 1407 11.7098861694336 184.938126125336
2018 17 1408 12.1897789001465 151.617942906856
2018 18 1409 11.6470352172852 147.863309004784
2018 19 1410 10.9395004272461 208.560309445381
2018 20 1411 7.86747131347659 283.879940742016
2018 21 1412 7.32161865234377 260.898350271225
2018 22 1413 11.1650749206543 171.022833057403
2018 23 1414 10.2940078735352 211.567575026989
2018 24 1415 9.34931335449221 233.201225284099
2018 25 1416 9.43987426757815 193.928789999723
2018 26 1417 7.74631271362307 245.821965621948
2018 27 1418 8.63434371948244 241.871593237877
2018 28 1419 10.290902709961 285.10774349308
2018 29 1420 10.5346694946289 248.384373308182
2018 30 1421 10.3744255065918 246.231241941929
2018 31 1422 11.3067031860352 317.507063181877
2018 32 1423 12.358285522461 301.492020687103
2018 33 1424 14.4045845031739 313.703500833511
2018 34 1425 16.1887145996094 324.148871572494
2018 35 1426 16.9903198242188 297.790771748543
2018 36 1427 14.3888717651367 311.492527986526
2018 37 1428 14.9646965026856 339.883638346672
2018 38 1429 16.2391563415528 350.484706954956
2018 39 1430 15.1542907714844 343.464770991325
2018 40 1431 14.3069969177246 347.019232070923
2018 41 1432 14.0805870056153 355.667350199699
2018 42 1433 12.5993705749512 348.069103256226
2018 43 1434 9.40411148071291 319.602365163803
2018 44 1435 10.2764297485352 373.795489496231
2018 45 1436 11.4499946594239 359.333017562866
2018 46 1437 9.69377670288088 382.261208957672
2018 47 1438 10.4081359863281 395.922931135177
2018 48 1439 10.6946998596192 394.81967045021
2018 49 1440 12.4064651489258 353.340718584061
2018 50 1441 7.6009574890137 386.238288357299
2018 51 1442 5.2405944824219 406.301554588482
2018 52 1443 7.02058181762698 414.264602229364
2018 53 1444 8.32047805786135 431.035900716755
2018 54 1445 6.63229141235354 423.967040846921
2018 55 1446 6.59114608764651 425.386155811652
2018 56 1447 8.5969177246094 374.67185660477
2018 57 1448 10.6465240478516 308.91677764266
2018 58 1449 8.59133682250979 414.202318068251
2018 59 1450 7.76284942626955 414.580448161349
2018 60 1451 11.6546875 172.780035155706
2018 61 1452 9.06232986450198 329.78970671533
2018 62 1453 7.55423126220705 335.270415854096
2018 63 1454 7.22403869628909 337.948488388687
2018 64 1455 8.81153640747073 419.509536092937
2018 65 1456 10.8371559143067 434.875066844821
2018 66 1457 13.2128273010254 308.213893135041
2018 67 1458 14.6169258117676 366.428580691755
2018 68 1459 13.3755432128906 322.017968232512
2018 69 1460 12.9336982727051 293.012950322628
2018 70 1461 11.9784675598145 378.751257608414
2018 71 1462 14.3171211242676 447.704892535567
2018 72 1463 16.000146484375 209.356615221441
2018 73 1464 11.2930618286133 250.711008325934
2018 74 1465 9.72768936157229 315.300551388264
2018 75 1466 10.5036483764649 279.929549016297
2018 76 1467 9.41712722778323 378.386469094038
2018 77 1468 8.33536682128909 401.523740801573
2018 78 1469 10.5344558715821 470.544120541572
2018 79 1470 12.9942756652832 280.837068510175
2018 80 1471 13.7878166198731 118.449016160965
2018 81 1472 15.6240478515625 181.512682655692
2018 82 1473 9.56207046508791 477.532911286354
2018 83 1474 10.7186828613281 431.747685599327
2018 84 1475 9.53497848510744 527.495389026165
2018 85 1476 10.7774063110352 534.706598386288
2018 86 1477 13.8835502624512 572.444253644943
2018 87 1478 15.6285987854004 565.277530830383
2018 88 1479 18.1062026977539 572.746768606186
2018 89 1480 17.5983940124512 551.887177387237
2018 90 1481 17.3254791259766 517.050009718895
2018 91 1482 15.0817199707031 581.67070896244
2018 92 1483 15.7663017272949 559.476515328407
2018 93 1484 14.4939018249512 592.431930949211
2018 94 1485 14.8278251647949 544.524700970173
2018 95 1486 14.6547561645508 368.274742154598
2018 96 1487 14.1008544921875 154.255979396403
2018 97 1488 16.6452384948731 304.810704562068
2018 98 1489 13.8424125671387 589.491373513222
2018 99 1490 15.3153587341309 617.090632031441
2018 100 1491 18.4624458312989 543.719512337685
2018 101 1492 12.8119140625 380.108073055267
2018 102 1493 11.2705207824707 523.002282701492
2018 103 1494 11.7322212219239 606.614140266418
2018 104 1495 15.2816596984864 636.32649155426
2018 105 1496 15.451619720459 633.207984911918
2018 106 1497 10.8439804077149 465.236910533905
2018 107 1498 10.0446525573731 539.786926709175
2018 108 1499 11.5304161071778 462.323074560642
2018 109 1500 11.83828125 592.009294653892
2018 110 1501 14.7165847778321 656.670021909714
2018 111 1502 16.3578353881836 658.66746599102
2018 112 1503 18.2542358398438 662.884748576164
2018 113 1504 19.4505516052246 665.046791464805
2018 114 1505 17.5543571472168 653.369150873184
2018 115 1506 14.9799934387207 623.274222551346
2018 116 1507 14.1936851501465 632.562943105698
2018 117 1508 13.8955398559571 598.268518954277
2018 118 1509 14.0481277465821 537.153342767715
2018 119 1510 13.6687255859375 476.380718626976
2018 120 1511 13.9844528198242 489.473006569862
2018 121 1512 14.7194839477539 615.764951723099
2018 122 1513 15.8529335021973 680.011956726074
2018 123 1514 14.9206558227539 670.260564807892
2018 124 1515 15.4817977905274 663.084943071365
2018 125 1516 17.0949340820313 555.148020411491
2018 126 1517 14.8249298095703 595.741687803268
2018 127 1518 16.4705177307129 683.028130805969
2018 128 1519 17.8934455871582 689.318469076156
2018 129 1520 17.8297592163086 672.969780513763
2018 130 1521 16.5439277648926 700.867084371567
2018 131 1522 17.9213615417481 683.117099026244
2018 132 1523 23.0589157104492 734.418602267865
2018 133 1524 16.3750015258789 641.544722930554
2018 134 1525 14.7079025268555 624.261808346994
2018 135 1526 14.3748184204102 560.179412401009
2018 136 1527 14.7897735595703 565.691257461876
2018 137 1528 15.4162612915039 612.588616046879
2018 138 1529 16.3735557556153 682.276299266435
2018 139 1530 15.6141296386719 708.812313519574
2018 140 1531 14.6022468566895 657.017012351773
2018 141 1532 15.7559600830078 677.707572273597
2018 142 1533 15.95693359375 647.795035901494
2018 143 1534 14.7773757934571 557.421256510764
2018 144 1535 14.2226387023926 548.443949020594
2018 145 1536 14.3626075744629 380.428378174186
2018 146 1537 15.0134902954102 386.598621823192
2018 147 1538 17.5136276245117 638.470705916941
2018 148 1539 21.4710021972656 738.956194362387
2018 149 1540 23.3432136535645 734.91238129735
2018 150 1541 17.8886848449707 687.703610849142
2018 151 1542 14.4250579833985 699.07430113101
2018 152 1543 16.1971870422364 742.257069478303
2018 153 1544 21.6779685974121 748.338338870645
2018 154 1545 23.3150917053223 745.669166108549
2018 155 1546 21.7373062133789 747.657709598333
2018 156 1547 17.7017761230469 744.788340860486
2018 157 1548 15.8853965759278 736.180263879925
2018 158 1549 15.9836059570313 724.315789933979
2018 159 1550 17.3411880493164 753.294095579445
2018 160 1551 18.4514938354492 714.746785279751
2018 161 1552 17.6573196411133 745.669164344489
2018 162 1553 18.6028381347656 745.633564813494
2018 163 1554 22.2316719055176 755.171433510184
2018 164 1555 21.808438873291 759.175177564323
2018 165 1556 20.1088729858399 755.322680910468
2018 166 1557 18.0100570678711 743.520487668395
2018 167 1558 16.8881813049317 718.879539572596
2018 168 1559 16.2108360290528 699.843892374575
2018 169 1560 18.6592803955078 669.522097803473
2018 170 1561 18.4572731018067 720.303130514324
2018 171 1562 17.3846031188965 750.224556948721
2018 172 1563 17.3591781616211 770.612583237052
2018 173 1564 21.2230926513672 772.134007949591
2018 174 1565 25.2974983215332 764.322234256506
2018 175 1566 23.6316390991211 712.322298535585
2018 176 1567 18.2904220581055 668.908190820753
2018 177 1568 19.0589462280274 756.497097563982
2018 178 1569 17.9777961730957 705.271222771287
2018 179 1570 17.6172119140625 745.83821506989
2018 180 1571 20.5257011413574 752.066272289693
2018 181 1572 24.098706817627 754.60198957324
2018 182 1573 22.4115539550781 718.385758460104
2018 183 1574 18.9623886108399 689.665453698397
2018 184 1575 18.2368713378906 742.955503965795
2018 185 1576 17.7429214477539 697.312637026429
2018 186 1577 18.0505805969239 726.971603161752
2018 187 1578 22.3133407592774 611.649974546492
2018 188 1579 23.1761451721192 680.229930164575
2018 189 1580 21.6074653625489 741.296162469327
2018 190 1581 21.6986404418946 750.807316696524
2018 191 1582 24.0792747497559 745.291044016719
2018 192 1583 21.185880279541 716.188149305582
2018 193 1584 21.1654106140137 703.073617396891
2018 194 1585 21.5588775634766 558.760296825945
2018 195 1586 20.7496162414551 675.122913896084
2018 196 1587 19.0262733459473 680.447911667347
2018 197 1588 19.4615036010742 698.696165115714
2018 198 1589 20.0747581481934 711.521537817359
2018 199 1590 20.4252105712891 736.918714157283
2018 200 1591 21.1736808776856 719.60023645401
2018 201 1592 20.9489379882813 670.407366086304
2018 202 1593 21.6353775024414 608.188940807164
2018 203 1594 20.8062683105469 617.909186466962
2018 204 1595 20.3340354919434 691.338142947793
2018 205 1596 20.2163902282715 693.437892689645
2018 206 1597 21.5479217529297 719.27103912285
2018 207 1598 21.7856918334961 710.925421307325
2018 208 1599 19.5851493835449 722.220484518439
2018 209 1600 19.0593582153321 726.45557521686
2018 210 1601 19.0725914001465 719.262138972342
2018 211 1602 18.8232437133789 619.648594336077
2018 212 1603 19.452409362793 697.148040156409
2018 213 1604 18.9568077087403 687.863770748347
2018 214 1605 18.4157157897949 692.552615366012
2018 215 1606 18.9965072631836 713.01627478905
2018 216 1607 22.0319458007813 703.126994091377
2018 217 1608 20.1382308959961 706.459013536237
2018 218 1609 20.5480285644531 705.466962489702
2018 219 1610 19.9585548400879 697.152485719137
2018 220 1611 18.3104759216309 692.619348354149
2018 221 1612 20.0954261779785 697.072418598339
2018 222 1613 22.229810333252 689.843400136594
2018 223 1614 22.7334762573242 648.827102159064
2018 224 1615 21.4817558288574 666.252348423004
2018 225 1616 19.5859771728516 664.415077880859
2018 226 1617 17.8109413146973 642.358811489105
2018 227 1618 17.5427757263184 604.398716950416
2018 228 1619 18.5209594726563 653.284637323379
2018 229 1620 19.409196472168 651.847731578827
2018 230 1621 21.0370193481446 666.029904606819
2018 231 1622 19.8392501831055 677.449546015739
2018 232 1623 18.328874206543 649.690136135101
2018 233 1624 16.5811477661133 593.784297943115
2018 234 1625 17.156755065918 578.053974581718
2018 235 1626 17.4236885070801 585.3986546669
2018 236 1627 16.7674308776856 583.423448818207
2018 237 1628 17.5276885986328 622.317756781578
2018 238 1629 17.4476715087891 600.252587435722
2018 239 1630 17.2020393371582 578.667884273529
2018 240 1631 17.2520729064942 563.751661067009
2018 241 1632 17.8154960632324 555.401584245682
2018 242 1633 17.8775268554688 537.825089404106
2018 243 1634 17.5911613464356 602.601474420547
2018 244 1635 19.1796966552735 608.820651556015
2018 245 1636 19.2628074645996 609.474593292236
2018 246 1637 18.9413009643555 585.492077219009
2018 247 1638 18.6917358398438 578.405418493271
2018 248 1639 18.5064865112305 575.286937051773
2018 249 1640 16.6005760192871 558.248715097427
2018 250 1641 18.2494865417481 595.007673913956
2018 251 1642 20.3578048706055 586.501909303665
2018 252 1643 19.5349060058594 579.815613359451
2018 253 1644 19.4238754272461 588.984239796638
2018 254 1645 20.084058380127 582.026594270706
2018 255 1646 17.7406402587891 575.077837586403
2018 256 1647 17.3502861022949 535.974454350471
2018 257 1648 16.5381332397461 530.582732809067
2018 258 1649 17.4724784851074 544.573637984752
2018 259 1650 15.9974609375 561.367179906368
2018 260 1651 17.2239547729492 515.034796522617
2018 261 1652 16.7277313232422 512.548009008407
2018 262 1653 16.9359451293946 538.483478081226
2018 263 1654 20.2918525695801 545.641307518005
