Year DOY_disc DOY TA_C PAR_umol_m2_day
2014 71 1 16.4163566589356 515.792454473615
2014 72 2 15.5416961669922 519.923988667607
2014 73 3 14.1401611328125 497.864051142931
2014 74 4 15.2934356689453 515.472940535188
2014 75 5 15.2779708862305 519.227258040667
2014 76 6 15.3642250061035 497.26495085299
2014 77 7 14.2067962646485 536.374623841524
2014 78 8 13.8112007141114 542.259056404591
2014 79 9 15.6303344726563 515.619388056755
2014 80 10 13.8603759765625 505.075346185923
2014 81 11 13.2040344238281 538.94851429224
2014 82 12 13.6787429809571 534.532965832472
2014 83 13 13.5966545104981 554.79563398838
2014 84 14 14.3640380859375 429.580746186733
2014 85 15 12.9561744689942 315.673203699946
2014 86 16 12.9605270385742 391.003604199171
2014 87 17 14.4957061767578 417.24830551815
2014 88 18 15.1877456665039 211.031621625423
2014 89 19 11.6660781860352 350.930932752132
2014 90 20 10.9643188476563 377.863502191305
2014 91 21 9.63120040893557 287.711097762346
2014 92 22 10.0444427490235 428.20949317646
2014 93 23 11.4812713623047 465.801468909264
2014 94 24 12.7255531311035 389.552468798161
2014 95 25 11.9494377136231 528.435538761616
2014 96 26 14.5183120727539 608.904815318108
2014 97 27 17.7982574462891 604.950817036629
2014 98 28 19.3183609008789 595.054673487663
2014 99 29 17.9626480102539 561.745103352547
2014 100 30 15.6858497619629 610.790857557297
2014 101 31 16.3166175842285 534.426462782383
2014 102 32 14.2724319458008 473.980202169418
2014 103 33 14.355313873291 587.031270668507
2014 104 34 16.0826354980469 627.348008507729
2014 105 35 16.4572082519531 637.670177361488
2014 106 36 16.9317222595215 639.928954193115
2014 107 37 17.7944885253906 638.681976119995
2014 108 38 17.0980888366699 643.088625909805
2014 109 39 14.9674392700196 650.388678324699
2014 110 40 15.9343124389649 667.593743977547
2014 111 41 16.8952461242676 585.76209216404
2014 112 42 14.4088531494141 577.632167898178
2014 113 43 13.3918090820313 672.839130267143
2014 114 44 15.0463577270508 624.050781513214
2014 115 45 14.1605926513672 316.409856747627
2014 116 46 11.2167488098145 479.420856693268
2014 117 47 13.6710067749024 328.93311618948
2014 118 48 13.8980537414551 555.887311357498
2014 119 49 18.342172241211 687.257324317932
2014 120 50 21.7565589904785 696.177130727768
2014 121 51 22.3385444641114 699.820527601242
2014 122 52 20.6976829528809 692.538215572357
2014 123 53 17.5339370727539 691.63735193634
2014 124 54 16.0749069213867 632.988351493835
2014 125 55 15.9172607421875 633.711712482452
2014 126 56 15.0705581665039 649.984875123978
2014 127 57 15.5541893005371 709.68559346962
2014 128 58 14.8078132629395 547.806201126099
2014 129 59 16.8859153747559 479.700425782204
2014 130 60 15.8599487304688 715.84070199585
2014 131 61 17.8424774169922 722.19108718188
2014 132 62 18.8141075134278 733.187788591844
2014 133 63 22.1428314208985 725.989774393541
2014 134 64 24.4291397094727 733.498419308627
2014 135 65 23.8648048400879 723.322710057089
2014 136 66 20.5564971923828 699.438868752115
2014 137 67 18.2856575012207 708.509597046085
2014 138 68 17.8587356567383 699.501008858904
2014 139 69 16.4258781433106 694.237855690911
2014 140 70 15.742765045166 658.611786774188
2014 141 71 17.5825172424317 616.511074365854
2014 142 72 17.1486564636231 699.60749583558
2014 143 73 17.9412284851074 637.80773944354
2014 144 74 19.524991607666 690.053074224517
2014 145 75 20.430982208252 735.721741126254
2014 146 76 21.4533706665039 745.249511340812
2014 147 77 19.4734283447266 748.187294100896
2014 148 78 18.8678489685059 773.091818845898
2014 149 79 20.0052467346192 779.894850359321
2014 150 80 17.4205108642578 758.212132137746
2014 151 81 15.5791717529297 730.742597483128
2014 152 82 17.9152465820313 748.311555539846
2014 153 83 17.5987754821778 719.861294011116
2014 154 84 15.3021598815918 686.40972653994
2014 155 85 17.8734107971192 755.425227302075
2014 156 86 19.4629188537598 751.830679681241
2014 157 87 18.0366073608399 686.352026278436
2014 158 88 17.8153053283692 733.786869401336
2014 159 89 21.8683982849121 762.632100479007
2014 160 90 24.7109123229981 765.751807878554
2014 161 91 21.7329650878906 735.508725497007
2014 162 92 18.0534568786621 693.376935565591
2014 163 93 16.4746643066406 754.595368177533
2014 164 94 17.264852142334 772.022313777685
2014 165 95 20.1414733886719 766.306520599246
2014 166 96 18.6003471374512 720.509207327485
2014 167 97 16.8305870056153 741.557327067018
2014 168 98 16.7189575195313 762.956037921548
2014 169 99 20.5422187805176 777.192267641544
2014 170 100 20.1071678161621 778.394896765709
2014 171 101 20.1113334655762 761.322965910673
2014 172 102 19.7020584106446 759.39698890233
2014 173 103 17.5963912963867 769.226554846048
2014 174 104 17.615625 760.781559109509
2014 175 105 20.4668632507324 751.719726792157
2014 176 106 19.0823989868164 712.241714553356
2014 177 107 18.4615455627442 611.385528042912
2014 178 108 18.769490814209 689.547165032685
2014 179 109 19.5228019714356 733.258790507436
2014 180 110 20.8107162475586 757.488776094794
2014 181 111 23.6395393371582 754.20041437912
2014 182 112 20.6556449890137 697.530642848015
2014 183 113 18.469873046875 710.817186203241
2014 184 114 18.8920417785645 744.890058333337
2014 185 115 19.4726348876953 768.152610617697
2014 186 116 18.9112678527832 777.511782462001
2014 187 117 19.9061027526856 785.14025076139
2014 188 118 20.2634216308594 724.809338001668
2014 189 119 20.8666282653809 595.906729326427
2014 190 120 18.769490814209 689.533876123726
2014 191 121 18.581315612793 662.929700077295
2014 192 122 18.7328086853028 704.861778802693
2014 193 123 18.2305389404297 717.45604420507
2014 194 124 18.4758201599121 730.152376742005
2014 195 125 22.7192703247071 728.55034335041
2014 196 126 21.3318229675293 684.26185937795
2014 197 127 20.6895538330078 615.210821330905
2014 198 128 18.7992340087891 635.903953038215
2014 199 129 18.6816497802735 648.870984250575
2014 200 130 19.2382560729981 698.404888911784
2014 201 131 19.4545875549317 666.408886992455
2014 202 132 19.379037475586 512.26002945286
2014 203 133 19.2305160522461 615.224155002862
2014 204 134 19.7678886413574 704.023039026797
2014 205 135 21.3104034423828 726.220553565025
2014 206 136 23.893155670166 735.774986335337
2014 207 137 24.078759765625 732.588697613418
2014 208 138 23.7908340454102 636.458676784277
2014 209 139 22.1862617492676 617.935604385525
2014 210 140 21.8344932556153 600.051558572084
2014 211 141 22.6901222229004 624.352539299354
2014 212 142 22.0514236450196 681.599217099518
2014 213 143 22.0498367309571 707.342454923272
2014 214 144 21.5844436645508 703.88992706725
2014 215 145 18.7094093322754 635.571118477143
2014 216 146 17.8658729553223 518.583784656212
2014 217 147 19.8297592163086 490.958941079754
2014 218 148 22.2800498962403 499.736754772373
2014 219 149 20.8789154052735 661.092489631288
2014 220 150 19.8119102478028 675.129013518164
2014 221 151 19.8194480895996 691.335574284848
2014 222 152 17.8000427246094 668.609982192499
2014 223 153 19.3455253601074 653.765798403575
2014 224 154 19.7397361755371 617.016993149757
2014 225 155 18.9104782104492 631.537234489441
2014 226 156 20.2640205383301 654.289441335678
2014 227 157 20.3213211059571 665.827522678375
2014 228 158 20.9298797607422 669.910232757568
2014 229 159 19.8753677368164 665.259505739212
2014 230 160 19.3677383422852 642.600474476814
2014 231 161 18.3181816101074 623.979775615692
2014 232 162 18.8484169006348 539.627479962349
2014 233 163 19.3586135864258 593.639042295456
2014 234 164 20.3984580993653 646.243862277985
2014 235 165 18.6078849792481 624.814056606293
2014 236 166 19.139306640625 612.716822973251
2014 237 167 18.9469657897949 570.704877292633
2014 238 168 18.6124435424805 635.464611607552
2014 239 169 20.5919967651367 625.670541556358
2014 240 170 21.1928230285645 609.583783508301
2014 241 171 20.1779609680176 550.025062341213
2014 242 172 21.2291084289551 537.328728544235
2014 243 173 21.8715721130371 613.196101693153
2014 244 174 22.303052520752 612.912094231605
2014 245 175 22.249715423584 608.882638575554
2014 246 176 18.8228317260742 597.113787057876
2014 247 177 20.5537200927735 605.01293913269
2014 248 178 19.6156059265137 584.998792878151
2014 249 179 19.1656776428223 586.259111269951
2014 250 180 18.5430465698242 589.707227812767
2014 251 181 17.6082931518555 574.494697116852
2014 252 182 16.8623252868653 576.580435882568
2014 253 183 19.7381454467774 589.108135209084
2014 254 184 21.2098670959473 584.23107134819
2014 255 185 21.8154579162598 567.483092552185
2014 256 186 22.291951751709 535.566959730148
2014 257 187 20.6629844665528 523.762610807896
2014 258 188 21.0544067382813 523.057016918182
2014 259 189 19.3881660461426 546.616907280445
2014 260 190 20.848779296875 519.440261368752
2014 261 191 22.177335357666 443.493029769897
2014 262 192 20.8694053649903 475.178388384819
2014 263 193 20.2301078796387 494.389311168671
2014 264 194 19.6362205505371 467.274795417309
2014 265 195 19.7623420715332 495.960264233589
2014 266 196 20.0163513183594 488.882098696232
2014 267 197 20.8384643554688 437.75504208231
2014 268 198 19.8138977050781 372.174329042196
2014 269 199 18.1220718383789 453.87730610323
2014 270 200 18.5515686035156 462.211353171825
2014 271 201 18.913648223877 432.46971295929
2014 272 202 18.7516380310059 429.784890662193
2014 273 203 18.3931327819824 486.649911778927
2014 274 204 21.0157409667969 495.498740516186
2014 275 205 20.916593170166 497.21168571949
2014 276 206 23.8485389709473 489.108395973444
2014 277 207 22.4065643310547 486.827410898209
2014 278 208 21.6082321166992 486.641048138142
2014 279 209 21.0161338806153 478.311424321651
2014 280 210 20.2324882507324 460.072379891634
2014 281 211 20.231893157959 450.429196112633
2014 282 212 20.5783172607422 446.302098023176
2014 283 213 17.9348846435547 431.040760601044
2014 284 214 17.6985145568848 432.913491754532
2014 285 215 21.087720489502 441.021206012726
2014 286 216 22.2618118286133 435.087962691307
2014 287 217 19.3217292785645 355.599418553114
2014 288 218 18.7825790405274 297.975553281665
2014 289 219 17.2014022827149 347.638134175897
2014 290 220 16.921216583252 347.82896680963
2014 291 221 19.4625183105469 362.10512978673
2014 292 222 18.4881149291992 372.635849231482
2014 293 223 18.7863479614258 237.578097252846
2014 294 224 15.2866874694824 319.769215036511
2014 295 225 15.7249122619629 367.319448728085
2014 296 226 17.7377830505371 255.794968216419
2014 297 227 17.2594963073731 324.925854412556
2014 298 228 18.9368530273438 273.261856586993
2014 299 229 16.3094841003418 323.226213994741
2014 300 230 14.7810455322266 365.371297371268
2014 301 231 14.7108551025391 357.662960415602
2014 302 232 16.8904739379883 328.800000481307
2014 303 233 19.0169654846192 313.041637401044
2014 304 234 17.3818489074707 192.393169919625
2014 305 235 14.1155792236328 218.62457380861
2014 306 236 12.7449890136719 331.99515130046
2014 307 237 13.2260452270508 335.10156594792
2014 308 238 14.5429016113281 309.939666071862
2014 309 239 15.789754486084 329.958241847217
2014 310 240 16.2527671813965 322.289848607004
2014 311 241 15.0737243652344 298.552457455903
2014 312 242 16.0193801879883 310.38342891182
2014 313 243 16.7350135803223 296.426777431816
2014 314 244 14.6920143127442 307.991509296864
2014 315 245 15.3309150695801 260.392452152014
2014 316 246 15.1827827453614 222.853726148695
2014 317 247 15.7157913208008 153.478752448762
2014 318 248 14.7199760437012 226.204209936805
2014 319 249 13.3735710144043 259.260828539483
2014 320 250 12.8387733459473 273.51479992325
2014 321 251 12.3602958679199 269.179139447626
2014 322 252 10.8237358093262 248.219771552545
2014 323 253 13.0578895568848 120.475388148143
2014 324 254 13.1405769348145 84.5342418395281
2014 325 255 12.4880004882813 141.434768173099
2014 326 256 15.446118927002 111.21828811729
2014 327 257 12.4346633911133 246.382548816204
2014 328 258 11.3137145996094 272.489697125435
2014 329 259 11.8873764038086 271.903905527115
2014 330 260 12.2930770874024 268.930634371757
2014 331 261 13.0307250976563 236.632867783308
2014 332 262 9.81760177612307 258.075955559731
2014 333 263 14.1185508728028 147.368004438281
2014 334 264 13.077523803711 89.9305196934938
2014 335 265 13.2875076293946 134.884681151629
2014 336 266 13.1042915344239 84.6407506858111
2014 337 267 15.4421516418457 70.4932773611844
2014 338 268 15.7725120544434 177.770871068954
2014 339 269 14.9515739440918 162.185573271513
2014 340 270 16.7110229492188 124.806607167006
2014 341 271 14.2492347717285 141.008747908473
2014 342 272 14.1030899047852 129.847866369724
2014 343 273 14.7612205505371 107.850055477262
2014 344 274 14.1588073730469 131.445445575178
2014 345 275 15.7118240356446 64.6931686170697
2014 346 276 11.3226371765137 123.515224470753
2014 347 277 10.3069816589356 145.94793033731
2014 348 278 10.152116394043 155.045267493486
2014 349 279 11.0541549682617 93.9866026871204
2014 350 280 11.7384544372559 150.90931130743
2014 351 281 11.827294921875 152.032053819716
2014 352 282 12.235971069336 131.077110357046
2014 353 283 13.061856842041 88.3462501246929
2014 354 284 13.1239219665528 83.9795281423032
2014 355 285 15.2591262817383 102.724481181383
2014 356 286 14.5464721679688 143.449496127129
2014 357 287 13.6400733947754 220.439603157043
2014 358 288 11.9256416320801 166.65436204195
2014 359 289 10.3460441589356 186.770574486017
2014 360 290 9.56339035034182 254.086439713001
2014 361 291 8.58818969726565 242.583859302998
2014 362 292 8.47159347534182 237.032255796194
2014 363 293 8.0430847167969 229.42156089592
2014 364 294 7.75476226806643 238.070691090584
2014 365 295 7.60247955322268 261.954533763885
2015 1 296 7.07989654541018 250.255125691414
2015 2 297 5.55714569091799 260.222840644836
2015 3 298 6.08027038574221 258.72237232399
2015 4 299 7.54184875488284 210.67639909935
2015 5 300 7.36043701171877 229.323816399097
2015 6 301 7.83399734497073 228.850214925289
2015 7 302 8.60285720825198 246.276007208824
2015 8 303 10.1644149780274 234.754711140156
2015 9 304 10.4297729492188 178.498213790893
2015 10 305 11.0357948303223 209.543307671547
2015 11 306 9.54173812866213 231.058866774559
2015 12 307 9.48984680175784 241.362974183559
2015 13 308 10.4510818481446 253.056890488148
2015 14 309 9.02684173583987 272.496582499981
2015 15 310 9.08400115966799 224.933060781479
2015 16 311 9.75267181396487 162.816322419166
2015 17 312 11.0005699157715 129.562575555205
2015 18 313 11.4313026428223 176.307260494232
2015 19 314 12.6684432983399 175.306951304436
2015 20 315 10.437589263916 199.792471179962
2015 21 316 9.65437469482424 279.547462579727
2015 22 317 9.85033187866213 230.709203050613
2015 23 318 9.40398941040041 286.992262593269
2015 24 319 12.1419464111328 296.535070151329
2015 25 320 9.72482833862307 304.364950146675
2015 26 321 9.6457229614258 277.489290513039
2015 27 322 12.8150421142578 223.715865065575
2015 28 323 12.9249435424805 250.454303080559
2015 29 324 11.4787574768067 286.770956847191
2015 30 325 11.2131973266602 300.514179561615
2015 31 326 13.0251403808594 327.026885554314
2015 32 327 10.9554382324219 315.563126540184
2015 33 328 12.3604751586914 302.315637688637
2015 34 329 12.7245498657227 285.310322996139
2015 35 330 12.3035255432129 294.348543130875
2015 36 331 12.4264961242676 201.182281587601
2015 37 332 14.7832962036133 110.499103538513
2015 38 333 16.385572052002 125.579036466598
2015 39 334 15.7025543212891 177.860842113495
2015 40 335 16.1655555725098 174.753681899071
2015 41 336 11.7738624572754 299.602390855789
2015 42 337 11.8375640869141 321.569429123878
2015 43 338 13.4320388793946 338.070156393051
2015 44 339 14.3856788635254 357.815254406929
2015 45 340 14.933065032959 370.465228227615
2015 46 341 15.1731048583985 365.658419279098
2015 47 342 13.8857627868653 381.030470308304
2015 48 343 13.0076271057129 328.62472287941
2015 49 344 11.8040252685547 383.646321928024
2015 50 345 12.0645347595215 364.330573598588
2015 51 346 12.804704284668 365.078592878014
2015 52 347 12.5971542358399 389.068371487915
2015 53 348 12.5722595214844 397.672834238272
2015 54 349 13.5100875854492 419.927583794989
2015 55 350 11.0516181945801 435.768792310327
2015 56 351 10.9271675109864 434.033750038512
2015 57 352 12.5671936035156 420.47199364683
2015 58 353 14.5221534729004 388.36905108051
2015 59 354 11.9698234558106 353.327133076921
2015 60 355 11.2266975402832 413.084737334549
2015 61 356 11.7228179931641 377.117746535838
2015 62 357 11.3511520385742 405.3433756181
2015 63 358 11.4753890991211 449.897112615645
2015 64 359 13.1898780822754 473.79396094042
2015 65 360 14.0770812988281 486.85113043642
2015 66 361 12.9418197631836 487.067995856821
2015 67 362 13.7111030578614 488.776511696815
2015 68 363 13.9262596130371 493.162830705881
2015 69 364 13.4233871459961 418.245630550027
2015 70 365 15.1309143066406 250.472005728304
2015 71 366 14.4483276367188 437.543684369326
2015 72 367 16.0879379272461 464.13605678153
2015 73 368 18.5626388549805 404.3209210608
2015 74 369 19.4283271789551 386.616282826543
2015 75 370 15.4382568359375 329.802091181755
2015 76 371 16.1200004577637 397.261209723353
2015 77 372 14.6293159484864 515.284780576944
2015 78 373 15.028825378418 524.035315690994
2015 79 374 14.7978492736817 429.598741605282
2015 80 375 15.0480209350586 449.985629760504
2015 81 376 16.1879173278809 392.449969962478
2015 82 377 14.7854057312012 439.238911363363
2015 83 378 14.2240959167481 385.186638831139
2015 84 379 15.5416160583496 510.863041781902
2015 85 380 16.6133781433106 552.823052051544
2015 86 381 17.6916862487793 560.281131397724
2015 87 382 15.8044372558594 544.864810046196
2015 88 383 16.7399383544922 585.62532668066
2015 89 384 16.9120651245117 582.996171535492
2015 90 385 15.8529525756836 556.240045048237
2015 91 386 14.2608085632324 584.368291454792
2015 92 387 13.9659133911133 592.463741470337
2015 93 388 14.0355239868164 616.53320549488
2015 94 389 13.4847694396973 607.074496176719
2015 95 390 11.9375549316406 433.785876924991
2015 96 391 10.3502517700196 458.222708770275
2015 97 392 12.5916648864746 409.287077527821
2015 98 393 11.3057991027832 494.800522409439
2015 99 394 12.3172393798828 514.355298610687
2015 100 395 13.7045608520508 614.448497947693
2015 101 396 14.3882080078125 613.558827518463
2015 102 397 16.1400390625 620.445940922737
2015 103 398 15.4901443481446 627.262223827362
2015 104 399 13.4020820617676 647.038326943397
2015 105 400 14.5291152954102 660.701871645927
2015 106 401 18.5892158508301 664.123286382675
2015 107 402 17.4784255981446 668.735362362861
2015 108 403 16.099324798584 643.200844259262
2015 109 404 16.2891708374024 614.125372728348
2015 110 405 14.8566986083985 605.087151585579
2015 111 406 14.0085197448731 580.893768963814
2015 112 407 14.1677795410156 564.910891818046
2015 113 408 15.2910247802735 633.2994982481
2015 114 409 14.9765106201172 670.82449719429
2015 115 410 14.1080871582031 618.277104894638
2015 116 411 14.8284393310547 629.780695354461
2015 117 412 18.4985214233399 673.95821607399
2015 118 413 17.2987113952637 679.048299643516
2015 119 414 16.1617637634278 686.842764389038
2015 120 415 19.5468765258789 699.541421199798
2015 121 416 21.6442085266114 694.163627660751
2015 122 417 17.4900260925293 666.336370052338
2015 123 418 15.2058006286621 656.089805746078
2015 124 419 13.7003456115723 677.242416248321
2015 125 420 14.0732818603516 701.555317399979
2015 126 421 14.7790771484375 703.370062419891
2015 127 422 15.4783378601074 582.801429494858
2015 128 423 15.1382957458496 648.122724292755
2015 129 424 14.8351837158203 668.345845016479
2015 130 425 14.1437316894531 686.811785495758
2015 131 426 14.6035743713379 718.082616323198
2015 132 427 13.8828063964844 736.716745218003
2015 133 428 13.5585990905762 681.022366067558
2015 134 429 14.6094833374024 634.977021186689
2015 135 430 13.9534736633301 583.164369338333
2015 136 431 14.6723381042481 687.913914241511
2015 137 432 14.2506767272949 596.978440118182
2015 138 433 14.246671295166 626.56287494694
2015 139 434 14.1085105895996 683.182340872578
2015 140 435 15.1387153625489 693.021696493588
2015 141 436 14.6626411437989 608.362513571977
2015 142 437 15.3439613342285 517.781114674807
2015 143 438 15.051602935791 540.040302954584
2015 144 439 15.8329139709473 669.585180949464
2015 145 440 14.9526725769043 689.188633746073
2015 146 441 14.7446914672852 661.896929885343
2015 147 442 15.0716453552246 661.511846186414
2015 148 443 15.0191207885742 643.289355938688
2015 149 444 16.082666015625 652.385095125109
2015 150 445 16.4568687438965 646.710768958628
2015 151 446 15.4838119506836 640.717739470363
2015 152 447 15.9495674133301 595.256653305143
2015 153 448 17.5450836181641 554.673174299508
2015 154 449 17.7108856201172 749.01704223147
2015 155 450 16.0942665100098 669.54976810947
2015 156 451 18.6497589111328 710.075683158666
2015 157 452 18.5812088012696 662.233314796418
2015 158 453 17.8173957824707 656.027836682141
2015 159 454 22.0842262268067 726.961488330573
2015 160 455 23.5230308532715 655.408174708724
2015 161 456 19.7710968017578 370.009334236964
2015 162 457 19.6675277709961 609.327418411314
2015 163 458 21.9097763061524 750.840626604855
2015 164 459 21.84755859375 755.722676515698
2015 165 460 17.5925384521485 755.31990497452
2015 166 461 16.3026710510254 763.61009438461
2015 167 462 17.0409484863281 764.114691888273
2015 168 463 18.8887496948242 762.291125375986
2015 169 464 18.4360748291016 776.636300674856
2015 170 465 18.4337593078614 777.251523393631
2015 171 466 19.6403175354004 751.013249297857
2015 172 467 18.1365524291992 713.320064141214
2015 173 468 16.8894973754883 726.116089767217
2015 174 469 18.0479560852051 752.50929411459
2015 175 470 19.566911315918 758.484622530162
2015 176 471 21.3225303649903 755.222536600292
2015 177 472 23.2926765441895 748.994922852337
2015 178 473 19.6637283325196 675.932284167588
2015 179 474 19.8871131896973 639.713016793787
2015 180 475 18.4432502746582 734.685140311539
2015 181 476 22.0401359558106 600.408707986176
2015 182 477 23.7371269226074 652.663947281539
2015 183 478 22.3187919616699 553.703850397706
2015 184 479 20.6580825805664 649.902034910202
2015 185 480 20.656396484375 719.689296929061
2015 186 481 19.4599662780762 662.6183851704
2015 187 482 19.2325721740723 680.145979097605
2015 188 483 20.0771728515625 685.059041292846
2015 189 484 18.4516883850098 685.448524492085
2015 190 485 17.5391822814942 606.928426226795
2015 191 486 17.4982543945313 373.421899902165
2015 192 487 19.3308731079102 635.105376099109
2015 193 488 19.4169403076172 691.596468418419
2015 194 489 19.7160430908203 716.20148389107
2015 195 490 20.0925651550293 733.224517233848
2015 196 491 19.4669242858887 721.092391079485
2015 197 492 20.8388572692871 703.321356623053
2015 198 493 20.7304359436035 726.031989070237
2015 199 494 20.5192924499512 703.945454575002
2015 200 495 21.5037246704102 711.461068833649
2015 201 496 25.6416641235352 690.104844333708
2015 202 497 21.7123466491699 688.502586119085
2015 203 498 19.2817245483399 671.253823589116
2015 204 499 18.1114479064942 676.24654373008
2015 205 500 18.2127014160156 711.81959500134
2015 206 501 19.2386947631836 707.632454420954
2015 207 502 19.3093582153321 702.431696967184
2015 208 503 20.8719764709473 723.486960106402
2015 209 504 23.9238029479981 731.458466607392
2015 210 505 25.0759368896485 732.317138911947
2015 211 506 22.3533798217774 690.144687860057
2015 212 507 21.4157691955567 666.18587157388
2015 213 508 19.9544006347656 616.781084002957
2015 214 509 20.2600532531739 643.904573003024
2015 215 510 19.4848571777344 688.53798943001
2015 216 511 18.4194122314453 557.762646514177
2015 217 512 18.5942817687989 653.615580561124
2015 218 513 20.8937049865723 684.080842795767
2015 219 514 20.6127296447754 627.032043206435
2015 220 515 19.5681739807129 649.379741572866
2015 221 516 19.6474929809571 694.783292532265
2015 222 517 20.3330322265625 679.690093218475
2015 223 518 19.7719436645508 660.777122257913
2015 224 519 19.6675239562989 680.548762924194
2015 225 520 20.3878761291504 621.348879092216
2015 226 521 20.2545639038086 671.213996396065
2015 227 522 22.1399131774903 675.525087610244
2015 228 523 24.9470573425293 643.723120658874
2015 229 524 25.6328102111817 656.536834442138
2015 230 525 21.9089370727539 636.194208292961
2015 231 526 19.2808815002442 654.190978614807
2015 232 527 18.3234420776367 646.502741474151
2015 233 528 18.6012435913086 612.638196340561
2015 234 529 18.7233749389649 617.644186710358
2015 235 530 18.9815612792969 614.435212062835
2015 236 531 18.9524513244629 624.327669232368
2015 237 532 19.6565567016602 621.016919465065
2015 238 533 20.2739692687989 593.565863077164
2015 239 534 23.1806732177735 603.856668976784
2015 240 535 25.2883506774903 566.004157848358
2015 241 536 23.1298347473145 468.743697161198
2015 242 537 20.4024291992188 555.120234969139
2015 243 538 21.5100570678711 608.070375058174
2015 244 539 21.1048484802246 600.368863121033
2015 245 540 20.0718933105469 588.59970919323
2015 246 541 18.8560615539551 601.736546179771
2015 247 542 17.8908134460449 615.001761304855
2015 248 543 18.051961517334 607.366612261772
2015 249 544 20.0178886413574 607.123183198929
2015 250 545 21.7184616088867 612.492113097191
2015 251 546 23.5546661376953 609.80987640667
2015 252 547 25.0974517822266 597.403322576523
2015 253 548 25.9298072814942 564.034513321876
2015 254 549 24.5190673828125 559.21885585308
2015 255 550 22.0399375915528 494.765097583294
2015 256 551 21.3320289611817 368.088375866413
2015 257 552 19.1372352600098 434.498493281841
2015 258 553 18.1376091003418 404.343063278198
2015 259 554 16.575830078125 474.630503391743
2015 260 555 18.5704475402832 418.161543272495
2015 261 556 18.9195419311524 555.067108566284
2015 262 557 20.1531082153321 551.419948702812
2015 263 558 22.8271461486817 546.949540274143
2015 264 559 24.4201370239258 535.662821723938
2015 265 560 21.8239303588867 529.793740758896
2015 266 561 17.2364860534668 526.164280456066
2015 267 562 20.6905685424805 500.45273196888
2015 268 563 21.9481674194336 509.814042041778
2015 269 564 21.1478858947754 498.093577152252
2015 270 565 21.0223709106446 458.306800457954
2015 271 566 19.6985374450684 399.961158952951
2015 272 567 17.6648956298828 397.221369835377
2015 273 568 16.4260688781739 248.710394734502
2015 274 569 17.7125717163086 208.060539289355
2015 275 570 19.1022163391114 442.647056595802
2015 276 571 19.1058059692383 478.485685384512
2015 277 572 16.9219795227051 470.779721214294
2015 278 573 18.807332611084 461.409548508644
2015 279 574 19.0754257202149 403.767654427528
2015 280 575 18.4651885986328 404.81665769577
2015 281 576 19.9607292175293 424.725530197382
2015 282 577 20.630876159668 421.844096461058
2015 283 578 19.6544471740723 440.456095486879
2015 284 579 19.6071983337403 423.074580581903
2015 285 580 19.6379905700684 431.280672130108
2015 286 581 22.4672828674317 427.664500484228
2015 287 582 22.7153411865235 411.119510704994
2015 288 583 21.2993293762207 368.526563854456
2015 289 584 19.4055419921875 387.34217372787
2015 290 585 18.3717437744141 331.80713180542
2015 291 586 18.1430908203125 326.956055306673
2015 292 587 17.5577445983887 350.662582700848
2015 293 588 18.2249351501465 371.50979148519
2015 294 589 19.9006057739258 399.677881685853
2015 295 590 18.0572372436524 394.016821968079
2015 296 591 18.2139602661133 357.434610655665
2015 297 592 17.9954315185547 298.296673269868
2015 298 593 18.0819221496582 313.881180894852
2015 299 594 17.3613639831543 359.13425497961
2015 300 595 17.6292472839356 250.219718127847
2015 301 596 17.9891067504883 187.886101839214
2015 302 597 16.9420181274414 307.569478294313
2015 303 598 17.6176467895508 360.307186736405
2015 304 599 18.384610748291 350.038499743402
2015 305 600 18.107438659668 251.760019059926
2015 306 601 16.0396324157715 156.495766510189
2015 307 602 12.6285758972168 312.969406490505
2015 308 603 12.7848869323731 351.831097442746
2015 309 604 11.6650253295899 312.916290073484
2015 310 605 13.3453422546387 334.608909801096
2015 311 606 12.8175827026367 332.143519457087
2015 312 607 11.9987236022949 218.855941810608
2015 313 608 11.4239212036133 143.195155366674
2015 314 609 10.5843978881836 247.125832788661
2015 315 610 9.95917663574221 286.886032759704
2015 316 611 11.3635917663574 313.589053587548
2015 317 612 11.7704902648926 312.575480256498
2015 318 613 12.1556602478028 311.256478128452
2015 319 614 13.0812431335449 202.315375986347
2015 320 615 11.3039031982422 298.646339218575
2015 321 616 11.158349609375 288.576827452958
2015 322 617 10.9541679382324 271.102353281885
2015 323 618 12.2839065551758 280.021058141673
2015 324 619 13.6847358703614 279.122543087959
2015 325 620 13.8338676452637 268.274030670404
2015 326 621 13.3790870666504 260.497263217449
2015 327 622 11.6394973754883 260.187436483383
2015 328 623 12.0058914184571 147.15214220047
2015 329 624 7.87955627441409 209.999194968223
2015 330 625 7.35706481933596 264.56932946825
2015 331 626 7.14359436035159 280.074168531656
2015 332 627 6.4924369812012 278.316987279177
2015 333 628 6.67911682128909 277.706180063248
2015 334 629 6.52091369628909 211.836050452471
2015 335 630 8.40647277832034 223.50341275394
2015 336 631 10.1789756774903 188.297730752468
2015 337 632 9.6347595214844 164.794815213919
2015 338 633 10.4833541870117 152.158131436229
2015 339 634 9.49006042480471 208.551835409641
2015 340 635 10.9003768920899 120.201248597741
2015 341 636 13.0143791198731 148.63047611618
2015 342 637 11.577481842041 133.860380884528
2015 343 638 13.8178382873535 130.908133407116
2015 344 639 15.2022186279297 146.4395282377
2015 345 640 11.1817680358887 221.706393125534
2015 346 641 8.74967346191409 226.429102322102
2015 347 642 11.7145896911621 97.1719321389197
2015 348 643 8.30818328857424 238.826784699201
2015 349 644 7.68148574829104 255.225710135698
2015 350 645 7.4059997558594 252.574437469959
2015 351 646 8.22696838378909 199.947378750801
2015 352 647 9.59868774414065 182.729617668867
2015 353 648 11.7506538391114 173.434681452393
2015 354 649 7.36170349121096 146.705099643946
2015 355 650 11.1045700073242 32.3463825600295
2015 356 651 14.536710357666 115.221817428738
2015 357 652 11.0391746520996 226.5441860075
2015 358 653 9.45314559936526 162.364856862545
2015 359 654 6.33719024658205 232.528350153923
2015 360 655 5.67927703857424 253.300320055008
2015 361 656 5.03064880371096 235.728472753048
2015 362 657 6.0705619812012 187.558563290596
2015 363 658 4.98529586791994 244.213411134004
2015 364 659 5.70311508178713 203.05454778552
2015 365 660 7.21404800415041 211.999823176145
2016 1 661 4.92092666625979 263.991886405468
2016 2 662 5.3225036621094 254.366210408688
2016 3 663 6.83880004882815 191.832687134981
2016 4 664 8.86554489135744 147.687180811405
2016 5 665 11.4249473571778 101.60586108613
2016 6 666 10.1624160766602 122.045402624369
2016 7 667 8.83539733886721 202.388442862034
2016 8 668 7.36830673217776 228.666591496944
2016 9 669 9.3519226074219 130.327140049457
2016 10 670 9.39170227050784 195.419504585981
2016 11 671 9.61259231567385 180.796303434849
2016 12 672 9.82385025024416 218.907404453754
2016 13 673 13.3019920349121 210.972780427217
2016 14 674 8.40157089233401 215.574242063999
2016 15 675 10.8801513671875 197.63122715807
2016 16 676 11.9971633911133 135.00870130825
2016 17 677 13.6719528198242 125.917037240028
2016 18 678 14.1495338439942 158.768055719256
2016 19 679 13.5844360351563 105.900258505344
2016 20 680 11.148568725586 192.126389109135
2016 21 681 11.4636779785156 250.81499721384
2016 22 682 14.1051498413086 140.985245979547
2016 23 683 13.566423034668 160.561467090845
2016 24 684 10.1079803466797 207.630725415707
2016 25 685 11.0204292297364 227.834402680397
2016 26 686 10.8659149169922 269.986242781162
2016 27 687 11.0677505493164 276.363308747291
2016 28 688 10.7308670043946 285.917786312103
2016 29 689 13.5919700622559 159.796042113781
2016 30 690 12.9567314147949 193.025326644659
2016 31 691 10.3077178955078 294.172822183132
2016 32 692 9.84541473388674 341.184206518173
2016 33 693 8.2851615905762 224.670348032951
2016 34 694 7.66059265136721 258.1310415802
2016 35 695 10.0013977050781 281.294085686684
2016 36 696 9.96727142333987 350.48058712101
2016 37 697 11.1686683654785 345.127049898147
2016 38 698 13.0021644592285 348.099746474266
2016 39 699 12.8072372436524 358.28170287323
2016 40 700 14.1888977050781 362.700706116676
2016 41 701 12.9307723999024 361.125352984428
2016 42 702 13.6422286987305 341.299926776886
2016 43 703 13.3553825378418 327.824867249489
2016 44 704 13.1981407165528 367.707111796379
2016 45 705 13.8239608764649 369.838741298675
2016 46 706 17.4325347900391 380.194235748291
2016 47 707 15.7868476867676 389.659721069336
2016 48 708 16.812574005127 279.865575855255
2016 49 709 12.8445068359375 304.252403178215
2016 50 710 11.4368759155274 289.041792469127
2016 51 711 10.3958679199219 276.794979096226
2016 52 712 10.0734268188477 404.371919362649
2016 53 713 11.6717926025391 418.737008553367
2016 54 714 14.6957984924317 408.261351869494
2016 55 715 13.4244705200196 430.779105610683
2016 56 716 14.9072586059571 428.028925539434
2016 57 717 14.1390701293946 412.368845797285
2016 58 718 14.1568618774414 417.664520874724
2016 59 719 12.0970397949219 406.014027277827
2016 60 720 13.1924911499024 409.409482404858
2016 61 721 15.4340568542481 452.740610419244
2016 62 722 14.9200378417969 453.109960979372
2016 63 723 15.3207794189453 275.014914351404
2016 64 724 16.8312088012696 217.269744077995
2016 65 725 16.3188720703125 141.181059008792
2016 66 726 13.7875305175781 284.204478122145
2016 67 727 11.6020790100098 327.61124470517
2016 68 728 10.4144989013672 443.648959486961
2016 69 729 12.9098297119141 186.42129327938
2016 70 730 15.8096710205078 178.531181282759
2016 71 731 13.9500022888184 110.839928239748
2016 72 732 11.9077583312989 270.631515301108
2016 73 733 13.8195663452149 120.065089761674
2016 74 734 13.6372009277344 320.277411724687
2016 75 735 11.0093399047852 522.794912770033
2016 76 736 13.4663520812989 532.407218963146
2016 77 737 15.1685653686524 538.962295373678
2016 78 738 14.5425315856934 541.739199285984
2016 79 739 13.8453193664551 478.569302288294
2016 80 740 15.3561645507813 425.612491031885
2016 81 741 14.2785087585449 307.585571112156
2016 82 742 11.7078071594239 433.992134743214
2016 83 743 12.0712829589844 513.409538663387
2016 84 744 12.9638458251953 545.032303926468
2016 85 745 13.9188018798828 568.186434998512
2016 86 746 15.1945281982422 573.508824986458
2016 87 747 15.3163848876953 563.402538153171
2016 88 748 12.8315292358399 582.658330535412
2016 89 749 11.521257019043 581.496853885174
2016 90 750 11.8665176391602 602.577215080261
2016 91 751 13.6773963928223 600.441140149116
2016 92 752 13.6681838989258 601.041918185234
2016 93 753 13.8371520996094 591.669896745682
2016 94 754 13.996484375 593.16959996891
2016 95 755 14.8953300476074 603.093425132751
2016 96 756 16.7612815856934 622.108927469253
2016 97 757 19.8918434143067 627.71612630558
2016 98 758 20.4033523559571 580.241911841392
2016 99 759 15.8199287414551 590.214698212623
2016 100 760 15.2236305236817 501.309561666488
2016 101 761 14.0059104919434 507.486380719661
2016 102 762 14.2984024047852 615.362496263504
2016 103 763 14.5140663146973 625.241854034424
2016 104 764 13.7184310913086 621.299008638382
2016 105 765 14.3492828369141 633.732737546444
2016 106 766 13.6428504943848 647.884214434624
2016 107 767 16.8910957336426 669.952520781517
2016 108 768 18.0805526733399 669.098086172104
2016 109 769 20.1542030334473 670.384182003021
2016 110 770 19.1531768798828 664.158418375015
2016 111 771 17.5657020568848 653.179892536163
2016 112 772 17.336011505127 567.866038526535
2016 113 773 16.121427154541 375.116624076366
2016 114 774 13.4560905456543 603.280350879669
2016 115 775 15.6915832519531 667.629541272163
2016 116 776 13.6991706848145 686.943192775726
2016 117 777 13.5900894165039 679.280029466629
2016 118 778 13.8928466796875 537.738526521683
2016 119 779 14.7615409851074 663.691158441543
2016 120 780 15.4918380737305 703.030490121841
2016 121 781 17.2543579101563 705.09536460495
2016 122 782 20.0402961730957 714.956900339126
2016 123 783 18.5041137695313 713.799857021332
2016 124 784 16.4103713989258 639.215329802513
2016 125 785 17.0058265686035 496.165182374954
2016 126 786 15.6233230590821 632.375427659035
2016 127 787 14.3899017333985 643.514169374466
2016 128 788 14.4746948242188 545.107960891723
2016 129 789 15.8705993652344 540.377445985794
2016 130 790 15.4729972839356 699.750731344223
2016 131 791 15.9863868713379 723.950640667063
2016 132 792 16.9913841247559 727.439582576854
2016 133 793 16.6371170043946 717.008410365872
2016 134 794 16.2039237976074 730.252057283809
2016 135 795 15.609090423584 623.906794082269
2016 136 796 17.0734535217285 641.391449358802
2016 137 797 17.5663200378418 735.712414947606
2016 138 798 21.2550903320313 740.879022127595
2016 139 799 22.3614288330078 745.938845590971
2016 140 800 19.3240219116211 742.365388170436
2016 141 801 14.7929435729981 727.016814247325
2016 142 802 13.6438995361328 604.197067988515
2016 143 803 14.0220314025879 684.584598606996
2016 144 804 14.846753692627 648.053325185284
2016 145 805 15.7468620300293 605.7234786565
2016 146 806 16.0159049987793 597.535206372946
2016 147 807 16.8500534057617 651.355334071413
2016 148 808 17.9408966064453 725.285703740284
2016 149 809 21.6321731567383 724.435716323778
2016 150 810 21.0233169555664 744.105405143946
2016 151 811 19.0618949890137 743.695978185922
2016 152 812 21.1409812927246 741.911469610929
2016 153 813 21.4958702087403 750.896325289339
2016 154 814 19.2362953186035 763.463550690323
2016 155 815 23.2202850341797 761.104974327564
2016 156 816 23.8703933715821 606.79151035738
2016 157 817 20.6137786865235 673.895346268892
2016 158 818 19.3983512878418 723.478944095999
2016 159 819 17.9425712585449 679.498094636202
2016 160 820 17.248910522461 685.381188813955
2016 161 821 17.1272674560547 725.392506129145
2016 162 822 17.7478538513184 729.38429458797
2016 163 823 18.5292373657227 743.402255452573
2016 164 824 20.9699188232422 760.642168265223
2016 165 825 18.0847373962403 757.500340762019
2016 166 826 16.8793617248535 748.426506983816
2016 167 827 15.5316215515137 652.774922662377
2016 168 828 16.0502410888672 604.575348215639
2016 169 829 19.2396484375 517.650535179555
2016 170 830 18.4134536743164 599.951631304175
2016 171 831 21.4542060852051 753.112484753489
2016 172 832 21.4512763977051 752.814336594462
2016 173 833 21.8513885498047 764.673990091503
2016 174 834 20.8641906738281 772.061241962135
2016 175 835 19.3334518432617 770.748454279482
2016 176 836 19.5878349304199 763.521417277396
2016 177 837 22.5506988525391 771.887687026918
2016 178 838 22.4516693115235 769.230944266021
2016 179 839 23.7989936828614 758.261324468374
2016 180 840 23.5724502563477 763.405704578936
2016 181 841 20.986043548584 758.951084541917
2016 182 842 19.2624717712403 766.489635537565
2016 183 843 21.2900520324707 758.470486305833
2016 184 844 19.11025390625 713.737560409427
2016 185 845 18.1079803466797 706.363670089185
2016 186 846 18.1519485473633 693.168961380899
2016 187 847 17.0791145324707 709.029287768245
2016 188 848 17.1209846496582 748.172824579656
2016 189 849 16.7254768371582 727.924640356719
2016 190 850 17.050424194336 711.02296785152
2016 191 851 19.6424880981446 686.542689436495
2016 192 852 17.8820625305176 724.213203851044
2016 193 853 20.9638496398926 755.417669001996
2016 194 854 19.3617111206055 749.374347197771
2016 195 855 20.1462379455567 755.141754476428
2016 196 856 22.5358329772949 754.309584812522
2016 197 857 20.517667388916 717.782755315483
2016 198 858 19.3376327514649 743.900686498761
2016 199 859 17.7926574707031 742.890494735062
2016 200 860 17.2696357727051 719.095522522449
2016 201 861 17.5920768737793 727.23485590136
2016 202 862 18.6018882751465 742.636856841892
2016 203 863 18.8625617980957 724.13311100176
2016 204 864 19.334489440918 745.934403162598
2016 205 865 21.7379013061524 743.433413523853
2016 206 866 22.4328285217285 739.552885309905
2016 207 867 20.6481109619141 735.712401520282
2016 208 868 21.5454917907715 735.841469374418
2016 209 869 23.8647361755371 721.765615209848
2016 210 870 21.6034866333008 706.296898815453
2016 211 871 21.2666030883789 694.66863600117
2016 212 872 21.2940307617188 685.88851076509
2016 213 873 19.3271614074707 705.802939879507
2016 214 874 18.8899894714356 695.580925117001
2016 215 875 18.6678443908692 703.902714054152
2016 216 876 19.6556793212891 710.933963763356
2016 217 877 17.7721420288086 704.432292484887
2016 218 878 17.0227905273438 669.485255075477
2016 219 879 17.7734046936035 698.731638992939
2016 220 880 17.185262298584 709.247350272041
2016 221 881 19.0646110534668 701.966908779725
2016 222 882 19.7103210449219 687.477209482601
2016 223 883 20.3964401245117 683.0759989873
2016 224 884 18.8868537902832 677.562285201175
2016 225 885 19.1617561340332 665.885071325302
2016 226 886 19.7320991516114 675.773312897682
2016 227 887 20.6726089477539 676.360735494614
2016 228 888 19.4950843811035 664.696882788658
2016 229 889 18.5551963806153 657.073763620376
2016 230 890 19.2844558715821 640.657174912453
2016 231 891 19.7614151000977 653.816267268181
2016 232 892 19.4984336853028 647.826363377571
2016 233 893 18.6986213684082 628.583885105133
2016 234 894 17.5353408813477 628.250147306442
2016 235 895 17.4658256530762 599.301918868065
2016 236 896 17.9004875183106 600.160795882225
2016 237 897 17.4951377868653 587.384396484375
2016 238 898 17.2082916259766 610.680939540863
2016 239 899 17.9166046142578 571.452848417282
2016 240 900 17.9505249023438 581.741594903946
2016 241 901 17.4777542114258 613.279838048935
2016 242 902 17.564656829834 611.726721133232
2016 243 903 18.8313652038574 608.949833097458
2016 244 904 19.7159782409668 617.556432332039
2016 245 905 18.8213172912598 614.343428573608
2016 246 906 18.9664131164551 601.94529888153
2016 247 907 18.6743408203125 597.655361255646
2016 248 908 17.1779342651367 604.877935188293
2016 249 909 18.0039192199707 585.657739501953
2016 250 910 19.5853286743164 597.259280601501
2016 251 911 21.698331451416 590.76652008152
2016 252 912 21.7443939208985 550.732952531814
2016 253 913 18.0265251159668 555.107459653377
2016 254 914 18.1990600585938 550.069889602184
2016 255 915 17.5227714538574 528.985068361759
2016 256 916 16.2669502258301 504.40242040205
2016 257 917 15.7466445922852 520.534240078926
2016 258 918 17.2581230163574 538.459431940079
2016 259 919 17.898397064209 563.602788090229
2016 260 920 17.7484794616699 554.698036160469
2016 261 921 19.2013374328614 544.413736110687
2016 262 922 21.2240997314453 536.154260354996
2016 263 923 24.2238136291504 527.59216984272
2016 264 924 22.1147819519043 511.473715685367
2016 265 925 19.1833244323731 506.667550870418
2016 266 926 16.9836364746094 535.85609909153
2016 267 927 16.827653503418 509.836065059185
2016 268 928 19.6967140197754 507.054712945938
2016 269 929 21.9715705871582 512.234695989609
2016 270 930 23.6871887207031 509.284232101917
2016 271 931 23.1938987731934 505.537209358692
2016 272 932 20.4739128112793 500.392833091259
2016 273 933 17.6364646911621 495.137210218906
2016 274 934 16.0098320007324 486.481659353256
2016 275 935 15.2789016723633 487.327186472416
2016 276 936 16.225904083252 478.943120517015
2016 277 937 14.1786399841309 274.881411180258
2016 278 938 16.6385856628418 359.656798256159
2016 279 939 15.9045196533203 469.161669284344
2016 280 940 16.4555870056153 467.417222774267
2016 281 941 17.1186767578125 440.885414289951
2016 282 942 19.3169036865235 436.021402198076
2016 283 943 20.1508460998535 452.58932121706
2016 284 944 18.3931442260742 413.508087002754
2016 285 945 16.0824867248535 406.552504921913
2016 286 946 15.1210304260254 391.964898198604
2016 287 947 15.0843940734864 359.892653835416
2016 288 948 17.8106628417969 158.937163745075
2016 289 949 17.0692649841309 147.277766012788
2016 290 950 17.6728912353516 107.849422495067
2016 291 951 16.1358772277832 265.865407857418
2016 292 952 14.879842376709 378.908154281855
2016 293 953 15.9817825317383 399.321005102396
2016 294 954 17.0795265197754 396.410601862073
2016 295 955 17.531568145752 393.905159423232
2016 296 956 16.765885925293 360.91619354105
2016 297 957 14.7029167175293 364.827875195622
2016 298 958 17.0761810302735 269.750385500848
2016 299 959 17.7867904663086 148.853116561949
2016 300 960 17.3510948181153 312.271590841234
2016 301 961 17.0925079345703 229.182799816877
2016 302 962 16.7296615600586 139.298644639764
2016 303 963 17.5809837341309 166.453468506843
2016 304 964 16.4978881835938 175.941189634919
2016 305 965 14.6719299316406 267.716665308893
2016 306 966 15.0862785339356 273.50632149902
2016 307 967 14.0394035339356 310.491514811158
2016 308 968 14.4933334350586 340.254137340754
2016 309 969 15.6989074707031 329.306758075297
2016 310 970 14.9631629943848 303.300084238797
2016 311 971 16.4193664550781 191.254165350079
2016 312 972 16.6565910339356 220.340351413503
2016 313 973 17.2539344787598 242.706815700501
2016 314 974 16.7225471496582 292.953471779331
2016 315 975 17.5437141418457 267.2226982693
2016 316 976 17.2558151245117 255.180587024696
2016 317 977 17.4358879089356 259.884409590624
2016 318 978 15.8331237792969 261.633308022704
2016 319 979 14.9608627319336 236.828160749826
2016 320 980 15.378564453125 210.696874074204
2016 321 981 13.2990585327149 239.280195871219
2016 322 982 9.7608352661133 297.982144426515
2016 323 983 11.0216842651367 293.318398344619
2016 324 984 13.8057418823242 152.684701429605
2016 325 985 14.4288459777832 55.7025462610721
2016 326 986 12.5534759521485 175.647483376622
2016 327 987 11.1979804992676 218.818396081448
2016 328 988 12.2710243225098 239.863166502833
2016 329 989 9.11407623291018 258.2734492805
2016 330 990 9.44614181518557 198.806071595907
2016 331 991 11.0396934509278 87.9661474355458
2016 332 992 11.439599609375 217.496704184651
2016 333 993 11.9063011169434 179.723815878272
2016 334 994 9.90048751831057 228.635433677673
2016 335 995 8.48616180419924 157.651071032762
2016 336 996 9.13919982910159 220.874368870497
2016 337 997 11.2566162109375 264.552610724449
2016 338 998 10.5489212036133 256.836044811249
2016 339 999 9.16223297119143 240.379389533758
2016 340 1000 9.60317764282229 171.967208470344
2016 341 1001 8.43548355102541 190.724590156078
2016 342 1002 6.4885192871094 169.537422492742
2016 343 1003 9.20682678222659 63.6816687405705
2016 344 1004 13.5048728942871 72.8845821543037
2016 345 1005 15.6335807800293 69.4757665479182
2016 346 1006 10.4961563110352 136.032231658071
2016 347 1007 9.66640243530276 196.99041046232
2016 348 1008 9.79161224365237 98.6554097988605
2016 349 1009 12.6024757385254 91.6731194227337
2016 350 1010 15.1798683166504 54.5900080114602
2016 351 1011 11.6171508789063 165.020518585995
2016 352 1012 6.52242813110354 252.118892904758
2016 353 1013 6.10347518920901 255.781362280846
2016 354 1014 6.3356643676758 229.574417622089
2016 355 1015 6.7045951843262 237.32658829546
2016 356 1016 9.63207015991213 221.577494337559
2016 357 1017 10.1347747802735 242.800266509056
2016 358 1018 9.38374862670901 122.979938619852
2016 359 1019 7.14763412475588 189.500805553555
2016 360 1020 5.24357757568362 222.35182302475
2016 361 1021 5.09554061889651 241.100305032492
2016 362 1022 6.41209564208987 238.639378372192
2016 363 1023 7.14574203491213 239.164493142843
2016 364 1024 7.2832962036133 243.445537894964
2016 365 1025 8.03516540527346 227.344893929958
2016 366 1026 9.13878021240237 185.121858421326
2017 1 1027 8.36861190795901 226.121721581936
2017 2 1028 7.9035469055176 193.369208791018
2017 3 1029 8.84440765380862 102.813430079699
2017 4 1030 12.1427856445313 39.3565573390722
2017 5 1031 7.75796279907229 175.631983849645
2017 6 1032 4.98721466064455 263.381049200535
2017 7 1033 8.34485778808596 114.129552218437
2017 8 1034 14.956071472168 39.700146273613
2017 9 1035 13.7337356567383 109.296999820441
2017 10 1036 12.7272087097168 64.478714161396
2017 11 1037 12.1551719665528 123.84821932888
2017 12 1038 8.87517700195315 172.802959678173
2017 13 1039 7.28256759643557 207.545595453262
2017 14 1040 8.58854064941409 269.244369252682
2017 15 1041 7.17931900024416 254.407571545601
2017 16 1042 7.24642715454104 265.143605792999
2017 17 1043 6.8524108886719 227.812887712002
2017 18 1044 8.2385078430176 122.473861070633
2017 19 1045 10.6381507873535 153.477186820745
2017 20 1046 10.7519393920899 188.259994000912
2017 21 1047 10.180322265625 176.21206531477
2017 22 1048 11.1688819885254 176.966176877022
2017 23 1049 8.82582626342776 221.82016384697
2017 24 1050 7.33833084106448 239.062081701756
2017 25 1051 7.33977279663088 257.450789155006
2017 26 1052 8.3202835083008 264.523362625122
2017 27 1053 8.46174011230471 313.491484118462
2017 28 1054 8.33123168945315 315.245128180504
2017 29 1055 8.59927902221682 291.586584074974
2017 30 1056 8.64162216186526 304.995471226692
2017 31 1057 8.71864471435549 300.265541988373
2017 32 1058 9.01560363769534 251.819489239693
2017 33 1059 11.8949714660645 169.987303168297
2017 34 1060 15.2511688232422 162.499747907162
2017 35 1061 13.6833473205567 184.632230218887
2017 36 1062 11.8540893554688 197.876021098614
2017 37 1063 13.7281623840332 149.791413468361
2017 38 1064 14.881307220459 98.9536282682419
2017 39 1065 15.3639312744141 116.284792895317
2017 40 1066 16.1633277893067 44.412225754261
2017 41 1067 14.0119033813477 113.072018212557
2017 42 1068 11.109204864502 307.820034218788
2017 43 1069 11.7334762573242 375.337506952286
2017 44 1070 10.3339591979981 326.239985174179
2017 45 1071 11.6033760070801 326.507715914726
2017 46 1072 13.0937629699707 289.052055578232
2017 47 1073 15.0940147399903 224.144969913483
2017 48 1074 13.1503425598145 155.98048113966
2017 49 1075 13.1414619445801 197.884949757576
2017 50 1076 10.7930389404297 206.56391976738
2017 51 1077 12.9264884948731 63.7290623924732
2017 52 1078 13.4448333740235 174.503049596351
2017 53 1079 9.9956985473633 334.655684945539
2017 54 1080 7.23858032226565 411.989981871366
2017 55 1081 7.4942451477051 413.056432345301
2017 56 1082 8.23809204101565 390.035978912994
2017 57 1083 8.75663528442385 407.219884787589
2017 58 1084 8.96563110351565 444.091001676306
2017 59 1085 8.29900512695315 449.717843011081
2017 60 1086 8.96335754394534 454.849367446691
2017 61 1087 11.3169494628906 464.130728094608
2017 62 1088 11.3419357299805 423.257019759595
2017 63 1089 11.9011665344239 330.608469609082
2017 64 1090 10.0473266601563 342.317281722933
2017 65 1091 8.18977127075198 359.31377054441
2017 66 1092 9.0750785827637 373.583860874176
2017 67 1093 11.165372467041 415.229523000359
2017 68 1094 13.8456665039063 465.366751707435
2017 69 1095 14.90712890625 366.422036473632
2017 70 1096 14.6989646911621 418.812676500678
2017 71 1097 14.5405670166016 496.910012466431
2017 72 1098 14.3726745605469 514.339344208479
2017 73 1099 17.6784912109375 504.335089417577
2017 74 1100 16.6560607910156 482.122289622545
2017 75 1101 14.3794914245606 404.386392349005
2017 76 1102 13.9034858703614 483.349390026092
2017 77 1103 15.8002754211426 401.450272907615
2017 78 1104 15.1425415039063 310.064523180008
2017 79 1105 14.9422317504883 295.914905106068
2017 80 1106 15.9648681640625 275.955509228259
2017 81 1107 13.8875862121582 443.890214725017
2017 82 1108 11.2609840393067 456.785956246853
2017 83 1109 12.3604484558106 220.945571460605
2017 84 1110 12.6119743347168 310.787396532297
2017 85 1111 12.6175476074219 334.80292999506
2017 86 1112 13.5026527404785 380.808159552574
2017 87 1113 14.1240440368653 536.137161078453
2017 88 1114 16.2296119689942 564.003558621407
2017 89 1115 15.8527351379395 574.574510961294
2017 90 1116 14.6194511413574 602.900512673378
2017 91 1117 17.2049575805664 592.637469535351
2017 92 1118 16.928857421875 582.311948969364
2017 93 1119 16.8995376586914 600.821134096622
2017 94 1120 14.5946784973145 597.229062773705
2017 95 1121 16.0061660766602 498.105876172066
2017 96 1122 15.4589172363281 290.457643730164
2017 97 1123 13.5588203430176 292.760139489651
2017 98 1124 11.6991973876953 429.66026240921
2017 99 1125 9.82533035278323 576.212122526169
2017 100 1126 11.7444244384766 574.694983847141
2017 101 1127 14.3763900756836 412.097056728601
2017 102 1128 15.626611328125 280.649741439819
2017 103 1129 14.0387512207031 478.414206971169
2017 104 1130 11.3578392028809 588.590255852699
2017 105 1131 12.4926048278809 639.78948062706
2017 106 1132 13.4237648010254 407.188654862404
2017 107 1133 13.9865013122559 209.321551082373
2017 108 1134 14.5382972717285 320.987988199234
2017 109 1135 13.9257865905762 601.682348237038
2017 110 1136 15.6497398376465 580.705541845322
2017 111 1137 15.8273330688477 661.39988864994
2017 112 1138 16.1309028625489 552.638363131523
2017 113 1139 15.3515373229981 534.23626243782
2017 114 1140 14.7976737976074 441.757280827045
2017 115 1141 14.1802078247071 500.109404745102
2017 116 1142 15.4597488403321 323.870557737589
2017 117 1143 15.0527130126953 469.846787992477
2017 118 1144 15.8719383239746 689.065494941711
2017 119 1145 18.6313262939453 702.983094390869
2017 120 1146 18.0574356079102 694.188090623856
2017 121 1147 20.4781433105469 691.251970552444
2017 122 1148 23.6311355590821 688.128432813644
2017 123 1149 23.7986122131348 688.90484863472
2017 124 1150 21.445027923584 663.871951311112
2017 125 1151 16.6500679016114 684.232940811157
2017 126 1152 14.3167129516602 573.280478124619
2017 127 1153 16.3954406738281 587.282835067749
2017 128 1154 17.7354866027832 697.378577932358
2017 129 1155 19.0557113647461 703.772884803772
2017 130 1156 17.5768867492676 692.376446315765
2017 131 1157 14.0302864074707 626.951742004744
2017 132 1158 14.8255554199219 713.152433127006
2017 133 1159 14.251668548584 742.442261657206
2017 134 1160 13.8299690246582 725.392222788971
2017 135 1161 15.1396614074707 680.649790512133
2017 136 1162 14.5091796875 611.691034041118
2017 137 1163 14.8616920471192 593.159545793012
2017 138 1164 16.8499656677246 739.698010952711
2017 139 1165 19.9125190734864 737.80158485546
2017 140 1166 21.1038719177246 736.324604988962
2017 141 1167 22.5033851623535 731.429553939171
2017 142 1168 20.9900833129883 738.399505060762
2017 143 1169 20.067399597168 713.420150363445
2017 144 1170 17.154988861084 657.410693625703
2017 145 1171 15.4932037353516 594.761472522035
2017 146 1172 15.0888534545899 583.01251031357
2017 147 1173 15.3812728881836 647.152107619166
2017 148 1174 16.1994682312012 690.546939051062
2017 149 1175 16.1684852600098 681.983993253648
2017 150 1176 15.5202461242676 676.330384700865
2017 151 1177 16.2979637145996 533.446456715405
2017 152 1178 18.2191291809082 654.447800949603
2017 153 1179 18.4692092895508 742.535978399634
2017 154 1180 19.067269897461 641.337853546917
2017 155 1181 18.5433479309082 755.150590868801
2017 156 1182 17.8918128967285 766.18113966006
2017 157 1183 19.3088851928711 761.281645945638
2017 158 1184 17.1717124938965 700.80552627039
2017 159 1185 16.1936889648438 239.972369886339
2017 160 1186 18.4087120056153 340.510079158068
2017 161 1187 15.7337814331055 735.65972586602
2017 162 1188 15.7996574401856 715.789587061346
2017 163 1189 15.1053749084473 629.646907602787
2017 164 1190 17.1174026489258 717.587856966615
2017 165 1191 19.5593849182129 749.840587568104
2017 166 1192 20.6200157165528 745.980799806118
2017 167 1193 23.5902534484864 706.49931218195
2017 168 1194 25.2435699462891 731.282335074901
2017 169 1195 28.2330070495606 735.931940277696
2017 170 1196 27.0358673095703 737.721256323159
2017 171 1197 24.1631103515625 744.195909658849
2017 172 1198 22.7511993408203 742.553823306143
2017 173 1199 26.4157196044922 740.220115923584
2017 174 1200 23.0479522705078 708.650075235903
2017 175 1201 19.4396034240723 677.950171551406
2017 176 1202 18.3023506164551 674.728458066344
2017 177 1203 18.0153099060059 716.655244677543
2017 178 1204 17.7202049255371 725.03970861727
2017 179 1205 17.876123046875 743.330249522567
2017 180 1206 18.4010673522949 758.742667452395
2017 181 1207 18.2736488342285 757.435250258565
2017 182 1208 18.2734466552735 754.97209874177
2017 183 1209 19.0443435668946 744.048658671379
2017 184 1210 18.9204383850098 740.153177442253
2017 185 1211 19.1620536804199 742.973277427912
2017 186 1212 18.6156288146973 711.010573446512
2017 187 1213 20.3224388122559 708.908875931442
2017 188 1214 23.732740020752 742.799246322751
2017 189 1215 26.3715225219727 748.778578522384
2017 190 1216 21.3093467712403 749.746895303964
2017 191 1217 21.2969528198242 758.702497496366
2017 192 1218 19.9885078430176 743.522142544806
2017 193 1219 19.5370765686035 741.482895870805
2017 194 1220 19.5566993713379 743.611376149654
2017 195 1221 20.073804473877 742.830474137366
2017 196 1222 21.2917953491211 742.433340528965
2017 197 1223 25.4779602050781 736.926996918619
2017 198 1224 25.0176445007324 741.13038627857
2017 199 1225 20.1561981201172 743.807700551271
2017 200 1226 19.1409889221192 755.44065210855
2017 201 1227 19.6498275756836 745.677371755302
2017 202 1228 20.0285736083985 743.370406153649
2017 203 1229 20.8314834594727 738.814497026622
2017 204 1230 23.4783226013184 716.097480292171
2017 205 1231 20.6732917785645 689.53848778364
2017 206 1232 19.6585098266602 663.247244727284
2017 207 1233 19.8819442749024 691.497388528883
2017 208 1234 20.7449584960938 719.243327077955
2017 209 1235 22.0350242614746 729.595620768398
2017 210 1236 19.9540191650391 727.391298487097
2017 211 1237 19.0414596557617 704.174476457193
2017 212 1238 20.0174118041992 696.329946549818
2017 213 1239 20.7238975524903 708.11014709425
2017 214 1240 22.8844009399414 683.505592379652
2017 215 1241 23.9002128601074 524.432827556185
2017 216 1242 23.3587547302246 455.978290725805
2017 217 1243 21.9476676940918 575.37768614874
2017 218 1244 19.559171295166 622.663582873776
2017 219 1245 18.9763999938965 638.540071235593
2017 220 1246 18.9045349121094 630.570588378113
2017 221 1247 19.0123344421387 644.697900919406
2017 222 1248 18.5243469238281 663.506039994797
2017 223 1249 19.2190528869629 674.295621736876
2017 224 1250 19.7394577026367 684.232939803123
2017 225 1251 19.2938095092774 678.681964049339
2017 226 1252 18.8378311157227 621.097345438004
2017 227 1253 17.4730125427246 616.769028943062
2017 228 1254 17.7629486083985 630.110971565247
2017 229 1255 19.5626846313477 616.023820838928
2017 230 1256 19.9034248352051 626.65722716999
2017 231 1257 19.5781723022461 635.840438847542
2017 232 1258 19.1482215881348 600.084873804092
2017 233 1259 19.5199333190918 618.000586115837
2017 234 1260 19.0546699523926 578.313830562591
2017 235 1261 20.1991477966309 617.393729636192
2017 236 1262 19.3111549377442 642.118763371467
2017 237 1263 19.0503364562989 641.34234150219
2017 238 1264 21.0268455505371 639.111236205101
2017 239 1265 24.3528877258301 616.501284090042
2017 240 1266 24.082364654541 622.668039438248
2017 241 1267 22.1812339782715 613.114480192184
2017 242 1268 19.3369728088379 630.235932469368
2017 243 1269 20.7596183776856 621.244610096931
2017 244 1270 27.8011985778809 612.106018025398
2017 245 1271 28.9002395629883 602.293667282104
2017 246 1272 28.7496963500977 597.670822477341
2017 247 1273 25.066178894043 496.008638765335
2017 248 1274 24.0020233154297 461.676525239944
2017 249 1275 22.6347290039063 515.829712787151
2017 250 1276 21.0956092834473 415.37231387949
2017 251 1277 19.0757347106934 472.122506847382
2017 252 1278 20.4071022033692 551.081046747208
2017 253 1279 22.8519721984864 568.764732873917
2017 254 1280 26.261247253418 542.86614120388
2017 255 1281 23.8302131652832 500.252185669899
2017 256 1282 21.0086647033692 468.744623040199
2017 257 1283 18.4809890747071 506.588511447907
2017 258 1284 17.8294425964356 543.084789772987
2017 259 1285 19.1358276367188 518.765832858562
2017 260 1286 18.4479423522949 528.993172449112
2017 261 1287 19.7764221191406 467.008832767963
2017 262 1288 17.8063140869141 484.750525188923
2017 263 1289 18.557389831543 436.496346624851
2017 264 1290 16.8282829284668 474.78644066906
2017 265 1291 15.611531829834 527.261858854771
2017 266 1292 17.5328994750977 506.628661936283
2017 267 1293 17.8856178283692 525.521602488995
2017 268 1294 19.0945297241211 505.937026793957
2017 269 1295 20.9142890930176 509.466613632679
2017 270 1296 22.8660179138184 506.744666964531
2017 271 1297 21.5565353393555 503.237401521206
2017 272 1298 19.0794502258301 447.700918488503
2017 273 1299 17.9894920349121 449.633054835081
2017 274 1300 19.6475578308106 482.175832595348
2017 275 1301 19.8313499450684 495.312536521435
2017 276 1302 16.446248626709 490.488907521725
2017 277 1303 16.6921974182129 476.27680798769
2017 278 1304 17.293344116211 477.651175570249
2017 279 1305 18.407674407959 474.978309057474
2017 280 1306 18.5693679809571 467.807568724394
2017 281 1307 18.7112442016602 456.295095471144
2017 282 1308 20.7664352416992 462.256606075048
2017 283 1309 18.1049285888672 451.154648015261
2017 284 1310 16.1554809570313 424.916952026844
2017 285 1311 15.2734695434571 441.038871552229
2017 286 1312 14.9973655700684 446.710315907717
2017 287 1313 17.1045928955078 439.566342902899
2017 288 1314 17.3951583862305 433.015835657358
2017 289 1315 19.2760482788086 402.052671231985
2017 290 1316 18.4047866821289 368.862874281287
2017 291 1317 14.6510520935059 399.366421307087
2017 292 1318 14.935620880127 334.138068607211
2017 293 1319 14.9325233459473 338.470869718313
2017 294 1320 12.3302970886231 341.116939291835
2017 295 1321 14.5878692626953 370.986874984145
2017 296 1322 19.1490417480469 376.212094046473
2017 297 1323 21.861344909668 378.487823107719
2017 298 1324 21.8254104614258 376.131784375429
2017 299 1325 19.940805053711 373.802515743494
2017 300 1326 19.2944313049317 372.289835471749
2017 301 1327 17.3406387329102 368.327389489412
2017 302 1328 15.3655754089356 356.591826396346
2017 303 1329 14.8191505432129 327.569722251356
2017 304 1330 13.1854530334473 350.831130858421
2017 305 1331 13.1142097473145 332.268412397683
2017 306 1332 13.7106071472168 323.821479692787
2017 307 1333 15.8909355163574 198.313317811564
2017 308 1334 14.7086692810059 114.281270323232
2017 309 1335 11.1213813781739 295.151872319102
2017 310 1336 11.6475730895996 313.103273199573
2017 311 1337 11.7981163024903 327.609879134446
2017 312 1338 12.3841949462891 200.307916402593
2017 313 1339 16.4563613891602 195.0559142536
2017 314 1340 14.8393951416016 202.284679025538
2017 315 1341 12.6679435729981 225.430084203035
2017 316 1342 12.6644264221192 235.956399619199
2017 317 1343 14.4953437805176 219.620301752761
2017 318 1344 14.1593490600586 255.375861673351
2017 319 1345 12.4678283691406 183.851342285601
2017 320 1346 14.946363067627 108.859704863183
2017 321 1347 12.764794921875 204.033851463636
2017 322 1348 10.9144607543946 298.82871401008
2017 323 1349 10.5177589416504 280.564954846255
2017 324 1350 13.2643371582031 151.661076167107
2017 325 1351 14.2927528381348 194.431211158514
2017 326 1352 14.1145416259766 224.98385308218
2017 327 1353 15.2557121276856 228.415284524322
2017 328 1354 15.5392509460449 189.281842351913
2017 329 1355 15.8888717651367 230.909650814295
2017 330 1356 16.0976615905762 95.5088165640831
2017 331 1357 12.964688873291 192.017165848464
2017 332 1358 10.1266265869141 244.849549230099
2017 333 1359 10.8665557861328 263.082084534168
2017 334 1360 11.8412796020508 259.963004824638
2017 335 1361 10.0339065551758 249.615171179533
2017 336 1362 10.3269401550293 207.639310587168
2017 337 1363 11.6399284362793 236.893456478715
2017 338 1364 10.3921905517578 265.723697968483
2017 339 1365 11.3177772521973 266.986503935575
2017 340 1366 10.1431518554688 261.582774444103
2017 341 1367 9.60022888183596 261.265961784124
2017 342 1368 9.40342864990237 255.656982004166
2017 343 1369 9.95646438598635 250.837816325903
2017 344 1370 9.55666122436526 251.01184075284
2017 345 1371 9.09552536010744 242.506900462151
2017 346 1372 10.0192428588867 256.446791821718
2017 347 1373 8.90862808227541 254.670840476751
2017 348 1374 9.4455619812012 252.801174753904
2017 349 1375 9.63388977050784 214.894830338955
2017 350 1376 11.3605247497559 227.121252065659
2017 351 1377 12.7967964172364 247.986472145081
2017 352 1378 9.13496551513674 243.979418275118
2017 353 1379 8.72194824218752 215.082242462158
2017 354 1380 11.1713615417481 220.42349717176
2017 355 1381 7.2569633483887 252.230017789602
2017 356 1382 6.86377105712893 231.547740463734
2017 357 1383 8.14619598388674 206.501446749568
2017 358 1384 8.61972579956057 170.513845818758
2017 359 1385 8.81797180175784 149.978826599598
2017 360 1386 8.54311141967776 207.661622091234
2017 361 1387 8.07866439819338 218.4110440979
2017 362 1388 8.73702011108401 220.004048909187
2017 363 1389 8.82519302368166 231.485275636196
2017 364 1390 8.48156509399416 212.11042841959
2017 365 1391 8.65690002441409 192.048399805784
2018 1 1392 9.96174011230471 207.941947268486
2018 2 1393 10.9057937622071 205.62866831994
2018 3 1394 10.3190170288086 129.196886488676
2018 4 1395 12.159383392334 128.3427516433
2018 5 1396 14.8530403137207 126.385360649109
2018 6 1397 11.8517280578614 131.527966935277
2018 7 1398 9.34828720092776 193.750846085548
2018 8 1399 10.2034393310547 46.3279529494046
2018 9 1400 13.2026954650879 96.2726351763605
2018 10 1401 11.1516357421875 99.37777485013
2018 11 1402 11.5688758850098 111.549205437541
2018 12 1403 11.4233184814453 161.992129326343
2018 13 1404 10.1616722106934 230.376354337692
2018 14 1405 9.42560729980471 226.879737762928
2018 15 1406 9.73264465332034 212.043582677364
2018 16 1407 11.8165794372559 176.134300802946
2018 17 1408 11.9317451477051 142.538307957411
2018 18 1409 11.4468894958496 123.013301260948
2018 19 1410 10.7013145446778 203.484429953456
2018 20 1411 8.13625488281252 279.773856376171
2018 21 1412 7.32348785400393 251.160312784195
2018 22 1413 11.4752174377442 163.669262114525
2018 23 1414 10.5869766235352 210.891385481834
2018 24 1415 9.25337753295901 226.643954636097
2018 25 1416 9.74050292968752 192.438499921679
2018 26 1417 7.8068901062012 258.255863375664
2018 27 1418 8.57438049316409 257.650853613853
2018 28 1419 10.5340515136719 283.710878865242
2018 29 1420 10.376912689209 253.166640666962
2018 30 1421 10.4095817565918 245.452730418682
2018 31 1422 11.3131156921387 321.711013512611
2018 32 1423 12.3700691223145 307.101731543541
2018 33 1424 14.2600646972656 305.682627675056
2018 34 1425 16.2726570129395 328.366155165672
2018 35 1426 17.146630859375 307.235200252533
2018 36 1427 14.0764556884766 310.073422101974
2018 37 1428 15.0176254272461 342.539465560913
2018 38 1429 16.5009170532227 350.693793315887
2018 39 1430 15.5322509765625 349.799611935615
2018 40 1431 14.3129898071289 349.817408771515
2018 41 1432 13.9126983642578 352.873616911888
2018 42 1433 12.1870895385742 347.984577610016
2018 43 1434 9.58750305175784 322.631873514175
2018 44 1435 10.4470001220703 373.639779530525
2018 45 1436 10.9308181762696 371.887031610489
2018 46 1437 10.1962028503418 389.912846408844
2018 47 1438 9.89412841796877 395.971867141723
2018 48 1439 10.4327331542969 394.792973684311
2018 49 1440 12.6990257263184 348.042412538528
2018 50 1441 7.51308593750002 397.484394739669
2018 51 1442 5.15499267578127 396.33665507333
2018 52 1443 7.05470428466799 407.213537175424
2018 53 1444 8.3814750671387 427.712781197958
2018 54 1445 6.20946273803713 422.943846266843
2018 55 1446 6.20388565063479 428.135398521766
2018 56 1447 8.48733673095705 367.603000763133
2018 57 1448 10.4604393005371 293.342141231511
2018 58 1449 8.5921569824219 392.4307551696
2018 59 1450 7.58048400878909 413.637347911104
2018 60 1451 11.4003654479981 200.25027997404
2018 61 1452 9.1404853820801 341.102550681055
2018 62 1453 7.43575439453127 365.463204407632
2018 63 1454 7.33320007324221 350.867279263794
2018 64 1455 9.02883300781252 448.532345105529
2018 65 1456 10.7401863098145 429.309840517878
2018 66 1457 13.2690673828125 380.797617661595
2018 67 1458 14.7796493530274 359.755635650575
2018 68 1459 13.3478370666504 325.114213457465
2018 69 1460 12.8743530273438 274.488890145302
2018 70 1461 12.0338760375977 371.771367171645
2018 71 1462 14.4713684082031 423.984828760147
2018 72 1463 16.1395011901856 234.989569711029
2018 73 1464 11.660474395752 296.932191348314
2018 74 1465 9.6381546020508 304.023290840745
2018 75 1466 10.1314865112305 264.893207184791
2018 76 1467 9.21967849731448 352.557762135983
2018 77 1468 8.74040756225588 420.92419711566
2018 78 1469 10.6492095947266 465.904200401068
2018 79 1470 13.0008941650391 311.247851229906
2018 80 1471 13.8548065185547 147.676465412617
2018 81 1472 15.7540985107422 177.344320578575
2018 82 1473 9.71259460449221 468.11073487544
2018 83 1474 10.7757545471192 433.678399610281
2018 84 1475 9.21161041259768 512.361165920257
2018 85 1476 10.4831825256348 553.155041415691
2018 86 1477 14.3626152038574 570.829423894882
2018 87 1478 15.8105484008789 564.97502242136
2018 88 1479 17.8409248352051 570.251103842735
2018 89 1480 17.3587623596192 564.040814036846
2018 90 1481 17.191911315918 515.145999278068
2018 91 1482 14.9913688659668 581.35039363718
2018 92 1483 15.6658149719239 582.449211413383
2018 93 1484 14.265641784668 600.906552860737
2018 94 1485 14.999227142334 565.651205918312
2018 95 1486 14.4060302734375 323.784075497866
2018 96 1487 13.8785873413086 123.298014220118
2018 97 1488 16.5966545104981 278.239076665461
2018 98 1489 13.938134765625 596.377835727691
2018 99 1490 14.9847541809082 612.682044800758
2018 100 1491 18.0846954345703 539.177457406044
2018 101 1492 12.7854515075684 400.509464044094
2018 102 1493 11.1187644958496 528.291694865227
2018 103 1494 11.8345657348633 610.564506602287
2018 104 1495 15.2146697998047 635.912758213043
2018 105 1496 15.2086807250977 632.967762404442
2018 106 1497 10.8367401123047 454.778208548546
2018 107 1498 9.84760055541994 554.356173609734
2018 108 1499 11.5781837463379 469.738911748409
2018 109 1500 11.7524810791016 575.184606505394
2018 110 1501 14.8243003845215 644.236127180099
2018 111 1502 16.1593452453614 657.439632494926
2018 112 1503 17.9050193786621 665.046781384468
2018 113 1504 18.9481254577637 667.248858333587
2018 114 1505 17.2990051269531 659.196861124992
2018 115 1506 14.9919906616211 635.441202039718
2018 116 1507 14.02724609375 659.383688084602
2018 117 1508 14.0162940979004 597.974910979271
2018 118 1509 14.0652938842774 522.726448377609
2018 119 1510 13.5777526855469 495.180593471527
2018 120 1511 13.9358612060547 518.295626946449
2018 121 1512 14.199063873291 616.027419519424
2018 122 1513 16.016690826416 693.522415374756
2018 123 1514 15.1871696472168 661.937195840835
2018 124 1515 15.3879333496094 662.061764619827
2018 125 1516 16.7657752990723 558.884870078087
2018 126 1517 15.0461631774903 615.360125368118
2018 127 1518 16.5625320434571 687.076366130829
2018 128 1519 17.5150772094727 698.482620851517
2018 129 1520 17.5278945922852 682.63217514801
2018 130 1521 16.416764831543 691.413766017914
2018 131 1522 17.6904045104981 669.99808810858
2018 132 1523 22.8083206176758 736.634018527631
2018 133 1524 16.347299194336 657.501931504849
2018 134 1525 14.5985275268555 647.203354172952
2018 135 1526 14.7147232055664 624.679980230141
2018 136 1527 14.6897064208985 610.288702865928
2018 137 1528 14.8832336425781 584.904866155598
2018 138 1529 16.241227722168 668.65905758629
2018 139 1530 15.7534843444824 700.875997256376
2018 140 1531 14.7682739257813 678.526126086972
2018 141 1532 15.4389968872071 665.860864434272
2018 142 1533 16.0933967590332 650.228421654254
2018 143 1534 14.414926147461 564.663619831279
2018 144 1535 14.2189155578614 584.099641103953
2018 145 1536 14.3896919250489 359.399739521697
2018 146 1537 14.812100982666 384.418802590087
2018 147 1538 17.55849609375 619.154793551177
2018 148 1539 21.9198776245117 737.029935781866
2018 149 1540 23.6994606018067 737.261254327208
2018 150 1541 18.0007453918457 711.908566548914
2018 151 1542 14.6764770507813 722.696476575792
2018 152 1543 15.8031059265137 740.762336365491
2018 153 1544 21.5330368041992 742.19479532665
2018 154 1545 23.7627197265625 745.384464300752
2018 155 1546 21.6860252380371 751.403450973153
2018 156 1547 17.4212051391602 742.928806884885
2018 157 1548 16.2867179870606 728.995717012554
2018 158 1549 15.7613388061524 732.7637149221
2018 159 1550 17.7817932128906 751.336704207241
2018 160 1551 18.1394859313965 700.168653065681
2018 161 1552 16.9014106750489 742.706374220073
2018 162 1553 18.850114440918 755.10024446553
2018 163 1554 22.2426315307617 755.064661693096
2018 164 1555 21.8870025634766 758.992784819186
2018 165 1556 20.1566329956055 755.433895258307
2018 166 1557 18.0044761657715 753.409778603911
2018 167 1558 16.5503364562989 705.693830778658
2018 168 1559 16.0764442443848 666.092211425066
2018 169 1560 18.4287506103516 707.895910877883
2018 170 1561 17.9285942077637 714.061705758929
2018 171 1562 17.501840209961 748.405049977362
2018 172 1563 17.8434043884278 777.156514952421
2018 173 1564 21.0494171142578 769.353629092932
2018 174 1565 25.0340896606446 762.52054932189
2018 175 1566 23.8861557006836 721.704443658113
2018 176 1567 18.0133644104004 673.187761953533
2018 177 1568 18.9954696655274 748.302752885103
2018 178 1569 17.7456108093262 710.885392161012
2018 179 1570 17.9598175048828 750.300173655629
2018 180 1571 20.541822052002 751.536897631407
2018 181 1572 24.1958786010742 755.13139478755
2018 182 1573 22.0007225036621 716.130319732249
2018 183 1574 18.9350944519043 675.905878975451
2018 184 1575 18.1845565795899 735.842147466123
2018 185 1576 17.7195602416992 702.11714765799
2018 186 1577 17.8150840759278 721.41973599112
2018 187 1578 22.1609550476074 611.743402327776
2018 188 1579 23.3165336608887 695.991396728754
2018 189 1580 21.8243576049805 745.682516003549
2018 190 1581 21.6515022277832 751.670360922217
2018 191 1582 24.1278549194336 744.801685967326
2018 192 1583 21.4474311828614 731.740526988745
2018 193 1584 21.0907722473145 687.957194276988
2018 194 1585 21.6903778076172 599.9901227265
2018 195 1586 21.1503196716309 663.792283883571
2018 196 1587 18.9993949890137 685.657256214142
2018 197 1588 19.3140884399414 689.54533293134
2018 198 1589 19.8103080749512 710.956567975223
2018 199 1590 20.2521492004395 730.655058351517
2018 200 1591 21.0078598022461 714.733437715828
2018 201 1592 20.5246559143067 696.801056557953
2018 202 1593 22.2052055358887 637.389684346616
2018 203 1594 20.5081268310547 629.52007068485
2018 204 1595 20.2130790710449 680.910557956338
2018 205 1596 20.4235588073731 694.843658948541
2018 206 1597 22.0102287292481 722.385078978628
2018 207 1598 21.9018875122071 715.7343733356
2018 208 1599 19.3136764526367 722.611958458334
2018 209 1600 19.5032783508301 724.128922747522
2018 210 1601 18.996915435791 719.413396452963
2018 211 1602 18.585050201416 629.155288250178
2018 212 1603 19.3579154968262 668.040702662513
2018 213 1604 19.2202201843262 690.314967772364
2018 214 1605 18.6979461669922 710.258114508346
2018 215 1606 19.1699729919434 715.787762788012
2018 216 1607 21.9070602416992 699.47021859394
2018 217 1608 20.0875755310059 705.925166925214
2018 218 1609 20.2829566955567 699.399050899125
2018 219 1610 20.3195625305176 703.20260753005
2018 220 1611 18.3720909118653 694.203040949631
2018 221 1612 20.1338897705078 689.972405441448
2018 222 1613 22.1258102416992 693.219909993771
2018 223 1614 22.9061218261719 671.128041527312
2018 224 1615 20.9966979980469 671.01681491375
2018 225 1616 19.6486259460449 663.351858312607
2018 226 1617 17.6201110839844 637.905735696792
2018 227 1618 17.8984046936035 605.528666337013
2018 228 1619 18.4539657592774 641.762695609093
2018 229 1620 19.5338684082031 643.764581087112
2018 230 1621 20.9768501281739 666.763954785347
2018 231 1622 20.2215553283692 678.846405603409
2018 232 1623 18.8323379516602 674.718090061188
2018 233 1624 16.8532386779785 610.884808319092
2018 234 1625 17.3738609313965 556.513738812446
2018 235 1626 17.2973571777344 563.555900912285
2018 236 1627 16.6299301147461 595.910736071586
2018 237 1628 16.9911437988281 620.449345052719
2018 238 1629 17.3498741149903 608.798390138626
2018 239 1630 17.5063873291016 583.178786930084
2018 240 1631 17.3732391357422 538.710364806175
2018 241 1632 17.583512878418 563.684922176361
2018 242 1633 17.9968238830567 559.24964926815
2018 243 1634 17.9035774230957 607.010059635162
2018 244 1635 18.6795402526856 607.490517754555
2018 245 1636 19.0304084777832 609.363389024734
2018 246 1637 18.7525268554688 591.648957868576
2018 247 1638 18.4310127258301 579.139430366516
2018 248 1639 18.2207427978516 578.151851130962
2018 249 1640 16.6266189575196 555.24587528801
2018 250 1641 18.275537109375 593.063637476921
2018 251 1642 20.0821968078614 587.823142167091
2018 252 1643 19.1705947875977 580.029162285805
2018 253 1644 19.2789360046387 585.398637530327
2018 254 1645 19.6250473022461 581.924276828766
2018 255 1646 18.3582397460938 570.424582419395
2018 256 1647 17.2961059570313 545.650215512276
2018 257 1648 16.4674278259278 551.864922522068
2018 258 1649 17.5289283752442 548.012419126987
2018 259 1650 15.9856735229492 559.116189631462
2018 260 1651 16.7881065368653 531.445757378101
2018 261 1652 16.219930267334 513.642360187054
2018 262 1653 16.8424850463867 542.175831121921
2018 263 1654 19.630014038086 544.271135623932
