Year DOY_disc DOY TA_C PAR_umol_m2_day
2014 71 1 16.4877449035645 516.782075985551
2014 72 2 15.7562461853028 522.449034716844
2014 73 3 14.0780998229981 488.17204652524
2014 74 4 15.2049957275391 513.609099231362
2014 75 5 15.3485580444336 517.008386241198
2014 76 6 14.6670318603516 512.02039759016
2014 77 7 14.413217163086 535.504833601952
2014 78 8 13.3926063537598 540.106748097897
2014 79 9 15.268441772461 483.365987805843
2014 80 10 13.7536941528321 499.368445251226
2014 81 11 13.1084571838379 518.823427623033
2014 82 12 13.6127143859864 534.927924293041
2014 83 13 13.7568679809571 555.212774987698
2014 84 14 14.4689384460449 439.552330729723
2014 85 15 13.2296081542969 305.417608797312
2014 86 16 13.0727630615235 416.542720196724
2014 87 17 14.6495796203614 394.136638371944
2014 88 18 15.1016860961914 227.704154639244
2014 89 19 11.5709053039551 336.455074382544
2014 90 20 11.2865501403809 283.499695542097
2014 91 21 9.28459320068362 274.681923568726
2014 92 22 10.0073677062989 373.518962149143
2014 93 23 11.3271957397461 423.172689230919
2014 94 24 12.5330101013184 380.153367035866
2014 95 25 11.9918685913086 561.656361101151
2014 96 26 14.5173202514649 605.802868654251
2014 97 27 17.8186813354492 609.069033088684
2014 98 28 19.4341674804688 587.155544597626
2014 99 29 17.9479690551758 550.459976991653
2014 100 30 15.3888145446778 612.65026048851
2014 101 31 16.4252868652344 528.759500648975
2014 102 32 14.0743309020996 468.96999771452
2014 103 33 14.3801017761231 602.474554402828
2014 104 34 15.8103805541992 638.735228527069
2014 105 35 16.0703369140625 630.631940545082
2014 106 36 17.0054908752442 641.792815657616
2014 107 37 17.2880531311035 639.840225046158
2014 108 38 16.7939086914063 646.754197509766
2014 109 39 14.8395477294922 650.109113267898
2014 110 40 15.7439590454102 666.08935339737
2014 111 41 16.7389808654785 569.959355690002
2014 112 42 14.2809539794922 577.596669989586
2014 113 43 13.4334617614746 680.711668234825
2014 114 44 15.0715461730957 599.36813862133
2014 115 45 14.2220626831055 338.376603189945
2014 116 46 11.4981246948242 505.559049921989
2014 117 47 13.4806495666504 361.279722265243
2014 118 48 14.2545753479004 588.344844995499
2014 119 49 18.4894996643067 693.718651321411
2014 120 50 22.4470115661621 695.22302879715
2014 121 51 22.5396171569824 691.095951120377
2014 122 52 20.3070426940918 679.398116588593
2014 123 53 17.2920166015625 676.06092811203
2014 124 54 15.8258491516114 618.002168728828
2014 125 55 15.8593574523926 625.226783929825
2014 126 56 15.0481430053711 648.098813732147
2014 127 57 15.5192848205567 711.425161348343
2014 128 58 14.8341918945313 541.034250537872
2014 129 59 16.8357521057129 481.670773916245
2014 130 60 15.9595008850098 724.62739351654
2014 131 61 17.5422645568848 720.256247036769
2014 132 62 19.140096282959 738.606248228532
2014 133 63 22.2278953552246 725.554892504197
2014 134 64 24.2728935241699 733.635985674823
2014 135 65 23.8441787719727 727.534121853659
2014 136 66 20.5961547851563 698.471456743829
2014 137 67 18.1932540893555 717.464914468951
2014 138 68 17.4542175292969 697.330974278674
2014 139 69 16.196061706543 704.094044814065
2014 140 70 15.7949119567871 655.336760431528
2014 141 71 17.4655242919922 638.486712886535
2014 142 72 17.7889343261719 689.609321842909
2014 143 73 18.3058792114258 629.904144318208
2014 144 74 19.8154808044434 691.996815307662
2014 145 75 19.9994979858399 725.55043863602
2014 146 76 21.385758972168 747.668080674842
2014 147 77 19.2110916137696 748.910634928837
2014 148 78 19.2245765686035 773.784088041455
2014 149 79 20.2622390747071 780.360797108322
2014 150 80 17.3003440856934 738.291163483113
2014 151 81 15.464559173584 706.925323059261
2014 152 82 17.8083740234375 752.740398925275
2014 153 83 17.4952713012696 710.892648365974
2014 154 84 15.6053520202637 695.067707207948
2014 155 85 17.7240997314453 737.678758817196
2014 156 86 19.2929779052735 727.605120622098
2014 157 87 17.8109489440918 653.379711412787
2014 158 88 17.7197319030762 741.211191209197
2014 159 89 21.9441467285156 758.114482301593
2014 160 90 24.6446815490723 766.33314970088
2014 161 91 21.9923301696778 748.426924372792
2014 162 92 18.1093803405762 700.117849739611
2014 163 93 16.3550888061524 745.972863745391
2014 164 94 17.5160881042481 770.242787441015
2014 165 95 20.5101028442383 764.913081648111
2014 166 96 18.3447471618653 731.226297596574
2014 167 97 16.6428123474121 743.935941660225
2014 168 98 16.7227226257324 764.313996100664
2014 169 99 20.7179084777832 775.213046101391
2014 170 100 20.1601119995117 780.61375848484
2014 171 101 19.8462158203125 771.143654983163
2014 172 102 19.7528205871582 756.476983321488
2014 173 103 17.4405380249024 765.707454582453
2014 174 104 17.5392929077149 762.605455059826
2014 175 105 20.5257621765137 753.064349062741
2014 176 106 19.3221298217774 710.204805887639
2014 177 107 18.6931510925293 624.485674175918
2014 178 108 18.6118484497071 681.368445254981
2014 179 109 19.7667022705078 729.153891904294
2014 180 110 20.9832206726074 753.139813682556
2014 181 111 23.7920280456543 753.898645362854
2014 182 112 20.4008422851563 696.82061449182
2014 183 113 18.5029884338379 728.767802943706
2014 184 114 19.1847091674805 746.829337859094
2014 185 115 19.7127662658692 768.716208714902
2014 186 116 19.1531806945801 785.965649462581
2014 187 117 20.1412826538086 785.805909503937
2014 188 118 20.3145767211914 704.258253307581
2014 189 119 21.2763000488281 661.341001208186
2014 190 120 19.0086265563965 670.389533339202
2014 191 121 18.8012214660645 665.246190306365
2014 192 122 18.7038589477539 673.353921764135
2014 193 123 18.0691276550293 713.794934162497
2014 194 124 18.8260055541992 739.950891655028
2014 195 125 22.9241004943848 715.960536607325
2014 196 126 21.3240867614746 616.990360236496
2014 197 127 20.7302108764649 632.762044892311
2014 198 128 19.0810104370117 615.63685621202
2014 199 129 18.5563293457031 631.120075440019
2014 200 130 19.1728187561035 682.451258479297
2014 201 131 19.4403091430664 603.610605291724
2014 202 132 19.5971656799317 533.365845799774
2014 203 133 19.6368232727051 639.747015031665
2014 204 134 19.8026023864746 704.067430092663
2014 205 135 21.3052459716797 724.01055851078
2014 206 136 23.6910987854004 737.345934360087
2014 207 137 24.3924613952637 736.378497276962
2014 208 138 23.1961608886719 648.613603937596
2014 209 139 22.1103187561035 632.398158977658
2014 210 140 21.4375091552735 618.942961148798
2014 211 141 21.6207328796387 681.905404185966
2014 212 142 21.9223342895508 695.169785525382
2014 213 143 21.9671493530274 703.210937865853
2014 214 144 21.5253578186035 697.330952842206
2014 215 145 18.8073593139649 644.184743706979
2014 216 146 17.6826454162598 561.030639443085
2014 217 147 19.666764831543 559.632749203905
2014 218 148 22.594743347168 509.987921398483
2014 219 149 20.5888191223145 658.97568830549
2014 220 150 19.8969779968262 679.469119975874
2014 221 151 19.7516304016114 684.834325112637
2014 222 152 18.0074516296387 668.197277045709
2014 223 153 19.0629592895508 659.756710327937
2014 224 154 19.3524681091309 626.358402620315
2014 225 155 18.583699798584 644.251309176445
2014 226 156 19.7456832885742 636.440907417297
2014 227 157 20.3524566650391 665.272817832947
2014 228 158 20.7490440368653 674.374594495773
2014 229 159 19.3340240478516 660.333619779587
2014 230 160 19.0139823913574 636.476411374092
2014 231 161 18.3356300354004 635.571133558273
2014 232 162 18.8053833007813 535.345083436966
2014 233 163 18.8535705566406 589.986785813332
2014 234 164 20.296533203125 643.270571969986
2014 235 165 18.6497245788574 628.475200922012
2014 236 166 19.1448570251465 609.463968616486
2014 237 167 18.6013389587403 562.282069828033
2014 238 168 18.5696121215821 637.071066613197
2014 239 169 20.2162300109864 620.997630739212
2014 240 170 21.0861373901367 607.15636262989
2014 241 171 20.462907409668 579.154306928635
2014 242 172 21.1140953063965 547.247055891991
2014 243 173 21.7966209411621 611.931344928742
2014 244 174 22.1232009887696 609.801246629715
2014 245 175 22.6538368225098 608.4078052845
2014 246 176 18.7409416198731 593.545862679482
2014 247 177 20.5461898803711 605.545460179329
2014 248 178 19.1742073059082 581.350986865044
2014 249 179 18.9562850952149 584.364201357841
2014 250 180 18.2116943359375 596.576823606491
2014 251 181 17.5856834411621 565.93877425909
2014 252 182 16.7179618835449 578.235710970879
2014 253 183 19.5636535644531 587.448421748161
2014 254 184 21.5225807189942 579.567020139694
2014 255 185 21.4599166870117 572.542098441124
2014 256 186 22.428369140625 547.846148495674
2014 257 187 20.8487869262696 514.212628065586
2014 258 188 21.1868721008301 534.577351826668
2014 259 189 19.4192901611328 546.701209647179
2014 260 190 20.6923271179199 527.774329606056
2014 261 191 22.6903205871582 427.02906889379
2014 262 192 20.6568313598633 460.662587433815
2014 263 193 20.4153076171875 510.174300704479
2014 264 194 19.5963645935059 441.917636316299
2014 265 195 19.3635726928711 496.5637926898
2014 266 196 19.7946640014649 505.732127805233
2014 267 197 20.8091255187989 441.487187759399
2014 268 198 19.7444892883301 357.214751816034
2014 269 199 17.9563003540039 454.538515762806
2014 270 200 18.4115768432617 468.486297254562
2014 271 201 18.7119918823242 433.188638599396
2014 272 202 18.5180603027344 443.089192296028
2014 273 203 18.3548637390137 488.518185407162
2014 274 204 20.9655776977539 495.875954810619
2014 275 205 20.7270332336426 498.254564174652
2014 276 206 23.5986953735352 490.546247757673
2014 277 207 22.1529479980469 487.932419513702
2014 278 208 21.3201232910156 487.186874726295
2014 279 209 20.553125 477.951972085953
2014 280 210 20.0016761779785 465.224563884497
2014 281 211 20.0451065063477 456.624251000404
2014 282 212 19.8975730895996 452.523799023151
2014 283 213 17.998136138916 436.947379987001
2014 284 214 17.7340141296387 425.919624551773
2014 285 215 20.9122329711914 444.149806349039
2014 286 216 21.980241394043 427.92547311449
2014 287 217 19.2729545593262 358.284256348729
2014 288 218 18.9646087646485 282.110680347085
2014 289 219 16.9644409179688 322.822380805016
2014 290 220 16.8641105651856 310.365686872005
2014 291 221 19.3124176025391 357.907047724485
2014 292 222 18.5785346984864 375.316239708185
2014 293 223 18.977498626709 229.670073346972
2014 294 224 15.2684455871582 320.962976361752
2014 295 225 15.5888916015625 362.411342467785
2014 296 226 17.495263671875 262.52255492419
2014 297 227 17.1789947509766 332.323555813074
2014 298 228 19.2582832336426 281.959794232398
2014 299 229 16.1970497131348 310.458873418212
2014 300 230 14.4475151062012 354.201547088563
2014 301 231 14.7167984008789 353.380552297831
2014 302 232 17.0068756103516 335.429962333262
2014 303 233 19.0201278686524 312.961751734197
2014 304 234 16.7722984313965 193.431601040125
2014 305 235 14.4040962219239 220.861183757514
2014 306 236 13.2121597290039 315.464634617835
2014 307 237 13.0910087585449 334.684412946701
2014 308 238 14.0743385314942 321.748446594
2014 309 239 15.6640373229981 326.372559568226
2014 310 240 16.1597724914551 320.399377351016
2014 311 241 15.0729309082031 307.862799263209
2014 312 242 15.6432205200196 291.727229763776
2014 313 243 16.7080474853516 308.77254862225
2014 314 244 15.031095123291 317.337361676186
2014 315 245 15.1215072631836 251.450430544712
2014 316 246 15.1518531799317 227.84172549434
2014 317 247 15.8601547241211 160.153091634091
2014 318 248 14.8217025756836 193.267403753109
2014 319 249 13.363656616211 257.40585437306
2014 320 250 12.7172256469727 279.41254483206
2014 321 251 12.2506500244141 278.502816218432
2014 322 252 10.8921447753906 261.461941513997
2014 323 253 13.0003868103028 129.612663097574
2014 324 254 13.0693946838379 74.1455261255503
2014 325 255 12.4189964294434 146.169820742965
2014 326 256 15.0168128967285 101.499670652509
2014 327 257 12.4035278320313 241.270291780233
2014 328 258 11.3888603210449 266.259131980658
2014 329 259 11.6371322631836 271.034114279509
2014 330 260 12.1167961120606 270.395079850435
2014 331 261 12.6273971557617 247.057082161903
2014 332 262 9.65142974853518 261.701578278065
2014 333 263 13.9434638977051 140.715851983309
2014 334 264 13.1974922180176 92.0384391078949
2014 335 265 13.434644317627 165.59818573153
2014 336 266 13.3475967407227 110.765641271114
2014 337 267 15.6265617370606 88.0622339058518
2014 338 268 15.6580978393555 179.821097183585
2014 339 269 15.115365600586 144.971631629467
2014 340 270 16.3854232788086 136.526638098001
2014 341 271 14.1368003845215 144.665432178855
2014 342 272 13.8700920104981 133.850688513994
2014 343 273 14.6727767944336 105.46255638957
2014 344 274 13.873063659668 114.204879556656
2014 345 275 15.7746940612793 50.3903806964755
2014 346 276 11.3995758056641 79.1379664820209
2014 347 277 10.6579605102539 148.2733031708
2014 348 278 10.0712181091309 199.178456148624
2014 349 279 10.9750305175781 88.5770134954453
2014 350 280 11.7576957702637 150.092765284657
2014 351 281 11.5296531677246 179.9187279616
2014 352 282 11.9962326049805 125.059555218577
2014 353 283 12.9569526672364 85.4750425127745
2014 354 284 12.7237716674805 82.8834095339775
2014 355 285 14.9543472290039 99.7911437871456
2014 356 286 14.3023658752442 148.53068858695
2014 357 287 13.2022491455078 225.156904756546
2014 358 288 11.8005195617676 156.793733538151
2014 359 289 9.83088836669924 192.197913640022
2014 360 290 9.75137100219729 254.401515530825
2014 361 291 8.03931961059573 250.003740974188
2014 362 292 8.57450637817385 231.54722636652
2014 363 293 7.85094223022463 221.402587377071
2014 364 294 8.03158340454104 229.115355775118
2014 365 295 7.50929031372073 262.358365189552
2015 1 296 7.32542572021487 248.413841410875
2015 2 297 5.80900726318362 263.024597881317
2015 3 298 6.58419189453127 258.84630402565
2015 4 299 7.56526336669924 207.228415112972
2015 5 300 7.46190032958987 219.661507447719
2015 6 301 7.67536697387698 238.003516225338
2015 7 302 8.5484329223633 247.249763781547
2015 8 303 10.1905723571778 233.61719595623
2015 9 304 10.3329559326172 152.149275985718
2015 10 305 11.0058456420899 215.88598809433
2015 11 306 9.75667724609377 239.579229477644
2015 12 307 9.67082366943362 244.558656394005
2015 13 308 10.531022644043 253.012624701977
2015 14 309 8.90744552612307 275.324899913788
2015 15 310 9.1995903015137 238.91087966299
2015 16 311 9.75415191650393 179.6755689888
2015 17 312 11.5673538208008 148.161306210756
2015 18 313 11.3433395385742 164.14417100811
2015 19 314 12.0619979858399 187.279712425709
2015 20 315 10.6942916870117 214.186343896389
2015 21 316 9.67694625854494 281.543662747383
2015 22 317 9.74360046386721 226.56188909626
2015 23 318 8.80935821533205 278.843702807426
2015 24 319 12.1423698425293 296.875878298759
2015 25 320 9.90981826782229 301.452538021088
2015 26 321 9.88196716308596 283.075107945442
2015 27 322 12.6808868408203 225.145524055481
2015 28 323 12.924520111084 257.120105698585
2015 29 324 11.6036354064942 304.825262711525
2015 30 325 11.6871696472168 298.633065599441
2015 31 326 13.2784744262696 325.176744437218
2015 32 327 11.0748229980469 307.92358246994
2015 33 328 12.2609191894531 299.257159456253
2015 34 329 13.1048713684082 299.204038093567
2015 35 330 12.5203643798828 288.846826962471
2015 36 331 12.4729095458985 207.502845749855
2015 37 332 14.9364334106446 119.17880386877
2015 38 333 16.4979988098145 148.940305118322
2015 39 334 15.653409576416 182.291425648689
2015 40 335 16.2366500854492 185.482690655231
2015 41 336 11.2524238586426 292.595778074264
2015 42 337 11.7508674621582 327.774906072616
2015 43 338 13.6066871643067 325.880511265755
2015 44 339 14.2435089111328 355.07989332962
2015 45 340 14.6641136169434 367.446582448959
2015 46 341 15.1298576354981 361.422582824707
2015 47 342 13.9699226379395 377.316912269592
2015 48 343 13.2194114685059 325.499854536056
2015 49 344 11.6422401428223 372.040934171677
2015 50 345 12.3147064208985 366.795954004014
2015 51 346 12.7083106994629 373.576819411904
2015 52 347 12.4317756652832 378.126909034073
2015 53 348 12.4425331115723 389.010844785411
2015 54 349 13.5545936584473 414.262089358725
2015 55 350 11.2598129272461 435.007507075876
2015 56 351 11.418229675293 428.704647671938
2015 57 352 12.4885192871094 421.250988018244
2015 58 353 14.6253028869629 402.922267346308
2015 59 354 11.943246459961 359.120967425197
2015 60 355 11.3498779296875 403.612742131531
2015 61 356 11.9620185852051 386.470227902621
2015 62 357 11.3988166809082 422.437203612327
2015 63 358 11.4905754089356 459.771872398108
2015 64 359 13.0529838562012 474.165747981131
2015 65 360 13.7134262084961 487.156530390262
2015 66 361 13.2046447753906 486.412923358738
2015 67 362 13.5963531494141 481.862845045447
2015 68 363 13.8269096374512 492.211201608062
2015 69 364 13.8269134521485 416.754009993434
2015 70 365 15.2604347229004 277.263553986102
2015 71 366 14.1629234313965 454.283420599341
2015 72 367 16.2710281372071 460.714646202922
2015 73 368 19.0925117492676 441.097907804966
2015 74 369 19.3867698669434 479.902056851506
2015 75 370 15.4884620666504 356.651175139546
2015 76 371 15.9158073425293 409.610197265982
2015 77 372 14.8235870361328 517.834259222269
2015 78 373 15.2241569519043 521.23795902586
2015 79 374 15.0391593933106 425.628466350794
2015 80 375 15.0030876159668 461.834472032547
2015 81 376 16.5690818786621 388.431001889586
2015 82 377 14.8391891479492 436.640760564327
2015 83 378 13.9684463500977 384.7263146739
2015 84 379 15.6226058959961 500.412886410713
2015 85 380 17.2046333312989 547.086753828525
2015 86 381 17.4191604614258 560.617512260914
2015 87 382 16.311109161377 555.115802140713
2015 88 383 17.0076194763184 586.484004104137
2015 89 384 17.4096618652344 560.555563546657
2015 90 385 15.7719512939453 560.900790410042
2015 91 386 14.422380065918 591.556381056785
2015 92 387 14.3287216186524 606.685006551265
2015 93 388 14.0072570800781 616.493377073288
2015 94 389 13.7022415161133 613.018840469837
2015 95 390 11.5768486022949 444.49720224905
2015 96 391 10.425138092041 473.727557157993
2015 97 392 12.5874420166016 434.870284102678
2015 98 393 11.2762657165528 491.737596228123
2015 99 394 12.2328620910645 605.826330639839
2015 100 395 13.8882881164551 627.17811651516
2015 101 396 14.4544425964356 563.945992837906
2015 102 397 16.3524528503418 625.597984294891
2015 103 398 15.7976890563965 635.632098431587
2015 104 399 13.3784576416016 651.889384541512
2015 105 400 14.3650032043457 662.835277303695
2015 106 401 18.7465721130371 666.818804925918
2015 107 402 17.6862083435059 668.876990097046
2015 108 403 16.1942459106446 651.982315173149
2015 109 404 16.2531028747559 612.815221179962
2015 110 405 14.8817993164063 604.449793012619
2015 111 406 14.1698928833008 565.831536100387
2015 112 407 14.1452079772949 582.367676603317
2015 113 408 14.8585983276367 641.656090999603
2015 114 409 15.1235328674317 680.371730020523
2015 115 410 14.3738647460938 592.105225193977
2015 116 411 15.119947052002 639.788258890152
2015 117 412 18.5843673706055 675.980974906921
2015 118 413 17.9076858520508 687.396033794403
2015 119 414 16.5081230163574 692.07891910553
2015 120 415 19.464185333252 699.776008798599
2015 121 416 21.7226844787598 700.373557094574
2015 122 417 17.8924919128418 665.827363409042
2015 123 418 15.1366134643555 641.363970882416
2015 124 419 13.5670372009278 650.003834222793
2015 125 420 14.2578521728516 703.201855859756
2015 126 421 14.6871086120606 708.212279561996
2015 127 422 15.638013458252 622.902449623108
2015 128 423 15.1338706970215 652.659533416748
2015 129 424 14.5213104248047 690.627132766724
2015 130 425 14.6963897705078 706.180676240921
2015 131 426 14.583325958252 711.562883844102
2015 132 427 14.0526100158692 733.614011279786
2015 133 428 13.4113632202149 677.654061605126
2015 134 429 14.3401199340821 575.936463137487
2015 135 430 14.2002655029297 561.670930758336
2015 136 431 14.4365097045899 642.373140771586
2015 137 432 14.4839797973633 531.754511300433
2015 138 433 13.9602180480957 597.30152075566
2015 139 434 14.5426155090332 659.511231736578
2015 140 435 14.8714614868164 684.297741851419
2015 141 436 15.3239227294922 645.542271156423
2015 142 437 15.107926940918 547.339020189397
2015 143 438 15.4525924682617 553.513531113036
2015 144 439 15.8978858947754 662.826419695362
2015 145 440 14.9269386291504 686.192114308283
2015 146 441 14.7185379028321 667.708467590138
2015 147 442 14.8126159667969 654.531797346592
2015 148 443 14.948876953125 634.494574380114
2015 149 444 16.1522727966309 696.868020933151
2015 150 445 16.2912803649903 667.801430841118
2015 151 446 15.5133415222168 640.2264589746
2015 152 447 16.0501762390137 556.434796413183
2015 153 448 17.3006072998047 522.446311293155
2015 154 449 17.3767601013184 750.65473040691
2015 155 450 16.4399925231934 644.595068909705
2015 156 451 18.8201919555664 705.516722366959
2015 157 452 19.0332389831543 674.020176380634
2015 158 453 17.844613647461 659.41383635807
2015 159 454 22.0270629882813 719.198006384462
2015 160 455 23.2635704040528 695.124122131914
2015 161 456 19.3631454467774 351.959451876745
2015 162 457 19.4749465942383 576.162196252465
2015 163 458 21.3919387817383 751.973729121029
2015 164 459 21.4528938293457 754.987926320732
2015 165 460 18.0260215759278 760.843757501125
2015 166 461 16.2155509948731 770.085570149839
2015 167 462 17.2508293151856 762.534546752572
2015 168 463 18.7567001342774 730.126197538435
2015 169 464 18.469197845459 778.176598425329
2015 170 465 18.0523849487305 768.828548595428
2015 171 466 19.3104110717774 752.664217057943
2015 172 467 18.1570068359375 723.748086808324
2015 173 468 16.9008842468262 732.007321769953
2015 174 469 18.3080383300781 762.335364323258
2015 175 470 19.3644119262696 765.53105151087
2015 176 471 21.4016357421875 754.620563036144
2015 177 472 23.3743110656739 741.674041688025
2015 178 473 19.9546104431153 686.612614154815
2015 179 474 19.5314727783203 672.918057986915
2015 180 475 18.6436401367188 732.755336051047
2015 181 476 22.0371871948242 626.412394042134
2015 182 477 23.9740005493164 646.763898385584
2015 183 478 22.5459648132324 600.638871576846
2015 184 479 20.5941749572754 643.785089029789
2015 185 480 20.9027687072754 721.81829804635
2015 186 481 19.7181526184082 660.19286493963
2015 187 482 19.2325721740723 691.53450048852
2015 188 483 20.1423393249512 721.707628477752
2015 189 484 18.111661529541 690.897132402241
2015 190 485 17.3081985473633 580.048358335554
2015 191 486 17.7823921203614 387.196110708177
2015 192 487 18.9885231018067 562.897002422094
2015 193 488 19.1271034240723 697.655874472201
2015 194 489 19.8757225036621 696.96538722831
2015 195 490 19.7959915161133 732.179941816866
2015 196 491 19.631665802002 724.690865054786
2015 197 492 20.7772651672364 695.040006534934
2015 198 493 20.6819206237793 726.111678800523
2015 199 494 20.1328483581543 707.172132500291
2015 200 495 21.8661209106446 676.118184870183
2015 201 496 25.6465202331543 654.491947976798
2015 202 497 21.5973793029785 682.536120777279
2015 203 498 19.3437400817871 676.86177495414
2015 204 499 17.6549812316895 677.446025268853
2015 205 500 18.3050857543946 718.923578677177
2015 206 501 19.163175201416 700.63911567989
2015 207 502 19.5726066589356 719.77340650934
2015 208 503 21.5518241882324 725.713305688619
2015 209 504 23.7153945922852 731.179614230454
2015 210 505 25.3185096740723 731.688625598907
2015 211 506 22.927335357666 690.180099188
2015 212 507 21.4973960876465 569.589343985736
2015 213 508 20.2372680664063 607.220564283833
2015 214 509 20.0600791931153 657.280448293641
2015 215 510 19.6656242370606 664.592448381334
2015 216 511 18.6617752075196 604.409967867136
2015 217 512 18.9904228210449 633.14900983423
2015 218 513 20.8451896667481 617.436153134365
2015 219 514 20.8297859191895 613.762437086325
2015 220 515 19.6776481628418 649.919724977214
2015 221 516 19.5814682006836 678.942067313492
2015 222 517 20.5121170043946 682.190871737152
2015 223 518 19.7531677246094 662.03413026687
2015 224 519 19.8299499511719 669.408127113342
2015 225 520 20.6521850585938 610.438379403114
2015 226 521 20.2781921386719 659.435966731071
2015 227 522 22.0713592529297 663.331006126404
2015 228 523 25.2609268188477 651.079391116142
2015 229 524 25.484521484375 655.651617506027
2015 230 525 21.8591552734375 639.659898896217
2015 231 526 19.4958320617676 645.192605046272
2015 232 527 18.2340026855469 635.72503309536
2015 233 528 18.6565032958985 612.952439774513
2015 234 529 18.7784286499024 610.947386046409
2015 235 530 19.1218353271485 604.432082867622
2015 236 531 19.1886993408203 614.917650968551
2015 237 532 19.7206855773926 631.710504403114
2015 238 533 20.1339050292969 596.230418855667
2015 239 534 23.0062271118164 610.433969255447
2015 240 535 24.9103561401367 580.929182197571
2015 241 536 22.9007583618164 458.227138070583
2015 242 537 20.580037689209 564.994984009743
2015 243 538 21.4417167663574 607.335658569336
2015 244 539 21.0293289184571 594.220933811188
2015 245 540 19.8845802307129 586.014837474823
2015 246 541 19.4335990905762 605.954679545402
2015 247 542 18.0930953979492 617.307776614189
2015 248 543 17.9770751953125 608.070379090309
2015 249 544 20.0282264709473 613.324226815224
2015 250 545 21.3174682617188 613.673912715912
2015 251 546 23.6065536499024 609.672659828186
2015 252 547 25.7062126159668 596.358756672859
2015 253 548 25.899430847168 571.0632504282
2015 254 549 24.384912109375 536.340025351047
2015 255 550 21.405850982666 453.052957773208
2015 256 551 21.4982429504395 355.814629979134
2015 257 552 19.5998168945313 385.655809996605
2015 258 553 18.3683715820313 494.194124585152
2015 259 554 17.1388221740723 470.615973187447
2015 260 555 18.8201957702637 435.609468449116
2015 261 556 19.6403137207031 550.030147871494
2015 262 557 20.3150993347168 551.234067278862
2015 263 558 23.5329299926758 548.118049471855
2015 264 559 25.4630065917969 538.885077720165
2015 265 560 22.3521171569824 530.147833279133
2015 266 561 17.7172142028809 533.347932189464
2015 267 562 21.3147331237793 486.027856166363
2015 268 563 22.4620147705078 515.966411740303
2015 269 564 21.4113403320313 499.762225320339
2015 270 565 20.8354812622071 420.635763629913
2015 271 566 19.8664413452149 373.612226691961
2015 272 567 17.8627563476563 390.825571326017
2015 273 568 16.3899932861328 268.309434327841
2015 274 569 18.098161315918 230.341830693722
2015 275 570 19.2739196777344 439.234498695612
2015 276 571 19.1218353271485 479.601068683386
2015 277 572 16.4958892822266 469.456315534115
2015 278 573 18.6830841064453 456.695685564279
2015 279 574 19.1062255859375 397.761349575758
2015 280 575 19.0178504943848 425.181421022177
2015 281 576 19.9693809509278 396.526457701325
2015 282 577 20.4431396484375 406.560566167831
2015 283 578 19.644116973877 424.282920469284
2015 284 579 19.6846138000489 428.912673077345
2015 285 580 19.560376739502 434.131119412899
2015 286 581 23.0642333984375 427.549413270712
2015 287 582 22.7860122680664 416.435330328941
2015 288 583 21.7576957702637 381.86259309864
2015 289 584 19.8261505126953 387.58119604516
2015 290 585 18.5649620056153 359.842445753276
2015 291 586 17.9865737915039 333.586465355635
2015 292 587 17.8733039855957 371.120300851703
2015 293 588 18.4609733581543 395.012714962006
2015 294 589 19.9794937133789 400.678201838016
2015 295 590 18.4076057434082 395.433195073128
2015 296 591 18.454850769043 370.212933003902
2015 297 592 17.9916358947754 311.743346566796
2015 298 593 18.4706741333008 321.210922297835
2015 299 594 17.3752876281739 361.404882697046
2015 300 595 17.3569313049317 257.637964957297
2015 301 596 17.7891288757324 162.298458183288
2015 302 597 17.0251289367676 319.254545196593
2015 303 598 17.7068725585938 359.913255462229
2015 304 599 18.3620429992676 349.374569400728
2015 305 600 18.2806221008301 246.413222558767
2015 306 601 16.0794921875 155.460045925509
2015 307 602 12.6473518371582 318.41357697308
2015 308 603 12.8591323852539 349.635709301591
2015 309 604 12.2714630126953 316.860000047475
2015 310 605 13.6476112365723 334.232674811453
2015 311 606 12.7374244689942 327.673100570068
2015 312 607 11.9575859069824 222.724408695951
2015 313 608 11.5361419677735 117.731447602048
2015 314 609 10.3112312316895 231.948527186453
2015 315 610 10.1504913330078 296.805055146731
2015 316 611 11.2749992370606 315.191337349527
2015 317 612 11.6055389404297 311.101565560758
2015 318 613 12.2290664672852 310.596981118221
2015 319 614 13.202954864502 193.86584227086
2015 320 615 10.9102912902832 302.116454585988
2015 321 616 10.7630554199219 293.503135778725
2015 322 617 11.4361511230469 271.646762574583
2015 323 618 12.4222885131836 269.805480540956
2015 324 619 13.8541236877442 278.662228003025
2015 325 620 14.007886505127 269.274344396353
2015 326 621 13.5067039489746 256.907642424583
2015 327 622 12.6608520507813 272.797565501928
2015 328 623 12.1197982788086 151.994355562448
2015 329 624 7.62030944824221 179.972116390228
2015 330 625 7.35200653076174 252.251322204947
2015 331 626 7.30876312255862 278.131084938526
2015 332 627 6.75505218505862 279.162385874033
2015 333 628 6.2994323730469 277.967313726902
2015 334 629 6.98011932373049 214.465193501234
2015 335 630 8.07783660888674 226.867291444182
2015 336 631 9.98639450073244 196.043506333709
2015 337 632 9.50651321411135 166.937078968286
2015 338 633 10.6894393920899 163.785654101729
2015 339 634 9.39175567626955 207.113338735819
2015 340 635 11.0106979370117 129.212911327243
2015 341 636 13.0989700317383 150.139797619462
2015 342 637 11.4825607299805 127.74342769587
2015 343 638 13.7959037780762 121.2591015203
2015 344 639 15.0777603149414 150.493895179868
2015 345 640 11.2121406555176 209.516742958069
2015 346 641 9.02958068847659 216.346309731483
2015 347 642 11.920255279541 106.241138727188
2015 348 643 7.92933807373049 237.529917019606
2015 349 644 8.00780258178713 255.836516091585
2015 350 645 7.48637542724612 252.67623854661
2015 351 646 7.97046813964846 207.578081104994
2015 352 647 9.27701339721682 182.043564387441
2015 353 648 11.8835502624512 171.00914647913
2015 354 649 7.74033508300784 132.61662864542
2015 355 650 11.3707633972168 40.9065780476033
2015 356 651 14.5067497253418 116.717860056147
2015 357 652 11.6641784667969 227.287780501604
2015 358 653 9.45672378540041 161.687652227402
2015 359 654 6.60360488891604 237.830898509502
2015 360 655 5.57718429565432 256.088809047222
2015 361 656 5.32533035278323 229.996585937738
2015 362 657 6.1986022949219 221.493933127642
2015 363 658 5.43290481567385 242.783775076866
2015 364 659 5.55102691650393 190.763105865717
2015 365 660 6.82550201416018 192.493731351018
2016 1 661 5.1365791320801 264.383499454021
2016 2 662 5.65331802368166 238.060857217312
2016 3 663 7.33522949218752 203.411982441664
2016 4 664 8.67019042968752 192.851765157223
2016 5 665 11.9016929626465 105.526443552732
2016 6 666 10.3364006042481 127.701549311638
2016 7 667 8.5977607727051 201.658616848946
2016 8 668 7.64091262817385 237.557987483501
2016 9 669 10.0621238708496 135.511565497875
2016 10 670 9.32616958618166 188.882234713674
2016 11 671 9.65718994140627 189.055788766861
2016 12 672 10.2227188110352 231.67933675003
2016 13 673 13.0821395874024 208.890108352184
2016 14 674 8.86303863525393 193.176625202656
2016 15 675 11.1441703796387 183.706708313227
2016 16 676 11.763501739502 134.42127367115
2016 17 677 13.6198211669922 123.002190208912
2016 18 678 13.9127326965332 170.534258880257
2016 19 679 13.5283256530762 130.10908370018
2016 20 680 11.3608757019043 197.208459314346
2016 21 681 11.9462867736817 272.549521408558
2016 22 682 14.1380210876465 143.953501914978
2016 23 683 12.9973503112793 167.583807214975
2016 24 684 9.90320739746096 237.922905278206
2016 25 685 10.7742057800293 237.032872964859
2016 26 686 10.7130714416504 292.477318987846
2016 27 687 11.2612129211426 296.549197744369
2016 28 688 10.6741233825684 306.913590107918
2016 29 689 13.532300567627 155.292488023281
2016 30 690 12.8608337402344 187.275722250104
2016 31 691 10.7873970031739 299.210391730308
2016 32 692 9.59563980102541 346.453189869881
2016 33 693 8.3969665527344 225.769536261558
2016 34 694 7.89906463623049 247.735488373279
2016 35 695 10.2070137023926 276.421168372631
2016 36 696 10.4356437683106 346.39534486103
2016 37 697 10.9469390869141 346.373100580215
2016 38 698 12.3784309387207 350.916701835632
2016 39 699 12.7779136657715 357.854477000236
2016 40 700 14.0867286682129 362.438147597313
2016 41 701 12.3872314453125 361.094196677208
2016 42 702 13.3260665893555 334.767110019684
2016 43 703 13.2006469726563 318.871158648491
2016 44 704 13.1753211975098 356.848747612953
2016 45 705 14.0310340881348 368.027538509369
2016 46 706 17.1138702392578 380.465707302093
2016 47 707 15.3511367797852 389.766518213272
2016 48 708 16.5655151367188 303.135422145843
2016 49 709 12.8888946533203 286.500755415916
2016 50 710 11.5683647155762 283.741658858401
2016 51 711 10.5160461425781 299.112487011246
2016 52 712 10.2597709655762 401.127760305032
2016 53 713 11.5333953857422 421.976714117866
2016 54 714 14.8940711975098 406.899605121523
2016 55 715 13.5563789367676 432.621486883953
2016 56 716 14.5892234802246 429.688831219792
2016 57 717 14.1759201049805 420.588275711104
2016 58 718 14.0536514282227 418.367638592526
2016 59 719 12.444181060791 384.987054070353
2016 60 720 13.1489349365235 405.50225890556
2016 61 721 15.1725402832031 450.738049747616
2016 62 722 14.6166511535645 453.007613296419
2016 63 723 15.481160736084 284.987698643565
2016 64 724 16.3500686645508 188.459466712445
2016 65 725 15.8500801086426 121.266631107166
2016 66 726 13.633432006836 313.117120795488
2016 67 727 11.5279556274414 318.942362750649
2016 68 728 10.450513458252 455.241591584205
2016 69 729 12.5580841064453 191.182960901409
2016 70 730 16.0077453613281 158.073832576275
2016 71 731 13.841756439209 90.8943458422124
2016 72 732 12.0717063903809 262.105026524901
2016 73 733 13.6702819824219 127.674846371531
2016 74 734 13.6912208557129 319.293931406379
2016 75 735 11.1022964477539 504.700578767419
2016 76 736 13.3710876464844 532.892304965496
2016 77 737 15.6522193908692 538.984552758932
2016 78 738 14.580640411377 535.758201625585
2016 79 739 13.963826751709 501.66113964653
2016 80 740 14.9960380554199 466.85649618721
2016 81 741 14.5140510559082 364.51636743927
2016 82 742 11.8384567260742 449.576551267147
2016 83 743 12.0199943542481 537.306835059166
2016 84 744 12.8907791137696 542.32660978651
2016 85 745 13.8317047119141 566.25063167715
2016 86 746 15.1633316040039 573.050469015121
2016 87 747 15.1639610290528 575.538094205379
2016 88 748 12.9092002868653 579.752396034717
2016 89 749 11.6778694152832 586.47656229496
2016 90 750 11.9649253845215 599.720211545944
2016 91 751 13.5442329406739 598.060321679115
2016 92 752 13.2682815551758 601.037473764419
2016 93 753 13.9248748779297 576.806388160229
2016 94 754 14.0917411804199 598.500875774383
2016 95 755 14.6987243652344 605.242859535217
2016 96 756 16.09755859375 624.231654017448
2016 97 757 19.8478828430176 627.818473988533
2016 98 758 20.5007110595703 589.373619042396
2016 99 759 15.5747543334961 599.377566761017
2016 100 760 15.3595100402832 479.063257223606
2016 101 761 13.8275199890137 546.6566061697
2016 102 762 14.0733200073242 628.187850820541
2016 103 763 14.3507438659668 630.777823189735
2016 104 764 13.7479606628418 626.309879907608
2016 105 765 13.9906211853028 632.847142597675
2016 106 766 13.8281455993653 648.489431851387
2016 107 767 16.7723785400391 671.843811852455
2016 108 768 17.9570175170899 669.276077715873
2016 109 769 19.6102462768555 669.551999738693
2016 110 770 18.8604675292969 660.696208512306
2016 111 771 17.5562759399414 658.982867655754
2016 112 772 17.1875663757324 569.761797203064
2016 113 773 16.0299354553223 383.011178509235
2016 114 774 13.7115226745606 591.078018639564
2016 115 775 15.4152084350586 674.905528897285
2016 116 776 13.7563301086426 697.156294393539
2016 117 777 14.0278869628906 688.118027889252
2016 118 778 13.8606010437012 506.360494213104
2016 119 779 14.5588623046875 665.804972963333
2016 120 780 15.7372261047364 698.655974431991
2016 121 781 17.3351760864258 705.731722200394
2016 122 782 20.3811546325684 714.422868249893
2016 123 783 17.7409416198731 711.895187326431
2016 124 784 16.5207077026367 660.758503990173
2016 125 785 17.376840209961 456.251784544945
2016 126 786 15.9329887390137 623.461779327392
2016 127 787 14.7418609619141 681.705364723205
2016 128 788 14.6325660705567 531.748591382026
2016 129 789 15.4786506652832 558.43172564125
2016 130 790 15.4267288208008 696.969370662689
2016 131 791 16.1547180175781 720.635300314051
2016 132 792 16.9685531616211 724.684944870097
2016 133 793 17.1814971923828 720.751005824856
2016 134 794 16.4137130737305 721.836814104488
2016 135 795 15.5515151977539 645.071722756967
2016 136 796 17.4769226074219 634.297901039345
2016 137 797 17.7290130615235 734.653279932119
2016 138 798 21.2456680297852 743.606965084519
2016 139 799 22.9127098083496 746.036755909346
2016 140 800 19.7999397277832 739.779846109584
2016 141 801 14.9342781066895 722.312994831502
2016 142 802 14.0871444702149 632.700278813295
2016 143 803 14.4085327148438 601.76284330754
2016 144 804 15.022420501709 671.260846765026
2016 145 805 15.8092514038086 643.038010550529
2016 146 806 15.9422050476074 620.916291204184
2016 147 807 16.7177291870117 671.839376267686
2016 148 808 17.9936614990235 708.16597080642
2016 149 809 21.7825065612793 726.073369281038
2016 150 810 21.1543823242188 746.005597152918
2016 151 811 19.0367637634278 739.824346373856
2016 152 812 21.4341064453125 740.44736843878
2016 153 813 21.3974586486817 755.555636030108
2016 154 814 19.5386367797852 762.640273459166
2016 155 815 22.7112899780274 760.86465303278
2016 156 816 23.9922424316406 645.049465702474
2016 157 817 20.6051956176758 656.735568800449
2016 158 818 19.1073204040528 735.672354166359
2016 159 819 18.0792938232422 693.694063362121
2016 160 820 17.4494873046875 658.706981260627
2016 161 821 17.3483596801758 714.160321921438
2016 162 822 17.8875022888184 746.521821979403
2016 163 823 18.7478271484375 740.393966842711
2016 164 824 21.141187286377 767.931503580272
2016 165 825 18.2403007507324 750.153153696895
2016 166 826 17.2662902832031 743.264300237357
2016 167 827 15.417928314209 657.469839927375
2016 168 828 15.9426246643067 609.510558487475
2016 169 829 19.1713958740235 595.692834203482
2016 170 830 18.4423500061035 622.100031571388
2016 171 831 21.3193717956543 757.233332781672
2016 172 832 21.3325553894043 749.872781205058
2016 173 833 22.295053100586 761.460981292903
2016 174 834 21.3001075744629 774.64231981951
2016 175 835 19.1194664001465 769.702659582674
2016 176 836 19.760572052002 766.645401260137
2016 177 837 22.5306030273438 772.795504772782
2016 178 838 22.5117584228516 766.721067234695
2016 179 839 23.625634765625 760.161541489184
2016 180 840 23.533292388916 748.284081453919
2016 181 841 20.9391456604004 743.09520421344
2016 182 842 19.1596656799317 775.002782987058
2016 183 843 21.4047943115235 756.227605158448
2016 184 844 19.1454254150391 718.436911573887
2016 185 845 18.5057922363281 715.005860034466
2016 186 846 18.2382102966309 682.226022346616
2016 187 847 17.2660842895508 712.811936818361
2016 188 848 17.1421333312989 737.056352660894
2016 189 849 16.9461570739746 744.870816733062
2016 190 850 17.1714416503906 721.458554614901
2016 191 851 19.9305892944336 689.737894342959
2016 192 852 18.2088943481446 724.035205377042
2016 193 853 20.9883476257324 755.399875190198
2016 194 854 19.3070655822754 748.564453945756
2016 195 855 20.4154945373535 753.12137661922
2016 196 856 22.8107467651367 754.122675194144
2016 197 857 20.0101486206055 705.722836382866
2016 198 858 19.2216430664063 721.093649987638
2016 199 859 18.0493522644043 735.845907306015
2016 200 860 17.256234741211 714.222626881122
2016 201 861 17.4201866149903 724.43127210772
2016 202 862 18.4521881103516 741.466442302883
2016 203 863 18.8837104797364 734.942533130437
2016 204 864 19.0143600463867 742.877131546617
2016 205 865 21.7793632507324 743.647017892063
2016 206 866 22.9430709838867 738.631711809844
2016 207 867 21.1859985351563 733.433928717166
2016 208 868 21.5436073303223 734.283906021833
2016 209 869 23.7604690551758 715.513156832009
2016 210 870 21.7557006835938 707.916748573601
2016 211 871 21.8413406372071 707.761006665826
2016 212 872 21.3863655090332 705.767343608871
2016 213 873 19.5962120056153 706.341395220846
2016 214 874 18.9479881286621 693.111103314862
2016 215 875 18.7719017028809 697.053937181517
2016 216 876 20.0989280700684 700.373755803227
2016 217 877 18.1565528869629 690.774789936669
2016 218 878 16.7826362609864 652.436717281721
2016 219 879 17.639608001709 689.519827381763
2016 220 880 17.345849609375 703.600117375236
2016 221 881 18.8621459960938 702.060344436273
2016 222 882 19.7314735412598 686.56936823695
2016 223 883 20.0666824340821 680.125548708064
2016 224 884 18.9113441467285 668.911163131816
2016 225 885 19.2448745727539 669.778955513954
2016 226 886 19.9701515197754 681.558507309914
2016 227 887 20.854135131836 671.496720630646
2016 228 888 19.1791358947754 664.412074948311
2016 229 889 18.5422149658203 645.263068621635
2016 230 890 19.4004531860352 645.182974291801
2016 231 891 19.6950317382813 653.193243943214
2016 232 892 19.105859375 634.06648895359
2016 233 893 18.6678520202637 640.154296106338
2016 234 894 17.6025482177735 635.348150444031
2016 235 895 17.3142372131348 591.082473140717
2016 236 896 17.3783012390137 609.332547224045
2016 237 897 17.8060623168946 603.765417729378
2016 238 898 17.3056579589844 608.5315111866
2016 239 899 17.4762969970703 567.594587133407
2016 240 900 17.8628059387207 582.564890342712
2016 241 901 17.4325309753418 599.066051066398
2016 242 902 17.6900688171387 608.544886786461
2016 243 903 18.7930465698242 584.491814398765
2016 244 904 19.8139549255371 613.707044769287
2016 245 905 18.4400459289551 611.904741909981
2016 246 906 18.5229583740235 594.491294511795
2016 247 907 18.150479888916 597.041232820511
2016 248 908 17.3043991088867 605.968219454765
2016 249 909 17.9526191711426 577.331501670837
2016 250 910 19.1996551513672 594.206490703583
2016 251 911 21.6173072814942 591.74110324192
2016 252 912 21.5666442871094 548.761545458317
2016 253 913 17.9750228881836 546.901376925468
2016 254 914 17.7426200866699 549.522520218372
2016 255 915 17.8004089355469 508.100496554375
2016 256 916 15.9614616394043 523.95638312006
2016 257 917 15.2853942871094 529.123006692409
2016 258 918 17.5049797058106 540.257309027195
2016 259 919 17.9674850463867 551.186867106437
2016 260 920 17.8110862731934 554.373187203407
2016 261 921 18.9894424438477 543.661662792682
2016 262 922 20.9328590393067 537.208935325146
2016 263 923 24.0169464111328 528.789250245094
2016 264 924 21.9784790039063 519.492884762764
2016 265 925 19.0719390869141 502.324204088211
2016 266 926 16.9042831420899 528.37984388876
2016 267 927 17.2491203308106 510.472433238983
2016 268 928 19.6627975463867 506.921211979866
2016 269 929 22.3392349243164 509.733705783844
2016 270 930 23.9723449707031 509.475609829903
2016 271 931 23.2914672851563 503.890648722172
2016 272 932 20.7211814880371 496.725917782307
2016 273 933 17.535962677002 487.714340483665
2016 274 934 15.809457397461 487.353897350788
2016 275 935 15.1524406433106 484.90186885643
2016 276 936 15.71376953125 459.059829643965
2016 277 937 13.7929702758789 217.812662914038
2016 278 938 16.5395523071289 371.805713527679
2016 279 939 15.8291412353516 470.541229248762
2016 280 940 16.5359931945801 468.284984093904
2016 281 941 17.1900802612305 447.14677410984
2016 282 942 19.5564323425293 442.741124793529
2016 283 943 20.0522285461426 453.741891637087
2016 284 944 18.4188972473145 411.954975883245
2016 285 945 15.9486938476563 395.400415831566
2016 286 946 14.9568878173828 395.151207963228
2016 287 947 15.2309585571289 367.782770903706
2016 288 948 18.3585945129395 149.68529832226
2016 289 949 16.965421295166 158.492144154787
2016 290 950 17.316121673584 129.392604936004
2016 291 951 16.4656425476074 259.047775573611
2016 292 952 15.0965400695801 378.3073781358
2016 293 953 15.535604095459 400.348971084237
2016 294 954 17.3186393737793 396.637544154882
2016 295 955 17.5600410461426 396.041237504482
2016 296 956 16.7851539611817 350.516184572935
2016 297 957 15.147836303711 366.32312366569
2016 298 958 17.2612663269043 250.321022558868
2016 299 959 17.6446357727051 167.152137078673
2016 300 960 17.3757911682129 289.157506052077
2016 301 961 16.6075950622559 241.015758343577
2016 302 962 16.7983375549317 94.3476653827428
2016 303 963 18.2292037963867 190.688994562715
2016 304 964 17.0361877441406 196.358485254288
2016 305 965 14.8842330932617 270.831771475375
2016 306 966 15.2780624389649 295.476707541704
2016 307 967 13.4835144042969 337.334830169797
2016 308 968 14.9566780090332 339.25729830715
2016 309 969 15.6721130371094 322.444628787577
2016 310 970 14.841943359375 308.03949050644
2016 311 971 16.7485023498535 204.631325198583
2016 312 972 16.7307144165039 197.435429595843
2016 313 973 17.2296463012696 249.364241936058
2016 314 974 16.860311126709 292.388308898732
2016 315 975 17.6806350708008 275.086118067674
2016 316 976 17.2847229003906 217.59016063977
2016 317 977 17.1718612670899 263.88953395798
2016 318 978 15.3892456054688 257.223203953233
2016 319 979 14.8802543640137 247.259318716917
2016 320 980 15.4495445251465 203.118266969308
2016 321 981 13.2310119628906 248.643317884788
2016 322 982 9.64253768920901 296.731652851751
2016 323 983 11.053727722168 294.448730532033
2016 324 984 13.7330986022949 134.737241598844
2016 325 985 13.9952293395996 112.473129357695
2016 326 986 12.4739128112793 169.301564267397
2016 327 987 10.933969116211 222.071459353208
2016 328 988 12.2144943237305 231.879597145438
2016 329 989 9.70095214843752 257.757230911732
2016 330 990 8.93946228027346 207.871029825926
2016 331 991 11.0621047973633 80.0137253130673
2016 332 992 11.3673645019531 207.443809371114
2016 333 993 11.6125427246094 182.772177231908
2016 334 994 10.2178970336914 226.486013009667
2016 335 995 8.72317276000979 146.147428155184
2016 336 996 9.30398330688479 218.991954544783
2016 337 997 11.1965156555176 264.405757847309
2016 338 998 10.9561592102051 257.249912472963
2016 339 999 8.95515594482424 230.513398794412
2016 340 1000 9.97607192993166 177.645601202488
2016 341 1001 8.16226348876955 199.544797286987
2016 342 1002 6.3767028808594 165.981750764608
2016 343 1003 9.22734222412112 56.4768749482631
2016 344 1004 13.6803298950196 81.1752129886746
2016 345 1005 15.6025939941406 63.9086241378187
2016 346 1006 10.5269332885742 134.025215949774
2016 347 1007 9.56716308593752 198.147444140792
2016 348 1008 10.0606628417969 141.109852811813
2016 349 1009 12.770597076416 68.3676795233487
2016 350 1010 14.8716751098633 51.5995065981745
2016 351 1011 11.6372505187989 165.042772372253
2016 352 1012 6.90664062500002 250.352177921057
2016 353 1013 5.8541084289551 255.785812497854
2016 354 1014 6.13466796875002 231.461291489124
2016 355 1015 6.77871093750002 237.740444112778
2016 356 1016 9.54349670410159 225.458022330999
2016 357 1017 10.029672241211 243.231933778763
2016 358 1018 9.24681625366213 124.199278927565
2016 359 1019 6.89491424560549 202.788953572512
2016 360 1020 4.97180328369143 215.049122757196
2016 361 1021 4.64056930541994 248.905880326033
2016 362 1022 6.53039321899416 236.819263052463
2016 363 1023 6.95353851318362 232.248952682733
2016 364 1024 6.8714653015137 243.543442165136
2016 365 1025 8.13461837768557 227.7098008883
2016 366 1026 8.98112640380862 170.810169688702
2017 1 1027 8.39091644287112 225.911995623589
2017 2 1028 7.67101821899416 190.995326349258
2017 3 1029 8.34816894531252 107.391639653921
2017 4 1030 11.7648712158203 29.8208470316529
2017 5 1031 7.77922973632815 180.812589102149
2017 6 1032 4.85029373168948 266.169914693356
2017 7 1033 8.39875564575198 124.325664687395
2017 8 1034 15.1774459838867 40.8424678884745
2017 9 1035 14.0459800720215 111.956461972892
2017 10 1036 12.8246780395508 74.0233495366573
2017 11 1037 11.9750953674317 120.537268206835
2017 12 1038 8.89913711547854 162.02229070425
2017 13 1039 7.84634552001955 218.308410637379
2017 14 1040 8.37046203613284 268.039573863983
2017 15 1041 7.25387344360354 240.07053933239
2017 16 1042 7.09340820312502 255.018887566566
2017 17 1043 6.72354660034182 208.531746304989
2017 18 1044 8.45906219482424 123.924071852684
2017 19 1045 10.7040267944336 154.71321991539
2017 20 1046 10.6932884216309 189.562954236507
2017 21 1047 9.8166557312012 193.516462109566
2017 22 1048 11.0908218383789 181.419452008009
2017 23 1049 8.75333175659182 189.451400433302
2017 24 1050 7.94196090698244 250.761954477787
2017 25 1051 7.32159576416018 285.357348778725
2017 26 1052 8.43717346191409 276.77208357048
2017 27 1053 8.16539535522463 309.703088645935
2017 28 1054 8.46339569091799 312.594591127396
2017 29 1055 8.46566162109377 294.857370344162
2017 30 1056 8.64161453247073 292.22020485878
2017 31 1057 8.69530258178713 297.418664153099
2017 32 1058 9.1574760437012 249.146647423744
2017 33 1059 12.2646270751953 172.869878502846
2017 34 1060 14.8065505981446 159.621625813723
2017 35 1061 13.5274368286133 180.464538862228
2017 36 1062 11.9641510009766 185.399724941254
2017 37 1063 13.2284065246582 146.966847200155
2017 38 1064 14.8625198364258 75.4557120730877
2017 39 1065 15.271615600586 85.3662470679283
2017 40 1066 16.095590209961 56.8483623509407
2017 41 1067 13.7849479675293 103.28641879499
2017 42 1068 11.3820053100586 320.430215907097
2017 43 1069 11.5579467773438 370.339857053757
2017 44 1070 10.3771224975586 336.980484003067
2017 45 1071 12.0808349609375 335.539200367928
2017 46 1072 13.1028495788574 276.428497282028
2017 47 1073 15.0997978210449 227.754877889633
2017 48 1074 12.9646926879883 166.221214474678
2017 49 1075 13.0268455505371 166.917320246696
2017 50 1076 11.1486450195313 210.927945858002
2017 51 1077 13.1893707275391 63.8272317755222
2017 52 1078 13.393197631836 210.066741575448
2017 53 1079 10.2013832092285 331.500914663028
2017 54 1080 7.6784492492676 415.278619410276
2017 55 1081 6.93439636230471 414.078291548416
2017 56 1082 7.99812850952151 384.074489477798
2017 57 1083 8.75189361572268 385.167728149444
2017 58 1084 8.94952545166018 430.842750010967
2017 59 1085 8.53670272827151 453.595482735813
2017 60 1086 9.23161849975588 459.235691243917
2017 61 1087 11.0817314147949 464.679570215732
2017 62 1088 11.464185333252 414.729768216848
2017 63 1089 11.5907836914063 335.704301774591
2017 64 1090 10.2278152465821 329.716036316842
2017 65 1091 8.37005386352541 343.852264048427
2017 66 1092 9.24214324951174 298.592219063759
2017 67 1093 11.3407035827637 431.097092992246
2017 68 1094 13.2670227050781 469.195317703009
2017 69 1095 14.4040657043457 348.260913178682
2017 70 1096 14.8742919921875 409.223409675002
2017 71 1097 14.3445907592774 489.025298711061
2017 72 1098 14.3072143554688 514.031436896682
2017 73 1099 17.589070892334 502.715321940184
2017 74 1100 16.5088211059571 459.646220266342
2017 75 1101 14.3644119262696 398.371350112677
2017 76 1102 13.6880928039551 483.456496384382
2017 77 1103 15.5863319396973 371.901607148528
2017 78 1104 14.915185546875 313.973411069035
2017 79 1105 15.0273147583008 296.633322445154
2017 80 1106 15.9537178039551 220.740307532161
2017 81 1107 13.9383865356446 419.767579188108
2017 82 1108 11.271932220459 469.083746763229
2017 83 1109 12.6028915405274 214.787750945568
2017 84 1110 13.1695571899414 316.534709792137
2017 85 1111 12.7482620239258 327.061031941652
2017 86 1112 13.5094696044922 392.043968870163
2017 87 1113 13.9939361572266 520.773816436768
2017 88 1114 16.287442779541 565.016474785328
2017 89 1115 15.4770904541016 578.809140547275
2017 90 1116 14.8864723205567 601.954526422501
2017 91 1117 17.1818328857422 583.507820739269
2017 92 1118 16.7481590270996 585.373020872593
2017 93 1119 16.9573532104492 608.866482818603
2017 94 1120 14.8245216369629 589.054333423614
2017 95 1121 16.2044120788574 476.651653906822
2017 96 1122 15.713754272461 320.019678536892
2017 97 1123 13.4456535339356 268.160048261881
2017 98 1124 11.981088256836 447.15207939148
2017 99 1125 10.0576530456543 581.129466407776
2017 100 1126 11.9315238952637 570.580832187176
2017 101 1127 14.6940055847168 357.118359344482
2017 102 1128 15.3992362976074 315.405773983478
2017 103 1129 13.9150520324707 489.279655615807
2017 104 1130 11.149057006836 609.415320907593
2017 105 1131 12.5677848815918 629.370259291649
2017 106 1132 13.5071960449219 415.666834629059
2017 107 1133 14.3016372680664 190.727588804483
2017 108 1134 14.3790794372559 298.079068897724
2017 109 1135 13.8060165405274 589.076640202522
2017 110 1136 15.7141662597656 584.163754854202
2017 111 1137 15.8896995544434 669.770966846466
2017 112 1138 16.0809265136719 576.76991195488
2017 113 1139 15.0349555969239 531.179664188385
2017 114 1140 14.3286911010742 433.029220077515
2017 115 1141 14.4249244689942 499.390998242378
2017 116 1142 15.4760566711426 307.538917798042
2017 117 1143 14.9744468688965 473.126500400543
2017 118 1144 15.9254280090332 696.936813188553
2017 119 1145 18.2164474487305 704.42881639862
2017 120 1146 18.063005065918 695.169788486481
2017 121 1147 20.0923858642578 690.618342712402
2017 122 1148 23.3267417907715 687.659902757645
2017 123 1149 23.9097190856934 690.38630947113
2017 124 1150 21.1866775512696 681.850140546799
2017 125 1151 16.7545639038086 681.680561044693
2017 126 1152 13.9561477661133 618.415564378738
2017 127 1153 16.4103065490723 539.764926372528
2017 128 1154 17.3930908203125 697.864948169708
2017 129 1155 18.8415542602539 670.217187099457
2017 130 1156 17.4719825744629 688.762060653686
2017 131 1157 14.1882644653321 620.057657039038
2017 132 1158 14.6213165283203 707.971821070274
2017 133 1159 14.1651321411133 742.335178231684
2017 134 1160 13.9964195251465 701.358829236191
2017 135 1161 14.3937393188477 659.954129774142
2017 136 1162 14.5610137939453 590.160953203868
2017 137 1163 14.9734169006348 600.928222011045
2017 138 1164 16.9354644775391 741.857733347654
2017 139 1165 19.9730201721192 739.140249646567
2017 140 1166 21.269490814209 734.718220545679
2017 141 1167 22.6735473632813 736.507558240242
2017 142 1168 20.8333374023438 732.330930183977
2017 143 1169 19.5643363952637 714.932834667325
2017 144 1170 16.9146095275879 652.854783632398
2017 145 1171 15.2329956054688 608.28639242293
2017 146 1172 14.8647895812989 599.549414906085
2017 147 1173 15.2753349304199 672.894497403026
2017 148 1174 15.8535591125489 699.413311718002
2017 149 1175 15.8438507080078 680.056326182216
2017 150 1176 15.4163795471192 661.136635973334
2017 151 1177 16.4609085083008 557.667242325217
2017 152 1178 18.0784927368164 702.791201431632
2017 153 1179 18.3139205932617 730.16676995194
2017 154 1180 19.064584350586 655.023402240217
2017 155 1181 18.520639038086 753.633451055735
2017 156 1182 18.453931427002 765.36456771192
2017 157 1183 18.8820281982422 761.919748069495
2017 158 1184 17.0542121887207 678.324998632908
2017 159 1185 16.1323524475098 280.591728719354
2017 160 1186 18.2245002746582 312.331318920136
2017 161 1187 15.8093658447266 700.265610603154
2017 162 1188 15.3337722778321 715.923443863332
2017 163 1189 14.9955078125 648.843257179677
2017 164 1190 17.0376907348633 708.761618391752
2017 165 1191 19.3000007629395 749.184657989323
2017 166 1192 19.9670310974121 730.438983796597
2017 167 1193 23.2784172058106 698.159448506594
2017 168 1194 24.6550079345703 733.580349305332
2017 169 1195 28.25283203125 737.971139637113
2017 170 1196 26.6389518737793 737.801578468621
2017 171 1197 24.0499435424805 742.107612188458
2017 172 1198 21.9639869689942 742.884024544418
2017 173 1199 26.6468063354492 739.992534033358
2017 174 1200 22.643399810791 694.902054721832
2017 175 1201 19.6485954284668 669.757588789523
2017 176 1202 18.3087554931641 651.047603023767
2017 177 1203 17.8670288085938 724.901374696374
2017 178 1204 17.8405967712403 718.176856758356
2017 179 1205 17.576058959961 740.608320495009
2017 180 1206 18.146443939209 754.51249816376
2017 181 1207 18.1639877319336 761.259341214299
2017 182 1208 18.0365730285645 754.378638841689
2017 183 1209 19.2394920349121 749.113259399652
2017 184 1210 18.699063873291 737.065330083489
2017 185 1211 19.0585914611817 745.052642585218
2017 186 1212 18.6216140747071 729.095854171991
2017 187 1213 19.9804550170899 718.435659847975
2017 188 1214 23.172681427002 744.570743418574
2017 189 1215 26.4590850830078 743.678296675384
2017 190 1216 21.4148765563965 751.607627453685
2017 191 1217 21.314714050293 757.292453205228
2017 192 1218 20.4155746459961 737.67217389971
2017 193 1219 19.6725479125977 741.911267248154
2017 194 1220 19.6719337463379 744.253919040203
2017 195 1221 19.8877349853516 733.3036862517
2017 196 1222 21.3248344421387 731.795479696751
2017 197 1223 25.6664939880371 731.318011720479
2017 198 1224 24.8747421264649 740.34502919811
2017 199 1225 20.598950958252 750.907054454088
2017 200 1226 18.7893081665039 756.132276225507
2017 201 1227 19.6721397399903 748.127100672662
2017 202 1228 20.1865516662598 740.19778926751
2017 203 1229 20.6379829406739 737.725730575472
2017 204 1230 23.1319938659668 711.144429838985
2017 205 1231 20.3048835754395 689.257372748941
2017 206 1232 19.6242233276367 652.395172060519
2017 207 1233 19.4472480773926 680.127708013326
2017 208 1234 20.6798988342285 720.448121584624
2017 209 1235 21.8574272155762 727.725955392063
2017 210 1236 19.7311950683594 725.276193682104
2017 211 1237 19.0073791503906 707.480957469314
2017 212 1238 19.6880317687989 700.823380627215
2017 213 1239 20.6328178405762 688.043651252866
2017 214 1240 22.5192924499512 673.153313557707
2017 215 1241 24.0507751464844 546.95799496036
2017 216 1242 23.0925575256348 372.39691811762
2017 217 1243 21.3312355041504 539.358867042638
2017 218 1244 19.6390930175781 648.972664032415
2017 219 1245 18.8582778930664 644.126729368146
2017 220 1246 18.6294647216797 640.137523224037
2017 221 1247 18.7955032348633 637.473604257075
2017 222 1248 18.5507827758789 656.246063711516
2017 223 1249 19.1122871398926 658.66010495793
2017 224 1250 19.7031112670899 670.641083436966
2017 225 1251 19.0495124816895 678.744459117889
2017 226 1252 18.5045295715332 621.315981910706
2017 227 1253 17.7080207824707 612.828904230118
2017 228 1254 17.9694610595703 616.063995016098
2017 229 1255 19.4179244995117 601.320896566391
2017 230 1256 19.9013572692871 612.677197166443
2017 231 1257 19.3660865783692 615.983663798332
2017 232 1258 19.1668029785156 605.426130151749
2017 233 1259 19.4251495361328 592.27602340889
2017 234 1260 19.3869491577149 586.952628411293
2017 235 1261 20.4965225219727 611.137742132187
2017 236 1262 19.347917175293 646.067780958176
2017 237 1263 19.1137329101563 638.66500788784
2017 238 1264 20.8802124023438 637.107710656166
2017 239 1265 23.9291320800781 613.382211940765
2017 240 1266 23.8347564697266 623.346297972679
2017 241 1267 22.1021362304688 609.263610819817
2017 242 1268 19.5973793029785 628.58938594532
2017 243 1269 20.7784057617188 624.983911301613
2017 244 1270 28.1508079528809 611.34299292469
2017 245 1271 29.1090217590332 602.811265397072
2017 246 1272 28.6561447143555 595.305859370232
2017 247 1273 25.1118141174317 499.475766824722
2017 248 1274 24.4020401000977 475.585184437752
2017 249 1275 22.1000686645508 515.142535674095
2017 250 1276 20.7982383728028 437.629751047134
2017 251 1277 19.5509162902832 476.299113254547
2017 252 1278 20.7941032409668 550.384953575611
2017 253 1279 22.9938522338867 566.051720912933
2017 254 1280 26.052262878418 550.661604406834
2017 255 1281 24.4084449768067 496.062192322493
2017 256 1282 20.8168159484864 484.099035494804
2017 257 1283 18.6360794067383 510.997143536091
2017 258 1284 17.7199951171875 551.27293000412
2017 259 1285 19.1170402526856 525.003979173183
2017 260 1286 18.7327171325684 547.337270376682
2017 261 1287 19.5077529907227 463.952241574764
2017 262 1288 18.1569648742676 481.390482571125
2017 263 1289 18.6352478027344 457.192010386944
2017 264 1290 16.5187240600586 454.010464841843
2017 265 1291 15.8688407897949 523.138787608147
2017 266 1292 17.0240531921387 505.919177540302
2017 267 1293 18.2100463867188 525.401107678413
2017 268 1294 19.2748123168946 502.54576789093
2017 269 1295 20.5167633056641 509.087330852985
2017 270 1296 23.5623756408692 506.584037290096
2017 271 1297 21.7481819152832 501.550685860157
2017 272 1298 19.1360412597656 460.525281140327
2017 273 1299 18.1212440490723 448.156072188616
2017 274 1300 19.560620880127 474.759659732342
2017 275 1301 19.7270637512207 496.169288600445
2017 276 1302 16.3198562622071 495.160814337254
2017 277 1303 16.8635955810547 479.739484318018
2017 278 1304 17.0975776672364 477.651172798157
2017 279 1305 18.4384437561035 474.768600487709
2017 280 1306 18.7172370910645 467.89680793643
2017 281 1307 18.4091201782227 453.666876789331
2017 282 1308 21.0282875061035 463.113345301628
2017 283 1309 18.1724601745606 451.716905805588
2017 284 1310 16.2851615905762 436.465104634762
2017 285 1311 15.4539619445801 451.76150852704
2017 286 1312 15.334603881836 446.397953716755
2017 287 1313 17.3113151550293 439.83852461648
2017 288 1314 17.6691947937012 432.28403465414
2017 289 1315 19.5050712585449 398.291046741843
2017 290 1316 18.2024017333985 379.795243766665
2017 291 1317 14.6178108215332 404.14097481358
2017 292 1318 14.8245178222656 354.900652706027
2017 293 1319 14.7648406982422 339.158034986973
2017 294 1320 12.8455368041992 361.85723085022
2017 295 1321 15.0808044433594 372.709277560115
2017 296 1322 19.1899353027344 380.250379826188
2017 297 1323 22.2483497619629 379.11698901236
2017 298 1324 21.7958847045899 376.627079113603
2017 299 1325 20.0072952270508 373.900684118509
2017 300 1326 19.8193794250489 371.999787871957
2017 301 1327 17.5589233398438 368.849472976565
2017 302 1328 15.6367240905762 356.672157488108
2017 303 1329 14.6359802246094 329.278745573342
2017 304 1330 13.1189590454102 348.66697947818
2017 305 1331 13.3539596557617 342.821496425778
2017 306 1332 13.7804008483887 331.487514386028
2017 307 1333 15.6491142272949 221.780005877092
2017 308 1334 14.720231628418 104.343961558163
2017 309 1335 11.0559211730957 277.026437734634
2017 310 1336 11.3437973022461 311.684306707188
2017 311 1337 11.3803421020508 325.990093890458
2017 312 1338 12.344125366211 206.74240978384
2017 313 1339 16.3339019775391 158.372215969428
2017 314 1340 14.8172927856446 171.147479604624
2017 315 1341 13.0665031433106 213.368769183047
2017 316 1342 12.4864135742188 234.555263330206
2017 317 1343 14.4910026550293 202.837991091207
2017 318 1344 14.459001159668 265.103452501029
2017 319 1345 12.0682273864746 166.457715364855
2017 320 1346 14.6624122619629 113.536083820454
2017 321 1347 12.6508003234864 212.485258357843
2017 322 1348 10.9400650024414 295.218805025896
2017 323 1349 10.5522438049317 285.549229396931
2017 324 1350 13.1848388671875 144.838377883673
2017 325 1351 13.9898086547852 159.532383073568
2017 326 1352 14.1168113708496 220.646603644133
2017 327 1353 14.9215789794922 225.903068476677
2017 328 1354 15.2992912292481 202.855831319809
2017 329 1355 15.6057525634766 239.512757211924
2017 330 1356 16.1748863220215 89.4223808412552
2017 331 1357 12.9510627746582 175.975576249301
2017 332 1358 10.1505790710449 253.756090671778
2017 333 1359 11.1630989074707 263.492606027842
2017 334 1360 11.7429786682129 261.270421829462
2017 335 1361 10.5454307556153 245.737529942751
2017 336 1362 10.0163475036621 195.667239969015
2017 337 1363 11.5191284179688 240.008068708658
2017 338 1364 10.2786117553711 265.353335531473
2017 339 1365 11.0261856079102 266.767849570274
2017 340 1366 10.2748962402344 261.114247160196
2017 341 1367 9.62955245971682 261.118712245703
2017 342 1368 9.63183364868166 255.451722139358
2017 343 1369 9.80116424560549 250.088163296938
2017 344 1370 9.30058059692385 254.483432385683
2017 345 1371 9.13145599365237 245.947248592853
2017 346 1372 9.7369438171387 254.291560217142
2017 347 1373 8.82561264038088 250.94490857172
2017 348 1374 9.06020507812502 252.747637829304
2017 349 1375 9.47218856811526 227.23726944232
2017 350 1376 11.2300086975098 218.727857639909
2017 351 1377 12.5068603515625 247.509022754431
2017 352 1378 8.70810852050784 243.894640368462
2017 353 1379 8.7361999511719 211.164439144611
2017 354 1380 11.1364570617676 219.267789246678
2017 355 1381 7.2402397155762 252.71193528986
2017 356 1382 6.96722946166994 224.34130716753
2017 357 1383 8.05946121215823 221.150838759661
2017 358 1384 8.79958877563479 178.251295167208
2017 359 1385 8.73887786865237 132.549496495605
2017 360 1386 8.93196258544924 226.991840188503
2017 361 1387 8.13028869628909 219.896950615168
2017 362 1388 8.67651138305666 216.162098115444
2017 363 1389 8.92143402099612 229.459439780235
2017 364 1390 8.50676116943362 215.626633610249
2017 365 1391 8.81115875244143 190.589264648914
2018 1 1392 9.43843231201174 193.292629726887
2018 2 1393 10.7203384399414 218.267206501722
2018 3 1394 10.5795341491699 140.411864536762
2018 4 1395 12.1674514770508 121.9812196033
2018 5 1396 14.9039054870606 121.6342301929
2018 6 1397 11.9904609680176 130.331283509195
2018 7 1398 9.36379013061526 192.972342122555
2018 8 1399 10.5390029907227 54.6157345448731
2018 9 1400 13.1942153930664 59.8517619971036
2018 10 1401 11.1280647277832 91.2812800076007
2018 11 1402 11.702035522461 82.4240729978084
2018 12 1403 11.4363494873047 144.13091232729
2018 13 1404 10.2112937927246 228.80598593235
2018 14 1405 9.58109054565432 231.693144796371
2018 15 1406 9.73429641723635 197.803538431644
2018 16 1407 11.6755653381348 160.359480563641
2018 17 1408 12.0508285522461 144.815998274326
2018 18 1409 11.6633659362793 133.667755840778
2018 19 1410 10.7360549926758 196.304353841782
2018 20 1411 8.02977523803713 274.297598604202
2018 21 1412 7.18991622924807 261.765833877563
2018 22 1413 11.6958290100098 152.956979158401
2018 23 1414 10.796834564209 200.014507246494
2018 24 1415 9.14006958007815 227.231176130295
2018 25 1416 9.44360122680666 201.473647506535
2018 26 1417 8.17719802856448 240.630431015491
2018 27 1418 8.84419403076174 234.042012628555
2018 28 1419 10.5694061279297 285.081059831619
2018 29 1420 10.6277099609375 244.967834430694
2018 30 1421 10.1118446350098 241.093083226681
2018 31 1422 11.116284942627 317.008824355125
2018 32 1423 12.7839942932129 293.244282476425
2018 33 1424 14.2927261352539 313.716843168259
2018 34 1425 16.1283393859864 329.362645923614
2018 35 1426 17.1536575317383 299.917212901115
2018 36 1427 13.9699798583985 312.213206597328
2018 37 1428 15.2545715332031 340.493086481094
2018 38 1429 16.1996704101563 350.226680555344
2018 39 1430 15.306470489502 351.076373373985
2018 40 1431 14.1659828186035 351.761463353157
2018 41 1432 13.9904418945313 344.287779140472
2018 42 1433 12.4345832824707 356.783946163177
2018 43 1434 9.40513763427737 314.562087533951
2018 44 1435 9.93940505981448 371.36209400177
2018 45 1436 10.8582397460938 341.133704027176
2018 46 1437 10.0396858215332 383.159826694488
2018 47 1438 10.1782165527344 396.056386739731
2018 48 1439 10.5656829833985 394.75739815712
2018 49 1440 12.7544380187989 360.752117399216
2018 50 1441 7.87759933471682 405.625374111693
2018 51 1442 5.62909088134768 406.590729231045
2018 52 1443 7.32389602661135 402.293350638635
2018 53 1444 8.76397476196291 417.098368408177
2018 54 1445 6.21835861206057 425.515169003583
2018 55 1446 6.18031463623049 428.856082172736
2018 56 1447 8.81463775634768 388.062217104152
2018 57 1448 10.7023445129395 310.64728918077
2018 58 1449 8.58348236083987 402.360093270033
2018 59 1450 7.92225799560549 391.412031912237
2018 60 1451 11.6255355834961 170.266566669438
2018 61 1452 8.85433731079104 357.762644400865
2018 62 1453 7.39068374633791 345.867032292306
2018 63 1454 6.85827407836916 332.970480846852
2018 64 1455 8.96805725097659 437.828956031203
2018 65 1456 10.7465911865235 433.05112868309
2018 66 1457 13.4855323791504 389.846116716504
2018 67 1458 14.7449050903321 387.408270753026
2018 68 1459 12.9599548339844 371.78026306951
2018 69 1460 13.2041412353516 288.542085065663
2018 70 1461 11.9633728027344 378.079510468006
2018 71 1462 14.7070785522461 453.069924619317
2018 72 1463 15.940805053711 181.138999062478
2018 73 1464 11.3693519592285 241.795963615537
2018 74 1465 9.55814132690432 266.303430527925
2018 75 1466 10.4672637939453 290.02348069489
2018 76 1467 9.06068191528323 404.482077684879
2018 77 1468 8.56610260009768 408.508078809261
2018 78 1469 10.7296424865723 457.345060907602
2018 79 1470 12.9705024719239 329.642905389666
2018 80 1471 14.1370330810547 119.427715280682
2018 81 1472 15.6157852172852 201.406922098339
2018 82 1473 9.67434463500979 473.449068429232
2018 83 1474 10.7091728210449 417.520988728523
2018 84 1475 9.1979690551758 530.008849113464
2018 85 1476 10.4786354064942 550.254519552231
2018 86 1477 14.0487533569336 569.543758998394
2018 87 1478 15.8537689208985 564.490111312866
2018 88 1479 18.0075775146485 571.514502281666
2018 89 1480 17.4166580200196 555.646255206108
2018 90 1481 17.541333770752 517.712859953403
2018 91 1482 14.9587036132813 575.028912668228
2018 92 1483 15.5405212402344 586.510802177429
2018 93 1484 14.3415161132813 599.305039236545
2018 94 1485 14.9264465332031 575.900849011659
2018 95 1486 14.3098846435547 407.698430635452
2018 96 1487 14.8092094421387 131.630283904701
2018 97 1488 16.5046401977539 295.303998913824
2018 98 1489 13.8899627685547 573.894509788513
2018 99 1490 14.7405639648438 609.39007671833
2018 100 1491 18.1508575439453 547.015952561855
2018 101 1492 12.6984077453614 374.68964869976
2018 102 1493 10.8146186828614 507.311980296135
2018 103 1494 12.2344375610352 622.095340182304
2018 104 1495 14.9837203979492 635.427854664802
2018 105 1496 15.4503761291504 629.956052906036
2018 106 1497 10.5913177490235 478.671756570816
2018 107 1498 9.79012451171877 529.13692612648
2018 108 1499 11.3069168090821 484.165805130482
2018 109 1500 12.0454536437989 603.331040864944
2018 110 1501 14.9688316345215 651.522973344803
2018 111 1502 16.4537788391114 656.541025846481
2018 112 1503 18.1913848876953 665.745215714455
2018 113 1504 18.9394393920899 665.869791549682
2018 114 1505 17.1145835876465 656.367525093078
2018 115 1506 14.743669128418 628.020895230293
2018 116 1507 14.313607788086 648.177603666305
2018 117 1508 13.8192459106446 605.506422056198
2018 118 1509 14.1142936706543 488.614424909591
2018 119 1510 14.028897857666 497.667360321045
2018 120 1511 13.871354675293 461.940489966392
2018 121 1512 14.3789459228516 594.576160873413
2018 122 1513 15.9306770324707 670.629807571411
2018 123 1514 15.3213516235352 655.095213115692
2018 124 1515 15.5870414733887 668.69909633255
2018 125 1516 17.1900497436524 603.126410013199
2018 126 1517 14.9084564208985 601.382542870521
2018 127 1518 16.8592315673828 670.055911779403
2018 128 1519 17.6815162658692 694.065134698868
2018 129 1520 17.6132865905762 684.069092988968
2018 130 1521 16.4403396606446 683.504122327804
2018 131 1522 17.8678031921387 682.730058418792
2018 132 1523 22.8498817443848 734.925729936246
2018 133 1524 16.3991905212403 662.012822064999
2018 134 1525 14.8561531066895 647.964074908502
2018 135 1526 14.6899085998535 582.115553426553
2018 136 1527 15.0039764404297 530.991991834968
2018 137 1528 14.9311996459961 553.528734998677
2018 138 1529 15.7718788146973 655.918210530855
2018 139 1530 15.8436294555664 688.873604652189
2018 140 1531 14.6981903076172 684.304867405757
2018 141 1532 15.5250144958496 665.246976745948
2018 142 1533 15.8254333496094 663.294024927646
2018 143 1534 14.7033515930176 571.11412962456
2018 144 1535 14.3644767761231 608.495898582667
2018 145 1536 14.2081619262696 378.146237467006
2018 146 1537 15.2467170715332 362.771800240777
2018 147 1538 17.5074211120606 571.910424895018
2018 148 1539 21.723462677002 736.082380857214
2018 149 1540 23.5687843322754 737.359151383638
2018 150 1541 17.9000602722168 712.509140111685
2018 151 1542 14.4320808410645 715.369597358644
2018 152 1543 15.9656158447266 741.282824166715
2018 153 1544 21.3603874206543 744.859508358419
2018 154 1545 23.6088958740235 745.695845926881
2018 155 1546 21.2437759399414 752.150790218144
2018 156 1547 17.4191375732422 742.58625685513
2018 157 1548 16.5708023071289 730.299172350228
2018 158 1549 15.5444427490235 744.076559848606
2018 159 1550 17.45986328125 754.859999088287
2018 160 1551 18.3290840148926 701.561071571648
2018 161 1552 17.5760665893555 743.017786087215
2018 162 1553 18.8215843200684 749.917581249118
2018 163 1554 22.4158950805664 755.473918230414
2018 164 1555 22.3906684875489 758.418920906245
2018 165 1556 20.3100486755371 753.543225451171
2018 166 1557 17.8258338928223 751.33226136148
2018 167 1558 16.5947891235352 710.267007744372
2018 168 1559 15.9788566589356 706.03639208579
2018 169 1560 18.410546875 674.331051658809
2018 170 1561 18.2765670776367 719.893847201109
2018 171 1562 17.8802047729492 741.723239468336
2018 172 1563 17.3746849060059 775.279212050855
2018 173 1564 21.3626647949219 771.448934098959
2018 174 1565 25.134164428711 762.173561927557
2018 175 1566 24.0333724975586 707.384309807718
2018 176 1567 18.2478309631348 672.124546795428
2018 177 1568 18.5405975341797 763.450295140982
2018 178 1569 17.5605598449707 700.956066156983
2018 179 1570 17.909986114502 738.662589301228
2018 180 1571 20.4560218811035 750.771723402738
2018 181 1572 24.396859741211 749.067909662187
2018 182 1573 22.7127967834473 725.129859784841
2018 183 1574 18.8813377380371 678.690699921846
2018 184 1575 18.2844253540039 737.270153595686
2018 185 1576 17.7509857177735 704.65286292547
2018 186 1577 17.5165229797364 725.672604309797
2018 187 1578 22.3879791259766 617.882496347785
2018 188 1579 23.3372093200684 698.300219727099
2018 189 1580 22.0284286499024 748.018050069272
2018 190 1581 21.8032585144043 754.077072125196
2018 191 1582 23.9769264221192 745.379993293047
2018 192 1583 21.2960868835449 723.786385160685
2018 193 1584 20.7287384033203 700.573484523833
2018 194 1585 21.6645370483399 569.953033491313
2018 195 1586 20.6892448425293 666.715015250683
2018 196 1587 18.9156661987305 700.110829194039
2018 197 1588 19.296720123291 694.105184383869
2018 198 1589 20.124169921875 722.144854171574
2018 199 1590 20.6323905944824 740.780128381729
2018 200 1591 20.6379638671875 685.118958126068
2018 201 1592 20.9466567993164 678.357064186573
2018 202 1593 21.7222152709961 629.791446821958
2018 203 1594 20.6908966064453 616.810391529023
2018 204 1595 20.1415344238281 673.000927685678
2018 205 1596 20.1940589904785 707.037323578924
2018 206 1597 21.247705078125 719.444539529741
2018 207 1598 21.4772048950196 702.441891905546
2018 208 1599 19.3256660461426 713.865978585809
2018 209 1600 19.3347602844239 721.157263123125
2018 210 1601 19.0899597167969 715.845616223395
2018 211 1602 18.797811126709 637.896834648505
2018 212 1603 19.6399436950684 665.776356444403
2018 213 1604 19.014909362793 694.670149721354
2018 214 1605 18.4597564697266 711.370289409041
2018 215 1606 19.054402923584 714.551054562762
2018 216 1607 22.0966545104981 699.087633495673
2018 217 1608 20.7204643249512 703.994461734555
2018 218 1609 20.4477516174317 705.74722812996
2018 219 1610 20.7066131591797 697.646281133108
2018 220 1611 18.5685096740723 695.181762088586
2018 221 1612 20.362565612793 699.372356472179
2018 222 1613 22.1262184143067 689.981315282468
2018 223 1614 22.6884017944336 682.94357105593
2018 224 1615 21.5493675231934 677.760953850746
2018 225 1616 19.5617881774903 665.340390367508
2018 226 1617 17.709848022461 643.164004657745
2018 227 1618 17.9134956359864 618.300671715736
2018 228 1619 18.798429107666 648.164253267288
2018 229 1620 19.8467002868653 654.837187724113
2018 230 1621 21.3448768615723 670.643147890091
2018 231 1622 20.0092102050781 675.950362937927
2018 232 1623 18.8207641601563 676.657689133644
2018 233 1624 16.9723297119141 627.171227612495
2018 234 1625 17.321134185791 572.960311484337
2018 235 1626 17.4110694885254 579.246217430115
2018 236 1627 16.6442008972168 571.674649107933
2018 237 1628 17.2336708068848 618.732181732178
2018 238 1629 17.4073463439942 608.718325041771
2018 239 1630 17.5138298034668 589.629271522522
2018 240 1631 17.4042488098145 552.928161746979
2018 241 1632 17.6066680908203 538.109792408943
2018 242 1633 18.6673370361328 571.750279864311
2018 243 1634 17.9672561645508 603.904920528412
2018 244 1635 18.6541114807129 611.329682847023
2018 245 1636 18.9673515319824 608.793953782082
2018 246 1637 18.9018074035645 595.265687209129
2018 247 1638 18.210824584961 574.748644003868
2018 248 1639 18.2042022705078 585.296335208893
2018 249 1640 16.6129814147949 559.485424330711
2018 250 1641 18.2672630310059 594.500536165237
2018 251 1642 19.7586227416992 590.292129317284
2018 252 1643 19.1699768066406 582.871823515892
2018 253 1644 19.5202270507813 587.378289815902
2018 254 1645 19.6715751647949 582.337998073578
2018 255 1646 17.977799987793 567.292766203403
2018 256 1647 17.260758972168 538.26550539875
2018 257 1648 16.4138771057129 531.797199777603
2018 258 1649 17.5187965393067 538.692565954208
2018 259 1650 15.7795387268067 560.539750017166
2018 260 1651 16.9415222167969 519.389995765686
2018 261 1652 16.2341934204102 518.411285211086
2018 262 1653 16.6040893554688 541.121509971618
2018 263 1654 20.4061904907227 545.178652786732
