Year DOY_disc DOY TA_C PAR_umol_m2_day
2014 71 1 16.5496154785156 516.51137293148
2014 72 2 15.8428970336914 518.10009032321
2014 73 3 13.9928298950196 493.634892156124
2014 74 4 15.3477684020996 512.095824219704
2014 75 5 15.329721069336 514.296935724497
2014 76 6 14.9612976074219 503.602024592042
2014 77 7 14.3235870361328 537.346485310793
2014 78 8 13.6876655578614 542.560827940941
2014 79 9 15.042798614502 503.384571172953
2014 80 10 13.724942779541 481.30689036417
2014 81 11 13.0110870361328 519.861862413406
2014 82 12 13.3029762268067 531.204672749758
2014 83 13 13.414022064209 556.481970124722
2014 84 14 14.3148628234864 393.612982226133
2014 85 15 12.8116088867188 290.622241025448
2014 86 16 13.0233894348145 387.267041822195
2014 87 17 14.7185836791992 408.173166903257
2014 88 18 15.1712890625 214.031523772478
2014 89 19 11.7509475708008 340.764099883556
2014 90 20 11.0987678527832 338.576308788776
2014 91 21 9.28737411499026 296.311405102253
2014 92 22 10.1862274169922 373.54558684063
2014 93 23 11.3043952941895 403.433673188686
2014 94 24 12.3957916259766 370.598941888809
2014 95 25 11.8570343017578 554.733506348133
2014 96 26 14.4935241699219 601.036743947983
2014 97 27 17.7649398803711 610.746475847244
2014 98 28 19.2779174804688 597.047231629372
2014 99 29 17.7459121704102 556.233451499462
2014 100 30 15.6329093933106 618.357187128067
2014 101 31 16.4411483764649 541.220633458614
2014 102 32 14.1532608032227 472.52018422699
2014 103 33 14.4976821899414 595.578333917618
2014 104 34 16.0610252380371 642.857873879433
2014 105 35 16.2718063354492 649.2659383955
2014 106 36 16.9557167053223 645.995334580422
2014 107 37 17.4734550476074 637.257464150429
2014 108 38 16.8052154541016 644.100424668312
2014 109 39 15.0082908630371 647.499737257004
2014 110 40 15.789754486084 666.031681770325
2014 111 41 16.7580238342285 569.750764273644
2014 112 42 14.4508911132813 576.904390713692
2014 113 43 13.5629402160645 671.667595456123
2014 114 44 15.2745910644531 594.176006754875
2014 115 45 14.328141784668 351.51671023798
2014 116 46 11.1691566467285 516.6711241045
2014 117 47 13.5692840576172 368.384514258146
2014 118 48 13.9710289001465 599.41695467186
2014 119 49 18.2521453857422 694.58843727684
2014 120 50 21.9542556762696 697.046952972412
2014 121 51 22.5217681884766 694.051487937927
2014 122 52 20.6774574279785 683.813633043289
2014 123 53 17.2951866149903 679.238363399505
2014 124 54 15.9351135253906 630.112713447571
2014 125 55 16.0522972106934 627.481136501312
2014 126 56 14.8627410888672 653.814613084793
2014 127 57 15.4774452209473 706.832138214111
2014 128 58 14.9458251953125 603.171287675857
2014 129 59 16.6905952453614 517.97582622242
2014 130 60 15.5633140563965 724.902544393539
2014 131 61 17.4383560180664 727.400986651256
2014 132 62 19.288419342041 735.641850794298
2014 133 63 21.9766670227051 722.097893167955
2014 134 64 24.2492919921875 731.91416120621
2014 135 65 24.1616455078125 719.279946339438
2014 136 66 20.7046180725098 704.018608017556
2014 137 67 18.3112350463867 722.213296485696
2014 138 68 17.6983200073242 690.643307408556
2014 139 69 16.5155082702637 699.008411713555
2014 140 70 15.6836753845215 631.222155647516
2014 141 71 17.3540893554688 647.060379225284
2014 142 72 17.998136138916 683.826959288873
2014 143 73 18.1119590759278 566.78636896573
2014 144 74 19.7197052001953 677.174803943679
2014 145 75 19.8438354492188 734.204019299701
2014 146 76 21.2269226074219 746.718401996329
2014 147 77 19.5499702453614 750.619174237117
2014 148 78 18.8107391357422 769.368575618893
2014 149 79 20.3776336669922 781.665492264509
2014 150 80 17.3302856445313 751.151700434178
2014 151 81 15.3896003723145 731.820960458934
2014 152 82 18.0239120483399 760.581881389111
2014 153 83 17.4669128417969 719.049185730934
2014 154 84 15.5710388183594 716.874709029466
2014 155 85 18.023324584961 747.65478390637
2014 156 86 19.2485671997071 729.477841695249
2014 157 87 17.7978607177735 650.082488355905
2014 158 88 17.723104095459 738.499731620193
2014 159 89 21.7486320495606 763.546262096286
2014 160 90 24.4239822387696 764.673448336363
2014 161 91 22.1987548828125 750.459416779637
2014 162 92 18.0209403991699 684.261848447085
2014 163 93 16.1240745544434 737.4080639534
2014 164 94 17.4766288757324 756.787617742598
2014 165 95 20.0696960449219 764.114295163989
2014 166 96 18.1450668334961 722.541676234543
2014 167 97 16.6150489807129 746.425510339558
2014 168 98 16.9440132141114 763.075864531755
2014 169 99 20.3992553710938 778.88749009943
2014 170 100 19.4827438354492 783.307456519127
2014 171 101 19.9033218383789 769.843401318192
2014 172 102 20.0950714111328 757.466582530677
2014 173 103 17.7443328857422 766.111274919748
2014 174 104 17.4159484863281 761.527102888882
2014 175 105 20.6719032287598 755.629370265484
2014 176 106 19.0740676879883 719.30657996738
2014 177 107 18.3871856689453 630.778370111048
2014 178 108 18.7659240722656 683.37873426938
2014 179 109 19.3348175048828 728.168700007677
2014 180 110 20.7072006225586 756.743242395759
2014 181 111 24.0357299804688 755.939996370315
2014 182 112 20.8297477722168 711.704757969201
2014 183 113 18.5069519042969 711.411862674057
2014 184 114 18.9332748413086 754.209302149713
2014 185 115 19.1313758850098 761.899868352354
2014 186 116 18.592416381836 777.573892209649
2014 187 117 19.7924819946289 787.190446950018
2014 188 118 20.2993141174317 728.004524574518
2014 189 119 20.9330497741699 703.996406901061
2014 190 120 18.9777008056641 699.758390006661
2014 191 121 18.3667617797852 669.111459881902
2014 192 122 18.6441703796387 695.098770555556
2014 193 123 18.0308547973633 703.357389797568
2014 194 124 18.5815063476563 741.464150664151
2014 195 125 22.659383392334 725.514964778483
2014 196 126 21.1200462341309 609.459533866495
2014 197 127 20.5037551879883 586.955835974693
2014 198 128 18.7685028076172 633.441021745294
2014 199 129 18.3171859741211 628.710407611042
2014 200 130 19.0316329956055 686.445200350225
2014 201 131 19.6810356140137 626.469345807075
2014 202 132 19.3235260009766 537.59056109029
2014 203 133 19.251538848877 644.300129259109
2014 204 134 19.8063598632813 702.784915522158
2014 205 135 21.309213256836 726.757515000343
2014 206 136 24.2032829284668 739.515975335032
2014 207 137 24.6198974609375 737.030848335922
2014 208 138 23.4376770019531 673.549169554204
2014 209 139 21.8610626220703 620.806801759601
2014 210 140 22.1638542175293 566.134017434254
2014 211 141 22.8582664489746 605.32802110897
2014 212 142 22.4662452697754 676.087549905419
2014 213 143 22.2445617675781 705.62950619185
2014 214 144 21.285417175293 693.34144455573
2014 215 145 18.8402801513672 644.198066526823
2014 216 146 17.6802688598633 577.51234245351
2014 217 147 19.9059043884278 489.876135128245
2014 218 148 21.9744850158692 475.817421892486
2014 219 149 21.1680274963379 674.387911212288
2014 220 150 19.580899810791 666.550883172819
2014 221 151 19.4075942993164 691.641792762097
2014 222 152 18.057820892334 667.718015462381
2014 223 153 18.930509185791 661.682701952769
2014 224 154 19.7212921142578 632.495768744469
2014 225 155 18.5739761352539 637.146509875298
2014 226 156 19.9332672119141 647.93019287014
2014 227 157 19.9556747436524 664.975479125023
2014 228 158 20.8301406860352 676.407066741943
2014 229 159 19.4980102539063 658.407669484138
2014 230 160 19.1581474304199 635.486805486679
2014 231 161 18.2985549926758 604.644616703987
2014 232 162 18.8644691467285 526.749208673477
2014 233 163 18.9747215270996 585.757644719124
2014 234 164 20.6504837036133 640.301732131004
2014 235 165 18.6760955810547 607.280626982689
2014 236 166 19.197599029541 609.965444239616
2014 237 167 18.5365005493164 560.910818329811
2014 238 168 18.6862083435059 634.719073876381
2014 239 169 20.4863067626953 617.624948386192
2014 240 170 21.0419136047364 608.856011363983
2014 241 171 20.615983581543 529.292032783985
2014 242 172 21.281453704834 523.057017926216
2014 243 173 21.6330276489258 611.314511939049
2014 244 174 22.2869926452637 613.635443123817
2014 245 175 22.5469528198242 607.227363487244
2014 246 176 18.9090858459473 592.52960337162
2014 247 177 20.2124649047852 604.808816329956
2014 248 178 19.4337669372559 572.524341926575
2014 249 179 18.9915824890137 582.438228885651
2014 250 180 18.4064193725586 588.668787730217
2014 251 181 17.5670486450196 558.607642147541
2014 252 182 16.8861099243164 577.157322510719
2014 253 183 19.3647666931153 589.028247526169
2014 254 184 21.591382598877 576.8955119524
2014 255 185 21.4549613952637 569.79070660305
2014 256 186 22.2300811767578 548.58282409811
2014 257 187 20.9953132629395 536.805095835209
2014 258 188 20.9582382202149 537.044720578671
2014 259 189 19.0044647216797 543.093345459461
2014 260 190 20.6502891540528 522.835122984409
2014 261 191 22.3042427062989 446.31986033392
2014 262 192 20.5271545410156 466.799967670441
2014 263 193 19.5931945800781 493.106801417828
2014 264 194 19.516259765625 459.646356350899
2014 265 195 19.1702438354492 491.345013451099
2014 266 196 20.1862846374512 488.327375202179
2014 267 197 21.1487937927246 420.64317494607
2014 268 198 19.9223609924317 337.23611430645
2014 269 199 18.009236907959 433.388318493366
2014 270 200 18.553353881836 481.968100527763
2014 271 201 18.692155456543 435.735874873638
2014 272 202 18.4468742370606 434.204866154194
2014 273 203 18.4391342163086 484.240219190121
2014 274 204 20.8949829101563 495.880388143063
2014 275 205 20.7577606201172 496.532734161854
2014 276 206 23.6569915771485 490.106897758722
2014 277 207 22.1953826904297 487.404337595701
2014 278 208 21.3464942932129 485.252032313108
2014 279 209 20.7369438171387 478.262603482962
2014 280 210 20.1248184204102 462.695062452078
2014 281 211 20.0877319335938 448.463287359238
2014 282 212 20.2094818115235 448.019500751734
2014 283 213 17.7135864257813 443.146890383959
2014 284 214 17.7778297424317 429.869208149433
2014 285 215 20.7833457946778 442.911681080341
2014 286 216 22.1228080749512 427.552713321209
2014 287 217 19.1103530883789 360.82707189095
2014 288 218 18.7201133728028 275.973310316801
2014 289 219 17.0112396240235 339.437221275091
2014 290 220 16.9697929382324 311.124544887185
2014 291 221 19.5864540100098 376.802876041889
2014 292 222 18.6850219726563 355.776936447024
2014 293 223 18.4520278930664 215.380588825822
2014 294 224 15.1157661437989 316.818139146328
2014 295 225 16.1070266723633 371.273479833663
2014 296 226 17.5680328369141 283.792574078679
2014 297 227 17.2573104858399 332.549869596839
2014 298 228 18.7968574523926 264.102390593529
2014 299 229 16.1238800048828 320.852032985985
2014 300 230 14.8387466430664 349.732752080917
2014 301 231 14.5085922241211 354.467805406809
2014 302 232 16.8767944335938 337.764199752569
2014 303 233 18.8769660949707 301.29496886313
2014 304 234 17.1966377258301 166.281595507443
2014 305 235 14.0045333862305 176.688060711235
2014 306 236 12.7394348144531 327.078155190498
2014 307 237 12.9050041198731 331.933034559578
2014 308 238 14.3598762512207 322.019155066252
2014 309 239 16.0983024597168 327.965693281829
2014 310 240 15.8367553710938 321.446685610503
2014 311 241 14.9361129760742 325.653655002326
2014 312 242 15.7449432373047 303.212077710286
2014 313 243 16.4308448791504 296.169389621586
2014 314 244 15.145108795166 313.25464972268
2014 315 245 15.2940307617188 246.280480610609
2014 316 246 15.761003112793 236.362160744354
2014 317 247 15.7949157714844 173.728099373661
2014 318 248 14.597428894043 205.488901108928
2014 319 249 13.1820198059082 245.006850495212
2014 320 250 12.8270774841309 245.020164748738
2014 321 251 11.7342887878418 272.88908532339
2014 322 252 11.4082962036133 261.164610870344
2014 323 253 12.8185478210449 119.587840133979
2014 324 254 13.4052940368653 87.4276390464306
2014 325 255 12.9674659729004 152.409265279055
2014 326 256 15.4445320129395 111.870634640098
2014 327 257 12.9065948486328 251.512564130783
2014 328 258 11.3539710998535 272.494122645617
2014 329 259 12.1725135803223 271.970472800016
2014 330 260 12.73427734375 269.183584565401
2014 331 261 12.8292556762696 241.217037357092
2014 332 262 9.98019943237307 254.046503683805
2014 333 263 14.1062561035156 133.593306751966
2014 334 264 13.0917984008789 86.6066612662673
2014 335 265 12.9984031677246 122.627683241129
2014 336 266 13.7996994018555 89.1583527346849
2014 337 267 15.1006980895996 86.2117066488266
2014 338 268 15.5030265808106 178.334458707809
2014 339 269 14.7352424621582 145.317777189612
2014 340 270 16.5506034851074 148.881271637678
2014 341 271 14.0937705993653 151.468460069656
2014 342 272 13.9444633483887 133.557801661134
2014 343 273 14.3573013305664 88.4749431477785
2014 344 274 13.8730712890625 131.427689501643
2014 345 275 15.8948532104492 55.0366797375679
2014 346 276 11.3632827758789 82.9411004239172
2014 347 277 10.5157829284668 154.894384497404
2014 348 278 10.1886039733887 173.302075116277
2014 349 279 11.0682273864746 83.8907726919651
2014 350 280 11.8197494506836 141.221754764676
2014 351 281 11.9085899353028 146.600283664346
2014 352 282 11.9781890869141 146.764471823931
2014 353 283 12.7652145385742 116.019908212066
2014 354 284 12.9617134094239 54.0381893556714
2014 355 285 15.1231018066406 94.523565004468
2014 356 286 14.110425567627 133.513424487233
2014 357 287 13.3862586975098 208.892637760878
2014 358 288 11.9748168945313 151.770230345964
2014 359 289 10.1763092041016 191.301492156744
2014 360 290 9.45095596313479 253.86899221611
2014 361 291 8.38038406372073 249.227126822472
2014 362 292 8.21282730102541 239.015924844265
2014 363 293 7.62687072753909 215.908690022469
2014 364 294 7.95484313964846 226.696794001341
2014 365 295 7.62270507812502 262.052153768539
2015 1 296 7.01998672485354 254.225388093471
2015 2 297 5.39514312744143 263.493773078918
2015 3 298 5.82777175903323 259.72711635828
2015 4 299 7.39166793823244 210.43296146822
2015 5 300 7.34188232421877 227.447119640827
2015 6 301 7.45409927368166 231.966230716228
2015 7 302 8.3305374145508 251.959202213764
2015 8 303 10.4525581359864 237.118281144619
2015 9 304 10.2530075073242 142.597617891312
2015 10 305 10.7868934631348 208.374793937683
2015 11 306 9.61999282836916 239.592502258062
2015 12 307 9.58897933959963 250.317096078396
2015 13 308 10.5943046569824 251.18019322586
2015 14 309 8.89268646240237 270.801359034061
2015 15 310 9.17343673706057 237.959253463268
2015 16 311 9.41053161621096 154.242849189758
2015 17 312 11.0081649780274 125.884441208601
2015 18 313 11.4890991210938 179.064758496761
2015 19 314 12.1096740722656 190.732124200344
2015 20 315 10.330640411377 213.951753777504
2015 21 316 9.75962982177737 276.90061694622
2015 22 317 9.93260345458987 238.158424300194
2015 23 318 9.08653411865237 282.672326890945
2015 24 319 12.2493148803711 296.189820607185
2015 25 320 10.2637649536133 302.66086303997
2015 26 321 9.86952743530276 274.51491757679
2015 27 322 12.9517265319824 198.973628730297
2015 28 323 12.9711433410645 248.272208384514
2015 29 324 11.3522010803223 304.117078679085
2015 30 325 11.1581398010254 296.915709744453
2015 31 326 13.1635108947754 327.009175409317
2015 32 327 11.0296836853028 309.547974428177
2015 33 328 11.7780815124512 309.663050553322
2015 34 329 12.4484382629395 301.164837123871
2015 35 330 12.1693702697754 298.38519917202
2015 36 331 12.4499145507813 191.953743672371
2015 37 332 14.7847724914551 105.88261741066
2015 38 333 16.3883110046387 126.043778205752
2015 39 334 15.8301712036133 172.013888497352
2015 40 335 15.9550453186035 178.108703500748
2015 41 336 11.4718032836914 306.560318631172
2015 42 337 11.6696601867676 341.146339730263
2015 43 338 13.3679061889649 333.99808207798
2015 44 339 14.5831161499024 355.938570753097
2015 45 340 15.2389122009278 374.842693424225
2015 46 341 15.1819625854492 356.30593655777
2015 47 342 13.988484954834 378.153473432541
2015 48 343 13.154443359375 321.728770027161
2015 49 344 11.9118133544922 368.256579906464
2015 50 345 11.9232078552246 363.316967435563
2015 51 346 12.8517471313477 370.058013494164
2015 52 347 12.8133522033692 390.104087863266
2015 53 348 12.6180282592774 374.577130038936
2015 54 349 13.1947303771973 413.85044667951
2015 55 350 11.2368255615235 424.340455602258
2015 56 351 11.1977935791016 432.077384340651
2015 57 352 12.4543434143067 421.463455324381
2015 58 353 14.4352508544922 387.280212224185
2015 59 354 11.9018989562989 362.96288087444
2015 60 355 11.2543273925781 400.080666457474
2015 61 356 11.7154365539551 381.251789032817
2015 62 357 11.1155296325684 412.137530039787
2015 63 358 11.4359375 453.654905853003
2015 64 359 13.6210342407227 474.754426462114
2015 65 360 13.7769180297852 486.678498860121
2015 66 361 13.0422264099121 486.067691707194
2015 67 362 13.5210472106934 475.66622027111
2015 68 363 13.9251991271973 491.343671443164
2015 69 364 13.8102432250977 406.06041686511
2015 70 365 15.2298484802246 225.296010957301
2015 71 366 14.6489273071289 400.576396603227
2015 72 367 15.9809890747071 473.059215659618
2015 73 368 18.4668746948242 384.022562839866
2015 74 369 18.8893791198731 451.247086978435
2015 75 370 15.3325744628906 353.309419766068
2015 76 371 16.0187469482422 396.061717222214
2015 77 372 14.4021354675293 519.011597031593
2015 78 373 15.4403663635254 529.058992264986
2015 79 374 14.8746315002442 422.149501707077
2015 80 375 15.100545501709 462.998541597605
2015 81 376 16.5456672668457 385.987777310014
2015 82 377 14.9786239624024 413.226367525816
2015 83 378 14.1561828613281 377.613480587721
2015 84 379 15.6236625671387 494.734118690014
2015 85 380 16.8755699157715 551.738639077663
2015 86 381 17.5853706359864 560.573252018928
2015 87 382 15.874471282959 558.041496119022
2015 88 383 16.8228393554688 585.802376216888
2015 89 384 17.0112052917481 565.260563102245
2015 90 385 15.6329475402832 558.289368090629
2015 91 386 14.3799835205078 589.130854777813
2015 92 387 13.6967559814453 594.796339637756
2015 93 388 13.7395797729492 615.187660873413
2015 94 389 13.621671295166 613.125077147007
2015 95 390 12.129712677002 421.879503394604
2015 96 391 10.401513671875 468.67731158638
2015 97 392 12.901742553711 454.947362975419
2015 98 393 11.4711662292481 450.490216427803
2015 99 394 12.3992897033692 537.490815331459
2015 100 395 13.9716049194336 612.660320665359
2015 101 396 14.6358505249024 596.79253375721
2015 102 397 16.1282249450684 623.955884207725
2015 103 398 15.7350364685059 623.495556522369
2015 104 399 13.3866897583008 645.374077330589
2015 105 400 14.7653633117676 662.025279846191
2015 106 401 18.3694244384766 667.18176763916
2015 107 402 17.9095855712891 667.487162552833
2015 108 403 16.7960525512696 639.695302049637
2015 109 404 16.6935363769531 619.458897457123
2015 110 405 14.7824493408203 584.921562372208
2015 111 406 13.9469352722168 568.730672421455
2015 112 407 14.0462814331055 571.421779808998
2015 113 408 14.9634338378906 630.88724726963
2015 114 409 15.1345039367676 664.123278318405
2015 115 410 14.2774673461914 623.885061772346
2015 116 411 15.1380935668946 639.912174463272
2015 117 412 18.8229385375977 678.747319917679
2015 118 413 17.9549346923828 684.76246497345
2015 119 414 16.6089454650879 688.458325971603
2015 120 415 19.3707405090332 698.195875570297
2015 121 416 22.3415657043457 696.434253929138
2015 122 417 17.6127944946289 674.958508127212
2015 123 418 15.3325744628906 657.31141160965
2015 124 419 14.0097900390625 667.854535413742
2015 125 420 13.9600120544434 710.996331693649
2015 126 421 14.4938903808594 701.325159101486
2015 127 422 15.5414024353028 626.903710575104
2015 128 423 15.1100288391114 631.940657661438
2015 129 424 15.0885177612305 677.375226711273
2015 130 425 14.4590850830078 680.690419891357
2015 131 426 14.2856994628906 704.596092427934
2015 132 427 13.9441925048828 736.579533679689
2015 133 428 13.674405670166 682.257269912392
2015 134 429 14.6609474182129 594.406826868871
2015 135 430 13.6395965576172 484.452146231512
2015 136 431 14.6094833374024 622.827225187022
2015 137 432 14.227685546875 559.28524066006
2015 138 433 14.2238861083985 626.191080849994
2015 139 434 14.2441383361817 680.411557599462
2015 140 435 14.7904640197754 677.866522800058
2015 141 436 14.8556419372559 624.562265147447
2015 142 437 15.2983985900879 507.879809103124
2015 143 438 15.6107955932617 494.804937502771
2015 144 439 16.0470100402832 641.44806989409
2015 145 440 15.2121292114258 682.13332890217
2015 146 441 14.5082336425781 653.159681301922
2015 147 442 15.0372596740723 676.538676132679
2015 148 443 15.0151115417481 675.042623204425
2015 149 444 16.0514465332031 709.442740466565
2015 150 445 16.0590377807617 681.110894521296
2015 151 446 15.7439018249512 656.589956907362
2015 152 447 16.1634498596192 504.909849850535
2015 153 448 17.4651428222656 558.705418176919
2015 154 449 17.453328704834 754.133692782551
2015 155 450 16.3450714111328 672.484318577826
2015 156 451 18.7450996398926 708.407021256119
2015 157 452 18.6385780334473 643.240664396077
2015 158 453 18.2728096008301 664.264919724047
2015 159 454 22.9026580810547 716.338712376952
2015 160 455 23.338452911377 638.261235180139
2015 161 456 18.8182998657227 305.250175367564
2015 162 457 19.2256141662598 563.835336310744
2015 163 458 21.2565132141114 749.388850787401
2015 164 459 21.2579856872559 754.695802864432
2015 165 460 18.192025756836 750.119169665992
2015 166 461 16.1965728759766 770.908845175922
2015 167 462 17.0420013427735 776.00778003782
2015 168 463 18.9853607177735 759.113122250497
2015 169 464 18.852254486084 775.866140711248
2015 170 465 18.3168960571289 776.769080203771
2015 171 466 19.4217849731446 754.664812189758
2015 172 467 18.1203094482422 718.357022819936
2015 173 468 16.8966690063477 750.384727085769
2015 174 469 18.5938659667969 762.946176327348
2015 175 470 19.5435005187989 761.835213823497
2015 176 471 21.553296661377 751.739129677832
2015 177 472 23.2878318786621 738.504920914948
2015 178 473 20.1366516113281 690.835162204266
2015 179 474 19.7046562194824 656.404065056562
2015 180 475 18.5539985656739 720.871089869559
2015 181 476 22.0903411865235 670.226959230661
2015 182 477 24.2480140686035 691.946140395641
2015 183 478 22.5754981994629 604.918969533265
2015 184 479 20.4709831237793 635.388650184601
2015 185 480 21.2820373535156 713.390873283148
2015 186 481 19.5774551391602 653.558057154417
2015 187 482 19.1937652587891 684.160528643548
2015 188 483 19.7685676574707 712.536635240316
2015 189 484 18.5231910705567 676.489977266073
2015 190 485 17.5838981628418 563.853041919589
2015 191 486 17.7323928833008 340.504542784691
2015 192 487 18.7290740966797 566.517603746295
2015 193 488 19.3226486206055 690.122543831348
2015 194 489 20.0003829956055 702.024500535846
2015 195 490 19.7546440124512 712.55875433594
2015 196 491 19.7105613708496 715.913806304634
2015 197 492 20.8017326354981 687.91832644856
2015 198 493 20.5572563171387 732.117957884431
2015 199 494 20.6097808837891 720.725034725129
2015 200 495 21.7903915405274 707.19424252361
2015 201 496 25.5182662963867 670.820068618506
2015 202 497 21.4790512084961 655.195738116115
2015 203 498 19.1781478881836 685.948684284657
2015 204 499 17.8214126586914 662.582987151652
2015 205 500 18.525521850586 721.915680029035
2015 206 501 18.9762855529785 701.431408032566
2015 207 502 19.5888458251953 720.592235697061
2015 208 503 21.4279991149903 725.036120710134
2015 209 504 23.8179145812989 727.474926888764
2015 210 505 25.0738273620606 724.655477573141
2015 211 506 22.3949371337891 672.745457880169
2015 212 507 21.8511444091797 613.027682737157
2015 213 508 20.2558303833008 589.560181881413
2015 214 509 19.9425903320313 667.934210622042
2015 215 510 19.8700271606446 685.430837279856
2015 216 511 18.6655822753906 614.824705468416
2015 217 512 18.7583938598633 620.786737918794
2015 218 513 21.0120330810547 644.342790420927
2015 219 514 20.7918182373047 602.962604382735
2015 220 515 19.6793418884278 663.446088498602
2015 221 516 19.5426612854004 698.625210564911
2015 222 517 20.1609092712403 682.513983852059
2015 223 518 19.8708702087403 631.360847619737
2015 224 519 19.5084815979004 673.267749242782
2015 225 520 20.5844665527344 639.540391454697
2015 226 521 20.3845001220703 673.276583650589
2015 227 522 22.1437088012696 676.609496047973
2015 228 523 24.966886138916 633.671302425384
2015 229 524 25.490007019043 667.929796221733
2015 230 525 21.7905975341797 662.432500281334
2015 231 526 19.3646179199219 660.17516695404
2015 232 527 18.5181365966797 655.629485116958
2015 233 528 18.8868537902832 618.27711094284
2015 234 529 19.0800720214844 619.759880207062
2015 235 530 19.1401878356934 606.63631902504
2015 236 531 19.2973342895508 620.764613656998
2015 237 532 19.367993927002 635.508157657623
2015 238 533 20.4718299865723 603.91865801239
2015 239 534 23.0444122314453 609.212339199066
2015 240 535 25.3246322631836 565.074653957367
2015 241 536 23.0745712280274 462.93658456707
2015 242 537 20.7574401855469 557.244792106628
2015 243 538 21.1259399414063 610.513617026329
2015 244 539 21.2860466003418 592.37080579853
2015 245 540 20.0889755249024 597.115633775711
2015 246 541 19.0319763183594 606.87975816822
2015 247 542 17.9502960205078 613.169317228317
2015 248 543 18.158277130127 600.333457951546
2015 249 544 20.0254875183106 613.943897419929
2015 250 545 21.7532707214356 612.253111318588
2015 251 546 23.4709220886231 609.380522574425
2015 252 547 25.2716842651367 597.403342737198
2015 253 548 25.9435173034668 564.393027078152
2015 254 549 25.0050636291504 561.038012532711
2015 255 550 21.8195014953614 466.136691541672
2015 256 551 21.5193344116211 431.780842349529
2015 257 552 19.5198722839356 422.10525456953
2015 258 553 18.229997253418 470.987765268326
2015 259 554 17.2491394042969 464.180334916115
2015 260 555 18.6653648376465 425.827641471863
2015 261 556 19.2262474060059 549.379492325306
2015 262 557 20.0067153930664 551.902406257153
2015 263 558 23.7432418823242 548.750977736473
2015 264 559 24.531510925293 537.844904323578
2015 265 560 21.882154083252 528.541125257015
2015 266 561 17.6284042358399 527.956863853931
2015 267 562 20.9656311035156 496.637377641678
2015 268 563 22.0943542480469 518.352112117767
2015 269 564 21.4326454162598 503.263322101116
2015 270 565 20.9620414733887 451.96854278326
2015 271 566 19.281510925293 359.116550882816
2015 272 567 17.672494506836 398.797079307556
2015 273 568 16.0803352355957 296.56163108468
2015 274 569 17.6667953491211 251.264286299586
2015 275 570 19.0680442810059 447.409602026224
2015 276 571 19.0954643249512 479.57894234252
2015 277 572 16.818620300293 471.045299298763
2015 278 573 18.6075721740723 458.975161864996
2015 279 574 18.9703842163086 400.607386710882
2015 280 575 18.8085952758789 403.001939892769
2015 281 576 20.2748161315918 430.399874413967
2015 282 577 20.6009155273438 437.225010627031
2015 283 578 19.6548629760742 434.179805427074
2015 284 579 19.3840309143067 426.969600572586
2015 285 580 19.6337715148926 432.860819470882
2015 286 581 22.8049980163574 426.606644663572
2015 287 582 22.5603080749512 405.011411076784
2015 288 583 21.4841133117676 375.940391652942
2015 289 584 19.3405738830567 362.869929152846
2015 290 585 18.6487060546875 345.466271022439
2015 291 586 18.0386749267578 321.742055408001
2015 292 587 18.1654449462891 312.154991766095
2015 293 588 18.1034370422364 386.470218735814
2015 294 589 19.9155899047852 400.133777928829
2015 295 590 18.1624961853028 394.282391106248
2015 296 591 18.2567802429199 372.660606036425
2015 297 592 18.1776824951172 298.513569687307
2015 298 593 18.3740669250489 309.162902668148
2015 299 594 17.2875305175781 356.390028749466
2015 300 595 17.6292510986328 282.721018890321
2015 301 596 18.4120384216309 130.527480552047
2015 302 597 17.0398918151856 311.951390368819
2015 303 598 17.4250617980957 359.683089603484
2015 304 599 18.1625 349.029324392736
2015 305 600 17.7899795532227 251.591825320721
2015 306 601 16.3779769897461 160.576687034149
2015 307 602 12.8557563781739 316.381971635938
2015 308 603 12.7901550292969 352.83582484448
2015 309 604 11.9210945129395 291.130723302185
2015 310 605 13.0907379150391 334.560209674448
2015 311 606 12.7167488098145 330.373071976408
2015 312 607 11.9092803955078 220.865416885003
2015 313 608 11.5939346313477 121.710565454617
2015 314 609 10.4574104309082 250.3038120206
2015 315 610 9.97541961669924 307.631456091918
2015 316 611 10.856290435791 314.36364033138
2015 317 612 11.6527877807617 310.464198923528
2015 318 613 12.2567001342774 308.10505313589
2015 319 614 13.5366607666016 218.86037080575
2015 320 615 10.622575378418 305.037721028048
2015 321 616 11.0560470581055 291.927431598723
2015 322 617 11.4110542297364 258.66926220718
2015 323 618 12.3355842590332 271.655612837756
2015 324 619 14.0846687316895 277.113071399927
2015 325 620 13.7883049011231 263.923112546682
2015 326 621 13.6098571777344 263.126403746128
2015 327 622 12.1522766113281 261.400199370861
2015 328 623 12.0453392028809 155.269718304872
2015 329 624 7.90276489257815 205.369432783842
2015 330 625 7.57432708740237 260.882343451261
2015 331 626 7.42098388671877 278.644525922298
2015 332 627 6.76011810302737 279.883847475052
2015 333 628 6.6004348754883 277.272419107437
2015 334 629 6.29268035888674 197.968890744209
2015 335 630 7.8993850708008 218.762993790388
2015 336 631 10.2471099853516 176.152344733119
2015 337 632 9.25169525146487 137.830642152548
2015 338 633 10.5428367614746 150.423071610451
2015 339 634 8.99772796630862 186.801689715862
2015 340 635 10.9290634155274 134.59512345624
2015 341 636 13.3586288452149 141.371574159145
2015 342 637 11.6057487487793 130.837311349749
2015 343 638 13.6288429260254 119.957811596632
2015 344 639 14.9493003845215 135.834452191234
2015 345 640 10.9883361816406 215.076005127311
2015 346 641 9.07767639160159 229.257422886014
2015 347 642 12.1176849365235 88.0451898821591
2015 348 643 8.17740020751955 231.890988304853
2015 349 644 8.27422103881838 255.416035980463
2015 350 645 7.16216430664065 252.888691740274
2015 351 646 7.94304428100588 197.380213901281
2015 352 647 9.25675735473635 188.758046719432
2015 353 648 11.9398742675781 162.71451668036
2015 354 649 7.55914459228518 119.2142102983
2015 355 650 11.0758720397949 45.1955259891002
2015 356 651 14.2146125793457 108.445364158496
2015 357 652 10.9461418151856 215.478787819862
2015 358 653 9.61556015014651 168.087880289078
2015 359 654 6.30470428466799 234.559960279226
2015 360 655 5.93366775512698 257.443202944994
2015 361 656 5.09392318725588 233.192278732538
2015 362 657 6.42303619384768 218.77627413106
2015 363 658 5.43417129516604 245.346516422272
2015 364 659 5.52613983154299 204.019452057838
2015 365 660 7.48679122924807 207.728577016115
2016 1 661 5.22829208374026 263.693734214306
2016 2 662 5.51575622558596 237.811645316839
2016 3 663 7.34192047119143 205.401192651272
2016 4 664 9.0556579589844 154.682817869425
2016 5 665 11.5438667297364 116.019903549909
2016 6 666 10.596452331543 109.500430639505
2016 7 667 8.65889129638674 186.065286030531
2016 8 668 7.50292739868166 231.661532857895
2016 9 669 9.70409164428713 122.948784076691
2016 10 670 9.27445373535159 187.920996534109
2016 11 671 9.86823806762698 209.157126916885
2016 12 672 9.74806365966799 241.687734433651
2016 13 673 13.0647674560547 227.469497486114
2016 14 674 8.38942489624026 174.574995316028
2016 15 675 10.9839988708496 188.637476054311
2016 16 676 11.9125762939453 120.661409327507
2016 17 677 13.6265159606934 134.109770072937
2016 18 678 13.9328361511231 163.805625581443
2016 19 679 13.6290298461914 98.8200645520686
2016 20 680 11.172437286377 179.768327750683
2016 21 681 11.7601524353028 256.159630474567
2016 22 682 13.9904151916504 132.093850749016
2016 23 683 13.3899284362793 168.318080420971
2016 24 684 9.58014450073244 229.031500723362
2016 25 685 11.1328636169434 212.058618508816
2016 26 686 10.557504272461 275.709137179375
2016 27 687 11.1713882446289 274.489799391746
2016 28 688 10.4505096435547 291.609530955315
2016 29 689 13.6476684570313 139.743661643028
2016 30 690 12.6079116821289 186.180987388611
2016 31 691 10.4616104125977 296.206541871071
2016 32 692 9.74136505126955 339.3552048769
2016 33 693 7.95016250610354 240.228076863289
2016 34 694 7.78056869506838 253.769894937992
2016 35 695 9.99218902587893 290.608241956711
2016 36 696 10.4228759765625 349.341343663216
2016 37 697 10.8569084167481 346.853710912704
2016 38 698 13.4500175476074 350.752038514137
2016 39 699 13.0846572875977 357.850041651726
2016 40 700 14.0211883544922 363.853284852981
2016 41 701 12.5584999084473 361.396804377556
2016 42 702 13.5425621032715 340.957261831283
2016 43 703 13.3199974060059 325.114725160599
2016 44 704 13.0471817016602 366.176264362335
2016 45 705 14.1694274902344 358.909169610977
2016 46 706 17.3167472839356 381.5203989048
2016 47 707 15.1771484375 389.92672300148
2016 48 708 16.4581047058106 300.149369122505
2016 49 709 12.9494071960449 294.657880464554
2016 50 710 11.6889625549317 299.624249750239
2016 51 711 10.6278549194336 275.615686205439
2016 52 712 10.1758171081543 403.290535026178
2016 53 713 11.8401390075684 421.246895665031
2016 54 714 14.7119194030762 408.069980693728
2016 55 715 13.7021041870117 433.369101164654
2016 56 716 14.5481811523438 426.796225256383
2016 57 717 14.2412429809571 419.782794882707
2016 58 718 13.9671684265137 398.626779990598
2016 59 719 12.3089233398438 396.993564618423
2016 60 720 13.5314575195313 400.335635648221
2016 61 721 15.2573371887207 447.106725212365
2016 62 722 15.0812545776367 453.590594181627
2016 63 723 15.3827568054199 282.887241844788
2016 64 724 16.4162231445313 170.307295513242
2016 65 725 16.4428192138672 134.55478383553
2016 66 726 13.7996726989746 287.150468639553
2016 67 727 11.6812149047852 339.729013387546
2016 68 728 10.296834564209 436.364062859535
2016 69 729 12.5218559265137 221.354988527298
2016 70 730 15.6421714782715 196.736750675917
2016 71 731 13.9386955261231 89.9909622478186
2016 72 732 11.6868759155274 253.765441948891
2016 73 733 13.5628677368164 102.598242310971
2016 74 734 13.3168617248535 324.424946438432
2016 75 735 11.3464332580567 523.796177953839
2016 76 736 13.3118263244629 532.927887044906
2016 77 737 15.6507507324219 538.38378354311
2016 78 738 14.5421195983887 543.069791490793
2016 79 739 13.9405838012696 474.030153391957
2016 80 740 15.3078018188477 448.553026304006
2016 81 741 14.3630996704102 346.555547129154
2016 82 742 11.6546264648438 441.584087775946
2016 83 743 12.0633293151856 540.635559832334
2016 84 744 13.3227172851563 555.445670097828
2016 85 745 13.8574577331543 564.199101292848
2016 86 746 15.0666023254395 574.541268276214
2016 87 747 15.2290702819824 567.305315215587
2016 88 748 13.1112495422364 575.302250596523
2016 89 749 11.732308959961 596.529467692852
2016 90 750 12.3872276306153 604.054677046776
2016 91 751 13.797998046875 598.879144976139
2016 92 752 13.5205741882324 598.273921007156
2016 93 753 13.7992530822754 578.20372656393
2016 94 754 13.8997512817383 593.196299254894
2016 95 755 15.1553703308106 609.337009789467
2016 96 756 16.0839515686035 623.390573839188
2016 97 757 19.8830581665039 627.693880008697
2016 98 758 20.4785171508789 595.158810934543
2016 99 759 15.8270469665528 584.607512480736
2016 100 760 15.3812919616699 502.368710290432
2016 101 761 14.0714469909668 515.176244826794
2016 102 762 14.4548088073731 606.929474392891
2016 103 763 14.4009986877442 631.943769461632
2016 104 764 14.090909576416 630.181502678871
2016 105 765 13.8771339416504 614.29002193737
2016 106 766 13.6158424377442 648.5561667099
2016 107 767 16.6995178222656 671.461113854408
2016 108 768 18.1670204162598 667.687388297081
2016 109 769 19.9351860046387 670.700140102386
2016 110 770 18.8504234313965 657.874798649788
2016 111 771 17.9371276855469 655.827721002579
2016 112 772 17.2011695861817 561.724828769684
2016 113 773 16.1109596252442 427.040990530968
2016 114 774 13.6560417175293 585.559839263916
2016 115 775 15.2121139526367 675.982482925415
2016 116 776 13.8721099853516 689.644434934616
2016 117 777 14.020352935791 678.648115283966
2016 118 778 13.857251739502 568.782774662018
2016 119 779 14.4887214660645 654.964418720245
2016 120 780 15.7181716918946 688.821153608322
2016 121 781 17.4130607604981 706.982238471985
2016 122 782 19.9873252868653 714.538582460403
2016 123 783 17.8466773986817 702.358510629654
2016 124 784 16.3659797668457 644.947113546371
2016 125 785 17.3106819152832 450.555591448784
2016 126 786 15.5703598022461 629.456148807525
2016 127 787 14.5854545593262 669.538645307541
2016 128 788 14.5952964782715 650.64775207138
2016 129 789 15.6237464904785 570.589527990341
2016 130 790 15.6897026062012 712.838634340286
2016 131 791 15.8917442321778 724.079699228389
2016 132 792 16.9143310546875 718.232216394526
2016 133 793 16.5650993347168 706.145600753598
2016 134 794 16.5259376525879 728.903679079464
2016 135 795 15.5335021972656 632.669132515535
2016 136 796 17.7143531799317 665.609157160027
2016 137 797 17.9756561279297 734.119261955358
2016 138 798 21.5159698486328 741.920361315217
2016 139 799 22.6828132629395 745.907703396223
2016 140 800 19.3849578857422 740.514128135875
2016 141 801 15.3536506652832 701.477394760735
2016 142 802 14.3298126220703 618.232855418138
2016 143 803 14.2226119995117 660.834156096391
2016 144 804 15.1712890625 694.668652554974
2016 145 805 16.0617538452149 633.505783314735
2016 146 806 16.0908599853516 588.447983701438
2016 147 807 16.4478393554688 633.412315086096
2016 148 808 18.0244346618653 717.297678007424
2016 149 809 21.7035690307617 725.477046754107
2016 150 810 20.4626136779785 736.348774299234
2016 151 811 19.093709564209 739.624094420731
2016 152 812 21.4439445495606 744.038637870848
2016 153 813 21.3599868774414 755.239649705797
2016 154 814 19.4230590820313 758.279117492646
2016 155 815 22.840894317627 761.376425720692
2016 156 816 23.859708404541 627.524776865542
2016 157 817 20.5649887084961 640.407948899507
2016 158 818 19.365064239502 727.737728060752
2016 159 819 17.6421218872071 683.245129633337
2016 160 820 17.3737007141114 673.566046779811
2016 161 821 17.237393951416 729.126169086039
2016 162 822 18.0393043518067 727.964683363497
2016 163 823 18.5206581115723 745.52499579823
2016 164 824 21.0712562561035 767.388567780912
2016 165 825 18.5635772705078 767.682288151681
2016 166 826 17.2068267822266 730.118554941535
2016 167 827 15.1909729003906 663.206085606634
2016 168 828 16.1771255493164 596.685220815003
2016 169 829 18.8481193542481 558.961270846248
2016 170 830 18.0834785461426 583.931096253991
2016 171 831 21.5438133239746 749.899483326137
2016 172 832 21.5798316955567 753.904615883768
2016 173 833 22.0607658386231 764.406983560204
2016 174 834 21.012841796875 774.068265388191
2016 175 835 19.1609245300293 770.539291244984
2016 176 836 19.847673034668 761.892656500876
2016 177 837 22.8427825927735 772.399457698762
2016 178 838 22.3210197448731 768.296406884491
2016 179 839 23.5567413330078 759.026754800618
2016 180 840 23.6802803039551 759.235891626239
2016 181 841 21.182015991211 770.966490783095
2016 182 842 19.1829010009766 773.623244443357
2016 183 843 21.4927307128906 759.787708202958
2016 184 844 19.083871459961 713.630761249423
2016 185 845 18.3682266235352 701.268233104408
2016 186 846 18.2430244445801 677.829266912103
2016 187 847 17.0996299743653 700.792072736919
2016 188 848 16.9509750366211 746.027858286798
2016 189 849 16.7522827148438 728.690057080507
2016 190 850 17.1008773803711 727.590873703062
2016 191 851 19.2810989379883 689.181619736969
2016 192 852 18.0083137512207 713.230239954591
2016 193 853 21.1271606445313 753.664295093
2016 194 854 19.5945411682129 745.961100558519
2016 195 855 20.2237106323242 755.253027290225
2016 196 856 22.7770362854004 756.191989057898
2016 197 857 19.9808364868164 721.801239532173
2016 198 858 19.176416015625 736.557924008786
2016 199 859 17.5204711914063 733.607465602278
2016 200 860 17.4249931335449 715.148253244281
2016 201 861 17.4541030883789 730.839477748513
2016 202 862 18.2867904663086 740.545253335804
2016 203 863 18.706372833252 730.888425000936
2016 204 864 18.9134384155274 743.914027321458
2016 205 865 21.871484375 743.736027272403
2016 206 866 22.3536811828614 737.959736349791
2016 207 867 20.6267601013184 725.824158939868
2016 208 868 21.4330612182617 728.365207619428
2016 209 869 23.947225189209 722.50881631878
2016 210 870 21.8254219055176 699.982127240404
2016 211 871 21.3945365905762 707.289289207101
2016 212 872 20.8838668823242 698.549186880127
2016 213 873 19.2398544311524 706.514957086295
2016 214 874 18.8502059936524 692.163206840023
2016 215 875 18.2999702453614 691.47790775685
2016 216 876 19.4383483886719 707.155780050755
2016 217 877 17.5506225585938 689.324022719987
2016 218 878 16.8850151062012 641.10218176844
2016 219 879 17.1704002380371 692.238882505093
2016 220 880 17.1521774291992 704.948515740257
2016 221 881 19.0600067138672 701.34389654313
2016 222 882 19.7936531066895 683.663425671985
2016 223 883 20.0157981872559 678.434503542048
2016 224 884 18.9031845092774 665.667033307177
2016 225 885 19.0905738830567 672.498012653351
2016 226 886 19.7224708557129 678.697065402984
2016 227 887 20.7387710571289 673.997712852478
2016 228 888 19.1883483886719 654.897651604652
2016 229 889 18.1088119506836 649.855636124611
2016 230 890 19.3428665161133 654.572790551185
2016 231 891 20.3397003173828 658.987329213142
2016 232 892 19.6035400390625 645.712539783478
2016 233 893 18.5953994750977 621.307914616585
2016 234 894 17.6555191040039 623.092419631958
2016 235 895 17.2103897094727 596.525017727852
2016 236 896 17.2853523254395 597.179182239532
2016 237 897 17.7384315490723 590.686408615112
2016 238 898 17.1381546020508 607.939664329529
2016 239 899 17.8776641845703 567.505569688797
2016 240 900 18.1582275390625 572.850199925422
2016 241 901 17.00771484375 608.473675250053
2016 242 902 17.7003303527832 611.495327993393
2016 243 903 18.7729507446289 598.607685014725
2016 244 904 19.7505241394043 608.206663237572
2016 245 905 18.5118576049805 614.334531667709
2016 246 906 18.447583770752 599.51997068119
2016 247 907 18.7145401000977 597.406133982658
2016 248 908 17.0307441711426 599.84037320137
2016 249 909 18.0129180908203 581.964118354797
2016 250 910 19.4040046691895 597.294894433975
2016 251 911 21.6782356262207 592.079326790809
2016 252 912 21.5972076416016 544.342539694786
2016 253 913 17.9358726501465 556.478103811264
2016 254 914 17.8644729614258 547.42648186779
2016 255 915 17.4832054138184 527.930379783153
2016 256 916 16.3243194580078 501.665586587429
2016 257 917 15.6166282653809 524.761877690792
2016 258 918 17.5455947875977 540.288462310314
2016 259 919 18.0742622375489 558.364957517624
2016 260 920 17.5996147155762 550.835308279037
2016 261 921 18.9147010803223 546.576508815765
2016 262 922 20.9069000244141 537.778561086178
2016 263 923 24.0025039672852 534.307440205097
2016 264 924 22.1480728149414 516.008410962581
2016 265 925 19.2053123474121 500.998059076309
2016 266 926 16.9262634277344 532.52737457037
2016 267 927 17.0531440734864 514.713429818153
2016 268 928 20.0436492919922 506.672003355503
2016 269 929 22.246900177002 511.780786455154
2016 270 930 23.974870300293 509.342089711189
2016 271 931 23.0647178649903 503.39670008707
2016 272 932 20.5603843688965 499.467205090046
2016 273 933 17.5654884338379 491.621587419748
2016 274 934 16.0648933410645 471.684906795025
2016 275 935 15.5728698730469 488.70673912859
2016 276 936 16.1735664367676 469.860343526363
2016 277 937 14.1719413757324 249.279686458349
2016 278 938 16.5527397155762 368.347950101852
2016 279 939 15.9239898681641 462.931470307827
2016 280 940 16.5305458068848 465.094250825167
2016 281 941 17.0684295654297 445.228754519939
2016 282 942 19.5348640441895 439.19881026864
2016 283 943 20.0922218322754 446.546009178162
2016 284 944 18.084317779541 393.762752352953
2016 285 945 16.1984764099121 388.34247674346
2016 286 946 15.3004661560059 400.998707429647
2016 287 947 15.0653434753418 350.413824541569
2016 288 948 18.0457969665528 140.322177568734
2016 289 949 16.7928939819336 213.349164556742
2016 290 950 17.3154922485352 125.872538787067
2016 291 951 16.5194526672364 261.619967109442
2016 292 952 15.0337272644043 381.604945341706
2016 293 953 15.9011703491211 393.709358065128
2016 294 954 17.275708770752 392.392108447075
2016 295 955 17.3858467102051 392.774823959708
2016 296 956 16.856332397461 355.682821249723
2016 297 957 15.1300445556641 368.828567238569
2016 298 958 17.3642822265625 269.269769435167
2016 299 959 17.7643981933594 139.74810867843
2016 300 960 17.6071563720703 309.174289385915
2016 301 961 17.1371055603028 215.988108528674
2016 302 962 16.902604675293 64.5449973853491
2016 303 963 18.2564292907715 185.664772264451
2016 304 964 16.6634994506836 152.017173382968
2016 305 965 14.5255752563477 266.230316485315
2016 306 966 15.5714050292969 271.650595496923
2016 307 967 14.0446411132813 294.653435287714
2016 308 968 14.9060073852539 335.225468227595
2016 309 969 15.5577941894531 328.309918852687
2016 310 970 15.0946556091309 312.040172028035
2016 311 971 16.6963706970215 190.324082847714
2016 312 972 16.7365661621094 203.932642726913
2016 313 973 17.2520538330078 238.893032267898
2016 314 974 16.5506492614746 280.461905737683
2016 315 975 17.582234954834 253.818846065044
2016 316 976 17.2311149597168 253.311530587375
2016 317 977 17.6402336120606 272.01106791003
2016 318 978 15.5607276916504 261.971522247281
2016 319 979 15.0312133789063 258.892016123686
2016 320 980 15.4480796813965 194.097809080345
2016 321 981 13.1749015808106 241.865739570126
2016 322 982 10.0254837036133 296.620405742815
2016 323 983 10.9638992309571 293.963663430316
2016 324 984 13.5323043823242 137.531934786796
2016 325 985 13.9420486450196 95.8429136008023
2016 326 986 12.5030151367188 189.015734167695
2016 327 987 11.1182113647461 210.674628236055
2016 328 988 12.2651611328125 237.602485369444
2016 329 989 9.55250320434573 248.848027000904
2016 330 990 9.1247497558594 188.940088416815
2016 331 991 10.7984939575196 105.971456433296
2016 332 992 11.2685447692871 216.15720751369
2016 333 993 11.8386703491211 195.317152492881
2016 334 994 10.0049606323242 243.55234310317
2016 335 995 8.64716873168948 159.960694598913
2016 336 996 9.03262481689455 210.109458740234
2016 337 997 11.2561889648438 264.476949223041
2016 338 998 11.0185447692871 256.693637866974
2016 339 999 9.10548934936526 244.571433725834
2016 340 1000 9.74638137817385 186.083085638523
2016 341 1001 8.18131027221682 192.727165255189
2016 342 1002 6.68113861083987 171.005969912767
2016 343 1003 9.39463195800784 79.5998597934245
2016 344 1004 13.3907638549805 94.6725252391695
2016 345 1005 15.6122299194336 72.168107264757
2016 346 1006 10.7189308166504 128.168813592255
2016 347 1007 9.40761718750002 202.913555931628
2016 348 1008 10.0878768920899 114.787211079121
2016 349 1009 12.5829940795899 81.2419668108224
2016 350 1010 15.0942359924317 55.5556919978856
2016 351 1011 11.753865814209 170.774563463733
2016 352 1012 6.54818496704104 251.616021406889
2016 353 1013 6.03815231323244 256.132916068077
2016 354 1014 6.33482894897463 240.192484703541
2016 355 1015 6.75629959106448 236.111688880443
2016 356 1016 9.41599426269534 228.07916940403
2016 357 1017 9.91996536254885 243.39214511919
2016 358 1018 9.22127685546877 114.515746329546
2016 359 1019 7.07203826904299 187.471535704613
2016 360 1020 5.32313308715823 214.034489659786
2016 361 1021 5.03377304077151 249.907160504341
2016 362 1022 6.48747024536135 241.322816638946
2016 363 1023 7.01153335571291 240.041174301147
2016 364 1024 6.81598052978518 246.992315237284
2016 365 1025 8.17251739501955 225.54257519412
2016 366 1026 9.13647613525393 188.041150377273
2017 1 1027 8.22322616577151 231.610222175837
2017 2 1028 7.93370208740237 200.281146286488
2017 3 1029 8.30190811157229 98.1102762339115
2017 4 1030 11.9418502807617 35.2557999275923
2017 5 1031 7.54979476928713 185.007052890241
2017 6 1032 4.50108871459963 263.331965013027
2017 7 1033 8.52555236816409 121.33600013113
2017 8 1034 14.9091888427735 35.8760461195707
2017 9 1035 13.7996116638184 105.571063788772
2017 10 1036 12.8164154052735 69.7173299922943
2017 11 1037 12.319352722168 128.203320162654
2017 12 1038 8.7923637390137 145.588029652596
2017 13 1039 7.9591003417969 204.609474373817
2017 14 1040 8.66350326538088 266.071750854492
2017 15 1041 7.01844177246096 232.047514021873
2017 16 1042 6.95586929321291 262.470756416798
2017 17 1043 6.77413711547854 211.508022912979
2017 18 1044 8.03571853637698 107.766463144302
2017 19 1045 10.3930221557617 119.109364329696
2017 20 1046 10.9247871398926 183.588076097012
2017 21 1047 9.86435852050784 172.655702579498
2017 22 1048 11.2407470703125 201.655504292727
2017 23 1049 8.43118057250979 230.49467154336
2017 24 1050 8.03261718750002 247.379613649368
2017 25 1051 6.95091781616213 266.254691843987
2017 26 1052 8.06276092529299 273.487920693397
2017 27 1053 8.32007751464846 306.521547636986
2017 28 1054 8.3684020996094 316.735500035286
2017 29 1055 8.32400283813479 306.686647437096
2017 30 1056 8.59142837524416 303.460477749824
2017 31 1057 8.8006301879883 303.853153265953
2017 32 1058 9.53621444702151 250.757504512787
2017 33 1059 11.8113342285156 166.555878656387
2017 34 1060 14.9403701782227 160.241875533819
2017 35 1061 13.4429718017578 184.275256738186
2017 36 1062 11.7551666259766 193.574467395782
2017 37 1063 13.3192687988281 148.345659203529
2017 38 1064 14.8038726806641 94.8216390730143
2017 39 1065 15.3773513793946 110.002025462627
2017 40 1066 16.2436576843262 50.0479758865833
2017 41 1067 14.3720565795899 124.356905669451
2017 42 1068 11.1317115783692 323.955332116127
2017 43 1069 11.5889221191406 374.302284513473
2017 44 1070 10.4502311706543 329.988225622177
2017 45 1071 11.6863990783692 327.061028665543
2017 46 1072 12.700772857666 270.765978561401
2017 47 1073 15.0260749816895 253.501748383522
2017 48 1074 12.9523063659668 169.799898605347
2017 49 1075 12.7718101501465 155.69936219883
2017 50 1076 10.9049621582031 168.818216871262
2017 51 1077 12.9529243469239 45.5634706099033
2017 52 1078 13.5683227539063 187.108755349008
2017 53 1079 10.0324569702149 326.115042741489
2017 54 1080 7.54256591796877 414.671755504258
2017 55 1081 7.1826225280762 421.539079985306
2017 56 1082 7.8364311218262 398.170565972857
2017 57 1083 8.28600082397463 416.577120010048
2017 58 1084 8.76076660156252 421.855904151045
2017 59 1085 8.24759063720705 451.458086272418
2017 60 1086 9.35675582885744 456.326342532903
2017 61 1087 10.9014488220215 464.469850809604
2017 62 1088 11.2950607299805 435.911808863014
2017 63 1089 11.8590370178223 354.026060634673
2017 64 1090 10.5433631896973 344.450197507799
2017 65 1091 8.43366012573244 338.693961700201
2017 66 1092 8.91338500976565 353.811893657625
2017 67 1093 10.9780708312989 420.784956279397
2017 68 1094 14.0600143432617 465.455988777399
2017 69 1095 14.9992347717285 371.06273620224
2017 70 1096 15.1113639831543 440.213368267536
2017 71 1097 14.4639602661133 491.068992010951
2017 72 1098 14.3578048706055 513.357660458326
2017 73 1099 17.3410545349121 505.87008037436
2017 74 1100 16.5670486450196 464.65726063323
2017 75 1101 14.1548133850098 404.618436048627
2017 76 1102 13.4739433288574 465.679108480215
2017 77 1103 15.774674987793 397.389678836942
2017 78 1104 15.0378471374512 344.061980839968
2017 79 1105 15.0382629394531 302.518947008133
2017 80 1106 15.8991981506348 222.922323286563
2017 81 1107 14.1692672729492 432.074320162177
2017 82 1108 11.4920669555664 472.921246835947
2017 83 1109 12.1628128051758 221.423034522712
2017 84 1110 12.7484718322754 297.516830260038
2017 85 1111 12.8077445983887 310.613370845318
2017 86 1112 13.5301109313965 413.324178804874
2017 87 1113 13.9315734863281 515.566440579891
2017 88 1114 16.0179458618164 567.16280545187
2017 89 1115 15.6997123718262 584.712608567715
2017 90 1116 14.9829154968262 600.540024228096
2017 91 1117 17.4734245300293 591.861044641971
2017 92 1118 16.8487335205078 588.942772312164
2017 93 1119 16.7894683837891 606.920945419311
2017 94 1120 14.678727722168 588.474233687878
2017 95 1121 16.0687423706055 475.576247210503
2017 96 1122 15.5183959960938 309.230096150518
2017 97 1123 13.8109718322754 306.111021103144
2017 98 1124 11.5269714355469 413.797168906212
2017 99 1125 9.79414520263674 584.993729524612
2017 100 1126 11.8910461425781 581.611378111839
2017 101 1127 14.7037101745606 386.89012792182
2017 102 1128 15.5477195739746 268.829391493797
2017 103 1129 14.0980201721192 484.78621916008
2017 104 1130 11.1577278137207 616.603913014412
2017 105 1131 12.4048477172852 634.350074048996
2017 106 1132 13.3789535522461 403.556425994873
2017 107 1133 14.2611557006836 218.643073811054
2017 108 1134 14.5647331237793 361.714432788849
2017 109 1135 13.8524833679199 627.429210666657
2017 110 1136 15.9303833007813 563.325317223549
2017 111 1137 15.6206184387207 664.371714284897
2017 112 1138 16.1090141296387 563.093288014412
2017 113 1139 15.1373840332031 531.808838535309
2017 114 1140 14.5473838806153 449.075275234699
2017 115 1141 14.2217193603516 506.026276590347
2017 116 1142 15.5363555908203 361.78136320591
2017 117 1143 15.1433731079102 483.309227945328
2017 118 1144 16.002042388916 693.313508443832
2017 119 1145 18.3277565002442 705.539935714722
2017 120 1146 17.8916069030762 695.620458200455
2017 121 1147 20.1543365478516 690.368449129105
2017 122 1148 23.0436149597168 685.705458372116
2017 123 1149 23.9632049560547 689.734833385468
2017 124 1150 21.2771278381348 681.693953781128
2017 125 1151 16.9193550109864 679.065720482826
2017 126 1152 14.2159362792969 615.354510620117
2017 127 1153 16.7432037353516 603.177180641174
2017 128 1154 17.6287208557129 698.190692260742
2017 129 1155 19.0501266479492 670.846349349976
2017 130 1156 17.5715156555176 695.74540398407
2017 131 1157 14.1618324279785 615.631157048575
2017 132 1158 14.7856994628906 728.105234854301
2017 133 1159 14.239274597168 727.011990630595
2017 134 1160 13.9879432678223 722.786290221375
2017 135 1161 15.0760475158692 705.852263305712
2017 136 1162 14.2609535217285 597.6038833148
2017 137 1163 14.9738327026367 570.875342175197
2017 138 1164 17.0104309082031 739.20718923831
2017 139 1165 19.7497840881348 738.484293858908
2017 140 1166 21.1488891601563 733.209976252466
2017 141 1167 22.348706817627 733.227841800041
2017 142 1168 20.8622489929199 722.714897038072
2017 143 1169 19.8551040649414 714.334916800976
2017 144 1170 17.0306640625 644.345380020261
2017 145 1171 15.2511650085449 586.974939253837
2017 146 1172 14.9358268737793 607.8579932459
2017 147 1173 15.6429191589356 659.271431303859
2017 148 1174 16.2339492797852 702.91615027085
2017 149 1175 16.0235191345215 692.264891095012
2017 150 1176 15.5510269165039 674.625832638591
2017 151 1177 16.2496505737305 571.098446383431
2017 152 1178 18.2771621704102 698.627963442087
2017 153 1179 18.4797492980957 733.290309045285
2017 154 1180 18.7988105773926 663.354330830395
2017 155 1181 18.6387573242188 749.715643202037
2017 156 1182 18.1129852294922 763.561818388164
2017 157 1183 19.1521430969239 764.989739055365
2017 158 1184 17.0087791442871 675.357634177327
2017 159 1185 16.102197265625 279.315540064663
2017 160 1186 18.0943962097168 305.713885966942
2017 161 1187 15.9656921386719 728.016001479804
2017 162 1188 15.6635681152344 714.620476823509
2017 163 1189 15.0756355285645 642.636365203559
2017 164 1190 16.9377418518067 688.654977858186
2017 165 1191 19.2308212280274 749.742417177021
2017 166 1192 20.4694763183594 739.028690149546
2017 167 1193 23.451261138916 723.277155237913
2017 168 1194 24.8757759094239 729.05568471998
2017 169 1195 28.0572639465332 737.002855175614
2017 170 1196 26.5691543579102 741.255322611868
2017 171 1197 24.1872650146485 742.611838861704
2017 172 1198 22.1981597900391 742.196843021214
2017 173 1199 26.2688919067383 742.201303444564
2017 174 1200 22.5374580383301 696.941268067717
2017 175 1201 19.4906135559082 683.576993780792
2017 176 1202 18.186296081543 664.068274893701
2017 177 1203 17.9599624633789 715.30765588963
2017 178 1204 17.7497383117676 715.504006752133
2017 179 1205 17.6318222045899 736.512014938593
2017 180 1206 18.4906898498535 763.619843205035
2017 181 1207 18.0844932556153 753.155995207369
2017 182 1208 18.0440116882324 756.234919514358
2017 183 1209 19.35927734375 744.950020780086
2017 184 1210 18.9204383850098 739.042068206489
2017 185 1211 19.0214210510254 736.440627248287
2017 186 1212 18.4615798950196 728.413121731758
2017 187 1213 19.7985206604004 723.094190874636
2017 188 1214 23.3358322143555 744.334250509977
2017 189 1215 26.1645980834961 748.283283217192
2017 190 1216 21.1761489868164 752.928425098538
2017 191 1217 21.2511116027832 754.931966776013
2017 192 1218 20.3852172851563 746.574267140448
2017 193 1219 19.4313484191895 742.701075805664
2017 194 1220 19.7952095031739 742.411025685787
2017 195 1221 19.8557220458985 741.442737003147
2017 196 1222 21.4574142456055 739.278573904514
2017 197 1223 25.9192710876465 729.841035941243
2017 198 1224 24.903451538086 743.058042419136
2017 199 1225 20.5857368469239 744.222699982881
2017 200 1226 18.9080520629883 754.09751366365
2017 201 1227 19.5864387512207 745.811210412681
2017 202 1228 20.0407615661621 737.944378955573
2017 203 1229 20.8403602600098 736.958217708498
2017 204 1230 23.2367073059082 709.752237825602
2017 205 1231 20.3251205444336 691.591096512049
2017 206 1232 19.6401306152344 652.109599374563
2017 207 1233 19.4057365417481 681.091550416589
2017 208 1234 21.0001998901367 723.28605983007
2017 209 1235 22.1932159423828 729.921354779094
2017 210 1236 19.8360992431641 722.853233353049
2017 211 1237 18.8894630432129 712.304598565429
2017 212 1238 19.8433319091797 697.780154953539
2017 213 1239 20.5688034057617 704.933060318693
2017 214 1240 22.8030334472656 683.31817672833
2017 215 1241 23.7917991638184 548.260927979045
2017 216 1242 23.370938873291 429.106955186829
2017 217 1243 21.4334617614746 468.365351199247
2017 218 1244 19.5230346679688 630.432249011472
2017 219 1245 19.3053718566895 626.572457638677
2017 220 1246 18.9712425231934 616.978738060158
2017 221 1247 18.6897674560547 642.457871869644
2017 222 1248 18.8452735900879 652.729843400351
2017 223 1249 19.2551933288574 659.155403350226
2017 224 1250 20.1004348754883 680.020620776176
2017 225 1251 19.0769744873047 676.665054836273
2017 226 1252 18.680062866211 602.717575716019
2017 227 1253 17.6850944519043 608.344392905235
2017 228 1254 17.6869598388672 623.123185830116
2017 229 1255 19.7068344116211 603.520770961761
2017 230 1256 19.6465240478516 611.356379612923
2017 231 1257 19.4329963684082 628.321628995895
2017 232 1258 19.2221504211426 610.267607397079
2017 233 1259 18.9702049255371 588.291286146164
2017 234 1260 19.1601959228516 586.832165353775
2017 235 1261 20.8455291748047 632.404541689873
2017 236 1262 19.3008285522461 640.24463004303
2017 237 1263 19.1523490905762 633.832456781387
2017 238 1264 20.9597221374512 638.031371983528
2017 239 1265 24.8524375915528 624.417215894699
2017 240 1266 24.2246490478516 625.421201383591
2017 241 1267 22.2119995117188 612.315742471695
2017 242 1268 19.5502944946289 630.08868393898
2017 243 1269 20.8432556152344 629.231925811768
2017 244 1270 28.4826751708985 611.213598688125
2017 245 1271 29.1079879760742 603.91343841362
2017 246 1272 29.2667938232422 596.372328839302
2017 247 1273 25.3086181640625 498.096955073357
2017 248 1274 24.3060203552246 490.189953439712
2017 249 1275 22.2506233215332 513.580760756493
2017 250 1276 20.8438735961914 446.35779163599
2017 251 1277 19.3503929138184 483.402944339275
2017 252 1278 20.9126373291016 545.775502515316
2017 253 1279 22.9029823303223 559.300424432278
2017 254 1280 26.2172637939453 550.683915217876
2017 255 1281 24.5269714355469 492.974352334976
2017 256 1282 20.5233665466309 441.65465442276
2017 257 1283 18.5784622192383 523.696547299862
2017 258 1284 17.7850509643555 549.287241612434
2017 259 1285 19.0666481018067 510.546477350235
2017 260 1286 18.699063873291 529.818688586235
2017 261 1287 19.8373466491699 475.460226053715
2017 262 1288 17.8282066345215 508.248441132069
2017 263 1289 18.689771270752 451.739209560394
2017 264 1290 16.735971069336 457.660550019264
2017 265 1291 16.0200057983399 524.388196554661
2017 266 1292 17.0668006896973 501.332036283016
2017 267 1293 18.2598129272461 525.146771186352
2017 268 1294 19.0197692871094 504.169992515564
2017 269 1295 20.7775856018067 509.123041960716
2017 270 1296 22.6334892272949 506.499262155533
2017 271 1297 21.7537551879883 503.603296100616
2017 272 1298 19.6277328491211 455.94259488821
2017 273 1299 18.0900665283203 453.711512019873
2017 274 1300 19.9909873962403 484.447094429016
2017 275 1301 19.7179809570313 495.865854816437
2017 276 1302 16.3900733947754 485.25922009778
2017 277 1303 16.7791381835938 483.483255144358
2017 278 1304 17.2559677124024 477.762725089312
2017 279 1305 18.7659736633301 475.295132805824
2017 280 1306 18.7923980712891 469.199771448135
2017 281 1307 18.9220901489258 455.059079765081
2017 282 1308 21.3428016662598 462.470793086767
2017 283 1309 18.1871238708496 451.409011976242
2017 284 1310 16.5160423278809 424.885725661278
2017 285 1311 15.3325286865235 442.381987820387
2017 286 1312 14.7578216552735 446.973579042673
2017 287 1313 17.2760063171387 439.985786755323
2017 288 1314 17.3425003051758 433.890433587909
2017 289 1315 19.4858642578125 405.827692490697
2017 290 1316 18.0754028320313 379.888948568225
2017 291 1317 15.1993347167969 402.00804633379
2017 292 1318 14.7648406982422 350.170730901957
2017 293 1319 15.0675788879395 323.433267277598
2017 294 1320 12.6134162902832 373.03947791636
2017 295 1321 14.8113037109375 376.11838672483
2017 296 1322 18.9914756774903 381.41056581521
2017 297 1323 21.9175201416016 378.983121626019
2017 298 1324 21.8361488342285 376.345961684823
2017 299 1325 20.1384407043457 374.213043537378
2017 300 1326 19.3536926269531 372.68696309495
2017 301 1327 17.3716102600098 369.041353587389
2017 302 1328 15.9293495178223 349.693268595874
2017 303 1329 14.7557579040528 327.797290344119
2017 304 1330 13.2255226135254 346.382334106386
2017 305 1331 13.6467910766602 333.196551599979
2017 306 1332 13.6370903015137 324.468493339032
2017 307 1333 15.8331085205078 211.811461579651
2017 308 1334 14.8893676757813 113.638713713974
2017 309 1335 10.8946319580078 275.705632529527
2017 310 1336 11.5808692932129 321.394035960361
2017 311 1337 11.8076110839844 315.423623111129
2017 312 1338 12.4915786743164 206.278336512819
2017 313 1339 16.1509376525879 196.925575566299
2017 314 1340 15.1745582580567 200.553340884
2017 315 1341 13.2783828735352 217.822035257481
2017 316 1342 12.651010131836 234.403550722346
2017 317 1343 14.3542991638184 209.455420941547
2017 318 1344 14.4445472717285 248.249740269016
2017 319 1345 12.5956550598145 160.063384642712
2017 320 1346 14.7020584106446 111.215739563338
2017 321 1347 12.634896850586 203.534085717758
2017 322 1348 11.0687271118164 292.844921072086
2017 323 1349 10.6711975097656 281.778676373832
2017 324 1350 13.739102935791 141.424800861359
2017 325 1351 14.0032325744629 182.057541531444
2017 326 1352 14.2163444519043 229.579918462276
2017 327 1353 15.1799217224121 242.46673938942
2017 328 1354 15.9355484008789 208.982425091267
2017 329 1355 16.0107131958008 236.915765399694
2017 330 1356 16.1757217407227 102.050390866518
2017 331 1357 12.8360305786133 190.276902615458
2017 332 1358 10.1786590576172 244.394406618357
2017 333 1359 11.1083770751953 264.036989111662
2017 334 1360 11.7520614624024 260.984852671623
2017 335 1361 10.5669036865235 236.755126652956
2017 336 1362 10.33974609375 196.631069929361
2017 337 1363 11.6504608154297 236.701581916094
2017 338 1364 10.1332298278809 266.866012653112
2017 339 1365 11.0590187072754 266.897260691404
2017 340 1366 10.219556427002 261.020540342569
2017 341 1367 9.47095642089846 260.949150384188
2017 342 1368 9.7732864379883 257.160741051197
2017 343 1369 9.68654785156252 249.722262417316
2017 344 1370 9.33610305786135 250.84227485919
2017 345 1371 9.10914764404299 244.354241765499
2017 346 1372 10.4031349182129 255.317858029127
2017 347 1373 8.72173843383791 253.644533088446
2017 348 1374 9.52754364013674 251.641007287502
2017 349 1375 9.75636062622073 220.200386163235
2017 350 1376 11.7217079162598 226.599170720577
2017 351 1377 12.6666961669922 247.513475743532
2017 352 1378 9.17275390625002 244.528275012732
2017 353 1379 8.9197822570801 219.950501904249
2017 354 1380 11.7417388916016 233.020273397207
2017 355 1381 7.39904556274416 254.666376399279
2017 356 1382 7.31561431884768 236.915763383627
2017 357 1383 7.95620117187502 220.43241411233
2017 358 1384 8.85989151000979 183.391743883133
2017 359 1385 8.83222351074221 167.720515744448
2017 360 1386 9.23883972167971 218.308422481775
2017 361 1387 8.55240020751955 219.481972856283
2017 362 1388 8.90801391601565 222.404710271597
2017 363 1389 8.59019622802737 225.769205374479
2017 364 1390 8.85183868408205 210.753919414997
2017 365 1391 8.74507675170901 196.198239388704
2018 1 1392 10.4021316528321 192.838877949715
2018 2 1393 10.8785110473633 190.632358595848
2018 3 1394 11.1212440490723 151.213121340036
2018 4 1395 12.328931427002 121.705410984278
2018 5 1396 15.0143180847168 107.447573430776
2018 6 1397 11.8876968383789 135.411614037156
2018 7 1398 9.82900009155276 170.818193637371
2018 8 1399 10.4829765319824 55.5499448194503
2018 9 1400 13.4528709411621 62.952451737374
2018 10 1401 11.2417846679688 77.7174287091493
2018 11 1402 11.6149841308594 103.514990826368
2018 12 1403 11.3073364257813 157.975019311666
2018 13 1404 10.162915802002 238.486190002918
2018 14 1405 9.32760391235354 219.566205416679
2018 15 1406 9.32718811035159 189.831614636183
2018 16 1407 11.8190589904785 170.684739544868
2018 17 1408 12.4014907836914 138.574584922314
2018 18 1409 12.0628295898438 129.930906174183
2018 19 1410 10.7228141784668 215.166514587879
2018 20 1411 7.87843093872073 275.685570862293
2018 21 1412 7.2114196777344 277.820910432815
2018 22 1413 11.2215286254883 157.107541249514
2018 23 1414 10.2086082458496 207.559366202354
2018 24 1415 9.20768890380862 230.861245789528
2018 25 1416 9.62471923828127 191.530979860783
2018 26 1417 7.78393707275393 252.659499390125
2018 27 1418 8.61469421386721 250.37291544342
2018 28 1419 10.5220542907715 290.842022120476
2018 29 1420 10.4445205688477 250.057063187599
2018 30 1421 10.6287399291992 249.122848754883
2018 31 1422 11.118970489502 320.220723308563
2018 32 1423 12.5826202392578 300.081804652214
2018 33 1424 14.0828681945801 305.24220563221
2018 34 1425 15.9763732910156 327.961327802658
2018 35 1426 17.1083808898926 304.076682734489
2018 36 1427 14.2553115844727 320.794596923828
2018 37 1428 14.9433952331543 341.894415690422
2018 38 1429 16.0756088256836 350.595918278694
2018 39 1430 15.4168830871582 344.029762821197
2018 40 1431 14.2309089660645 349.732877077103
2018 41 1432 14.0745903015137 356.379120816231
2018 42 1433 12.4889579772949 351.214273399353
2018 43 1434 9.75930938720705 316.71521133995
2018 44 1435 10.3266654968262 374.164722179413
2018 45 1436 11.2111869812012 352.379808393478
2018 46 1437 10.210050201416 387.328193433761
2018 47 1438 9.90425643920901 396.479010938644
2018 48 1439 11.0368858337403 395.126630840301
2018 49 1440 12.858228302002 362.562707304001
2018 50 1441 7.79097137451174 400.002317896407
2018 51 1442 5.51268539428713 405.696550874874
2018 52 1443 7.66194686889651 398.423065528162
2018 53 1444 8.54274902343752 391.607763278935
2018 54 1445 6.44393310546877 424.732221123792
2018 55 1446 6.37198028564455 435.368863251075
2018 56 1447 8.83738098144534 374.547294882014
2018 57 1448 10.6233688354492 310.447101407107
2018 58 1449 8.40628204345705 417.996989889681
2018 59 1450 8.11331329345705 395.242288333163
2018 60 1451 11.5465446472168 177.771390052769
2018 61 1452 9.12063751220705 338.580182410479
2018 62 1453 7.48290023803713 338.206502313882
2018 63 1454 7.10060272216799 353.665476282567
2018 64 1455 8.7069145202637 474.347690324187
2018 65 1456 10.746598815918 431.120424500465
2018 66 1457 13.072843170166 327.200608516157
2018 67 1458 14.8201728820801 377.732501873463
2018 68 1459 13.0815254211426 370.583580525458
2018 69 1460 13.2314277648926 292.554744044304
2018 70 1461 11.9147850036621 363.670421986103
2018 71 1462 14.5639968872071 440.280147731542
2018 72 1463 16.2718330383301 207.243517852664
2018 73 1464 11.2833457946778 268.091766953587
2018 74 1465 9.86539230346682 302.439582998752
2018 75 1466 10.4840065002442 280.392207086682
2018 76 1467 9.2647529602051 416.244240142584
2018 77 1468 9.06729278564455 406.644117801428
2018 78 1469 10.7922836303711 473.849437510967
2018 79 1470 13.2272926330567 319.629052983403
2018 80 1471 13.922208404541 150.283358132362
2018 81 1472 15.6118484497071 195.975154589057
2018 82 1473 9.84719238281252 461.829270830393
2018 83 1474 10.6285339355469 380.228189601183
2018 84 1475 9.27033386230471 532.402213067531
2018 85 1476 10.6411453247071 539.573386855125
2018 86 1477 14.1420036315918 572.346390200138
2018 87 1478 15.8115821838379 565.157413024425
2018 88 1479 17.6864753723145 572.275218481064
2018 89 1480 17.2675796508789 552.638992144584
2018 90 1481 17.2961135864258 514.007163569927
2018 91 1482 15.4966865539551 581.003410778999
2018 92 1483 15.5944839477539 576.625963726997
2018 93 1484 14.3975616455078 596.738183097362
2018 94 1485 15.1623588562012 563.951858586311
2018 95 1486 14.9661499023438 382.408011433124
2018 96 1487 14.2073341369629 144.384483091712
2018 97 1488 16.6059547424317 262.668895720184
2018 98 1489 13.6703811645508 573.992383817673
2018 99 1490 14.9903312683106 615.328978133201
2018 100 1491 18.1399017333985 537.269003552437
2018 101 1492 13.005029296875 365.734568164825
2018 102 1493 11.3466087341309 544.965127549171
2018 103 1494 12.2298942565918 619.3505297966
2018 104 1495 15.2688346862793 636.193002684593
2018 105 1496 15.457608795166 637.932417342186
2018 106 1497 10.6343284606934 440.538155230522
2018 107 1498 9.85918197631838 549.885304005623
2018 108 1499 11.2951332092285 492.506972445488
2018 109 1500 11.8651672363281 601.707304128647
2018 110 1501 14.872274017334 657.008119454384
2018 111 1502 16.3479133605957 657.074845240593
2018 112 1503 18.2006851196289 665.08680838871
2018 113 1504 19.3562713623047 655.86482773304
2018 114 1505 17.4387832641602 640.183432313919
2018 115 1506 15.2593208312989 633.906430330276
2018 116 1507 14.2369018554688 647.39463864994
2018 117 1508 14.1475807189942 586.243880887985
2018 118 1509 14.2503372192383 491.408151141167
2018 119 1510 13.9174552917481 508.722190282822
2018 120 1511 14.0832801818848 472.812919244766
2018 121 1512 14.960767364502 629.177544406891
2018 122 1513 15.827710723877 689.629858766556
2018 123 1514 14.9677978515625 649.832496709823
2018 124 1515 16.1467414855957 656.896906114578
2018 125 1516 17.0374618530274 548.119193590164
2018 126 1517 15.0699363708496 607.357061141968
2018 127 1518 16.6762481689453 686.498045070648
2018 128 1519 17.866357421875 700.729183338165
2018 129 1520 17.471036529541 683.686499826431
2018 130 1521 16.5217948913574 695.413067352295
2018 131 1522 18.3036514282227 661.367778912108
2018 132 1523 22.7587028503418 735.788766097668
2018 133 1524 16.7697044372559 640.695027087811
2018 134 1525 14.6442199707031 652.234755057581
2018 135 1526 14.8149963378906 589.882848638344
2018 136 1527 14.6524864196778 527.023822614997
2018 137 1528 15.520883178711 581.234747146063
2018 138 1529 16.0708557128906 665.069015939332
2018 139 1530 15.8078590393067 692.637121678449
2018 140 1531 14.894189453125 680.083117215022
2018 141 1532 15.522119140625 710.284814290471
2018 142 1533 15.869889831543 629.956052937537
2018 143 1534 14.6179634094239 579.748908442691
2018 144 1535 14.4564834594727 592.044878119349
2018 145 1536 14.4091316223145 364.564587946609
2018 146 1537 15.3722244262696 350.925121461175
2018 147 1538 17.5832992553711 590.438938061446
2018 148 1539 21.9688774108887 730.196854829535
2018 149 1540 23.4823509216309 736.687373498201
2018 150 1541 18.0458274841309 712.206628017038
2018 151 1542 14.5569664001465 721.290717877149
2018 152 1543 16.0706497192383 743.49378088516
2018 153 1544 21.6777664184571 747.074920586049
2018 154 1545 23.7379089355469 745.922732147813
2018 155 1546 21.8181510925293 749.788592147618
2018 156 1547 18.0177017211914 740.700032161832
2018 157 1548 16.3812042236328 737.225692817986
2018 158 1549 15.9108291625977 739.654624234974
2018 159 1550 17.7059150695801 755.158084749222
2018 160 1551 18.4626518249512 717.011135529995
2018 161 1552 17.4282279968262 745.869352287471
2018 162 1553 19.1947799682617 752.9916104182
2018 163 1554 22.5639320373535 755.576244870663
2018 164 1555 22.4057594299317 758.627995170772
2018 165 1556 20.3063255310059 751.443476717353
2018 166 1557 18.045613861084 753.672228255629
2018 167 1558 16.9272552490235 725.120974597335
2018 168 1559 16.268930053711 655.015133150339
2018 169 1560 18.5317054748535 695.30633207643
2018 170 1561 18.4117866516114 708.291856455505
2018 171 1562 17.6757255554199 751.852750895262
2018 172 1563 17.5640731811524 775.038955774248
2018 173 1564 21.3138595581055 771.706960498571
2018 174 1565 25.2677284240723 763.85514770484
2018 175 1566 23.7372909545899 716.77533973974
2018 176 1567 18.2414184570313 675.501048903346
2018 177 1568 19.0318580627442 758.708073624074
2018 178 1569 18.2178398132324 713.665775049805
2018 179 1570 17.7110801696778 739.912641499281
2018 180 1571 20.4378257751465 752.537838858366
2018 181 1572 24.898038482666 752.493353509843
2018 182 1573 22.2860466003418 712.994024318278
2018 183 1574 19.0940948486328 688.241897470832
2018 184 1575 18.3290840148926 744.29454172939
2018 185 1576 17.6151443481446 694.870340908945
2018 186 1577 17.7650428771973 711.859630888879
2018 187 1578 22.0474487304688 628.274469018817
2018 188 1579 23.7120681762696 701.209649080813
2018 189 1580 21.8861747741699 747.662156318724
2018 190 1581 21.5909248352051 747.946850251257
2018 191 1582 24.2978187561035 745.424483870745
2018 192 1583 21.3806472778321 715.551983866572
2018 193 1584 20.9642311096192 698.024425220549
2018 194 1585 21.6713539123535 571.06963298291
2018 195 1586 20.8192993164063 639.089076788127
2018 196 1587 19.2590919494629 692.370217832714
2018 197 1588 19.315747833252 686.640398085117
2018 198 1589 19.9746871948242 710.440527587414
2018 199 1590 20.5914474487305 732.238778037906
2018 200 1591 20.5062614440918 711.921902236938
2018 201 1592 20.8840156555176 711.970838747501
2018 202 1593 21.7590232849121 648.813753228783
2018 203 1594 20.6243225097656 635.05862645477
2018 204 1595 20.3948150634766 685.310252470761
2018 205 1596 20.0681396484375 700.49784557718
2018 206 1597 21.6597724914551 721.864578072965
2018 207 1598 21.6763206481934 711.138961161375
2018 208 1599 19.3635002136231 721.668841260523
2018 209 1600 19.0333114624024 720.263078718751
2018 210 1601 18.9427467346192 715.996845479071
2018 211 1602 18.8408180236817 625.845524166629
2018 212 1603 19.2446151733399 669.508756650016
2018 213 1604 19.2084365844727 688.784631757945
2018 214 1605 18.8035942077637 713.567896563247
2018 215 1606 19.1681190490723 714.30636848183
2018 216 1607 22.120435333252 700.54678049694
2018 217 1608 20.5813117980957 707.864767005704
2018 218 1609 20.3644233703614 699.639279454805
2018 219 1610 20.3906837463379 699.674850272588
2018 220 1611 18.7889152526856 693.731496872712
2018 221 1612 20.2581497192383 688.041713355228
2018 222 1613 21.9051948547364 691.938707158688
2018 223 1614 23.1622940063477 677.169272480529
2018 224 1615 21.5038696289063 669.095032837868
2018 225 1616 19.1170478820801 658.609634086609
2018 226 1617 17.7193542480469 623.932619796753
2018 227 1618 17.6422286987305 621.539268443107
2018 228 1619 18.8459869384766 642.825908121109
2018 229 1620 19.6916290283203 654.054244884491
2018 230 1621 20.9644371032715 669.797909572601
2018 231 1622 20.0292716979981 677.23599809742
2018 232 1623 18.9458480834961 669.272966923714
2018 233 1624 16.7920356750489 612.757686645508
2018 234 1625 17.2746101379395 580.89220449543
2018 235 1626 17.5847526550293 596.06643998909
2018 236 1627 16.9131942749024 590.016326242447
2018 237 1628 17.4009376525879 610.328736579895
2018 238 1629 17.2835021972656 604.256353351593
2018 239 1630 17.5239616394043 575.887484248161
2018 240 1631 17.6383033752442 554.454040582657
2018 241 1632 18.0789085388184 591.947013288498
2018 242 1633 18.5091720581055 553.341878959656
2018 243 1634 17.8884788513184 603.348847781181
2018 244 1635 18.7469497680664 610.66237357521
2018 245 1636 19.0455108642578 608.927408378601
2018 246 1637 18.7916084289551 594.589492119789
2018 247 1638 18.6499801635742 592.511993021965
2018 248 1639 18.5358406066895 577.537932870865
2018 249 1640 16.4306159973145 566.678843911171
2018 250 1641 18.9863716125489 594.545015654564
2018 251 1642 20.163663482666 588.245774430275
2018 252 1643 19.7964492797852 579.962435491562
2018 253 1644 19.7749534606934 584.887066449165
2018 254 1645 19.7129226684571 581.69740572834
2018 255 1646 18.0973106384278 573.227228741646
2018 256 1647 17.1644111633301 532.602405042648
2018 257 1648 16.506909942627 532.117509054661
2018 258 1649 17.6837936401367 541.31726407814
2018 259 1650 16.2631469726563 561.92326525402
2018 260 1651 16.9659172058106 525.729270546436
2018 261 1652 16.9119583129883 516.49393596363
2018 262 1653 16.6714950561524 543.301341631889
2018 263 1654 19.7863250732422 545.676895645618
