Year DOY_disc DOY TA_C PAR_umol_m2_day
2014 71 1 15.9725852966309 516.608998102307
2014 72 2 15.8173194885254 521.463867832065
2014 73 3 13.701547241211 458.408224529982
2014 74 4 14.7487274169922 509.916904577971
2014 75 5 15.3140579223633 522.888385219812
2014 76 6 14.9299674987793 509.859221610546
2014 77 7 13.9182754516602 536.294753043175
2014 78 8 13.6224266052246 540.550531177282
2014 79 9 15.2162910461426 520.469829746246
2014 80 10 13.7592445373535 496.470592409134
2014 81 11 12.8445297241211 530.259447312355
2014 82 12 13.2774024963379 544.62879532361
2014 83 13 13.452294921875 551.946601480961
2014 84 14 14.2038208007813 441.638064707279
2014 85 15 13.2480522155762 331.848721135974
2014 86 16 12.9401069641114 397.788889309883
2014 87 17 14.5678840637207 411.581326500177
2014 88 18 15.0582595825196 222.267943780184
2014 89 19 11.6188865661621 349.262346074104
2014 90 20 10.9720588684082 301.294967729092
2014 91 21 9.43331298828127 314.408456889868
2014 92 22 9.84615859985354 410.085824005604
2014 93 23 11.3977867126465 459.357903460503
2014 94 24 12.3866668701172 402.865649193287
2014 95 25 11.9569755554199 547.500006841659
2014 96 26 14.4477210998535 607.320557215691
2014 97 27 17.7112060546875 608.527626224518
2014 98 28 19.5015808105469 600.828168660164
2014 99 29 17.8061843872071 561.159346027374
2014 100 30 15.5412994384766 602.811830904007
2014 101 31 16.24404296875 534.768167575836
2014 102 32 14.507211303711 536.787344864845
2014 103 33 14.2446723937989 596.559067595959
2014 104 34 15.7701278686524 635.340367415428
2014 105 35 16.3614326477051 648.067754196167
2014 106 36 16.6905990600586 642.010267690658
2014 107 37 17.2432456970215 636.498608277321
2014 108 38 16.867276763916 643.372642443657
2014 109 39 14.9591117858887 640.550253780365
2014 110 40 15.640641784668 667.775693061829
2014 111 41 16.8125511169434 559.717073511124
2014 112 42 14.5012565612793 605.993677347183
2014 113 43 13.3117042541504 669.963475084305
2014 114 44 15.2232376098633 595.888982703209
2014 115 45 14.1859718322754 445.476701086044
2014 116 46 11.2322212219239 534.155774974823
2014 117 47 13.3126998901367 365.002959948063
2014 118 48 13.6718002319336 584.581633230209
2014 119 49 18.21328125 694.002654750824
2014 120 50 21.6177536010742 695.786614419937
2014 121 51 22.4420562744141 696.523281454086
2014 122 52 20.3471008300781 686.600517749786
2014 123 53 17.3661819458008 684.931933591843
2014 124 54 15.6479774475098 647.983448301315
2014 125 55 15.6594787597656 627.068428330421
2014 126 56 14.7572532653809 667.27867193985
2014 127 57 15.1466995239258 688.091613372803
2014 128 58 14.9071594238281 556.63729250145
2014 129 59 16.3005577087403 516.932954823494
2014 130 60 15.3846488952637 718.543286855698
2014 131 61 17.3501182556153 728.483800379588
2014 132 62 19.138314819336 737.070797104341
2014 133 63 22.2003379821778 730.338752556306
2014 134 64 23.9992424011231 732.49549628731
2014 135 65 23.9349952697754 716.169099745581
2014 136 66 20.3358016967774 682.988231688134
2014 137 67 18.1996055603028 704.790777791772
2014 138 68 17.8325630187989 702.261251233324
2014 139 69 16.5180870056153 699.642997185662
2014 140 70 15.6634460449219 652.456654055148
2014 141 71 17.4566017150879 667.336368011713
2014 142 72 17.4258666992188 659.70791109208
2014 143 73 17.9097000122071 645.476128399611
2014 144 74 19.5444160461426 667.802323486507
2014 145 75 20.2305084228516 734.306080701068
2014 146 76 21.5782943725586 745.959562251762
2014 147 77 19.1089645385742 749.088148381099
2014 148 78 18.7536293029785 770.278289791256
2014 149 79 20.1862884521485 783.263076195121
2014 150 80 17.3001457214356 759.34818416068
2014 151 81 15.6093154907227 718.48559453246
2014 152 82 17.7403579711914 751.906109870404
2014 153 83 17.6634155273438 713.249066370964
2014 154 84 15.480428314209 705.642812615395
2014 155 85 18.0427528381348 754.475573383391
2014 156 86 19.5027786254883 743.616450528562
2014 157 87 18.0899406433106 665.871919603437
2014 158 88 17.6816612243653 743.887145833373
2014 159 89 21.5977340698242 755.886743837237
2014 160 90 24.1277366638184 764.753314850569
2014 161 91 22.1249862670899 731.980712954998
2014 162 92 17.7665306091309 677.893706414759
2014 163 93 16.0709358215332 754.790624000371
2014 164 94 17.2269760131836 764.389438165724
2014 165 95 20.4371276855469 763.324377738833
2014 166 96 18.3023162841797 711.753562301338
2014 167 97 16.8470512390137 746.660716052055
2014 168 98 16.891862487793 764.278487103701
2014 169 99 20.603101348877 775.15091058588
2014 170 100 19.6935325622559 779.091606601953
2014 171 101 19.9015365600586 763.133546239138
2014 172 102 19.6790557861328 745.36490800494
2014 173 103 17.6076980590821 758.043474766016
2014 174 104 17.6767021179199 762.663155478835
2014 175 105 20.2832466125489 754.67969694215
2014 176 106 19.1432662963867 716.817005302846
2014 177 107 18.6019302368164 618.539120209813
2014 178 108 18.9665962219239 698.533575193644
2014 179 109 19.4190956115723 712.059776746452
2014 180 110 20.9743019104004 756.885227603912
2014 181 111 23.9254814147949 753.872013111114
2014 182 112 20.5612579345703 705.633936563194
2014 183 113 18.5394721984864 707.715240169406
2014 184 114 18.978890991211 745.089769980371
2014 185 115 19.2356773376465 749.301170184553
2014 186 116 18.9366508483887 775.510371767878
2014 187 117 19.8450294494629 779.260239182353
2014 188 118 20.1890617370606 708.740346359491
2014 189 119 20.9399925231934 643.061988491893
2014 190 120 19.0843826293946 686.036936915159
2014 191 121 18.5404640197754 650.282188505054
2014 192 122 19.0316329956055 686.644912186265
2014 193 123 18.2598815917969 704.719774567902
2014 194 124 18.4135528564453 740.3680253461
2014 195 125 22.7972007751465 729.140571494281
2014 196 126 21.5663963317871 652.19928092441
2014 197 127 20.4702430725098 578.470894947648
2014 198 128 19.0387741088867 611.460950671822
2014 199 129 18.8174835205078 643.807530475706
2014 200 130 19.1301895141602 686.613853595316
2014 201 131 19.4329772949219 630.290222237676
2014 202 132 19.5803085327149 545.374340331525
2014 203 133 19.348104095459 638.948227350503
2014 204 134 19.9523025512696 704.40913409859
2014 205 135 21.2987075805664 725.532693509102
2014 206 136 23.8852249145508 736.675835858881
2014 207 137 24.1665969848633 736.471700077713
2014 208 138 23.1624465942383 643.860803421468
2014 209 139 22.4353118896485 666.794952705264
2014 210 140 21.7458587646485 606.43744670786
2014 211 141 22.8606468200684 655.527565706596
2014 212 142 21.8908058166504 676.748770369858
2014 213 143 21.7416893005371 713.067139085412
2014 214 144 21.7450614929199 699.123798328847
2014 215 145 19.0643630981446 643.363762713708
2014 216 146 17.9376617431641 544.473473293394
2014 217 147 19.5590873718262 535.345081153139
2014 218 148 22.6562133789063 514.776217807136
2014 219 149 20.9721199035645 681.6391579405
2014 220 150 19.7706657409668 679.699869990179
2014 221 151 19.8612915039063 683.467484770115
2014 222 152 17.9505439758301 665.277267369729
2014 223 153 19.3546501159668 648.746723755671
2014 224 154 19.8051734924317 633.906975676536
2014 225 155 18.4827629089356 639.667147666931
2014 226 156 20.1172843933106 657.675430742264
2014 227 157 20.4359336853028 674.907138727188
2014 228 158 20.7629142761231 669.204639371872
2014 229 159 19.8775421142578 658.567422673225
2014 230 160 19.24697265625 638.504456336021
2014 231 161 18.3425651550293 630.94700754261
2014 232 162 18.8918395996094 539.871560214996
2014 233 163 18.959058380127 579.598076651573
2014 234 164 20.7075897216797 639.707078907967
2014 235 165 18.6713386535645 628.812466838837
2014 236 166 19.268197631836 613.506749470711
2014 237 167 18.825212097168 575.573067432403
2014 238 168 18.5971771240235 634.182105384827
2014 239 169 20.7042213439942 624.339221299171
2014 240 170 21.0312133789063 610.369267601013
2014 241 171 20.5327049255371 546.98524230957
2014 242 172 21.3209167480469 520.38993903923
2014 243 173 21.7520042419434 613.679817777634
2014 244 174 22.1009956359864 609.33971031189
2014 245 175 22.4004188537598 607.160804026604
2014 246 176 19.0770431518555 588.819675766468
2014 247 177 20.4517990112305 604.817688035011
2014 248 178 19.8184524536133 573.163376859665
2014 249 179 19.1460548400879 586.969141012192
2014 250 180 18.2394577026367 591.224936534882
2014 251 181 17.5606971740723 562.725842575073
2014 252 182 16.7239051818848 567.966806620598
2014 253 183 19.8075500488281 586.170353898048
2014 254 184 21.5031486511231 583.929317452431
2014 255 185 22.0145393371582 569.733019855499
2014 256 186 22.5521064758301 545.485277501583
2014 257 187 21.0629325866699 538.890823512554
2014 258 188 21.0417228698731 526.194477619171
2014 259 189 19.3949028015137 541.664396629334
2014 260 190 20.9970985412598 529.735790914535
2014 261 191 22.5179992675781 437.138198508263
2014 262 192 20.289998626709 447.349406534672
2014 263 193 20.538648223877 496.732422120094
2014 264 194 20.0407463073731 484.843763522863
2014 265 195 19.4024406433106 480.885313008308
2014 266 196 19.9875999450684 504.551689032078
2014 267 197 20.8951774597168 436.725488825321
2014 268 198 19.808740234375 350.380657459021
2014 269 199 18.3643814086914 426.847115399361
2014 270 200 18.3227401733399 477.13986078167
2014 271 201 18.7895179748535 444.314014291286
2014 272 202 18.5440307617188 415.872621695518
2014 273 203 18.3554588317871 482.185564657211
2014 274 204 20.7181030273438 494.131910758018
2014 275 205 20.8902221679688 495.600797885418
2014 276 206 23.7371040344239 489.197162669659
2014 277 207 22.1711860656739 486.98273755908
2014 278 208 21.5546928405762 484.218039675474
2014 279 209 21.1020065307617 480.002189758301
2014 280 210 20.395093536377 462.144776322603
2014 281 211 20.1668563842774 449.732464351654
2014 282 212 20.1858917236328 452.825555438995
2014 283 213 17.6340728759766 442.481214882851
2014 284 214 17.7683158874512 430.690180574417
2014 285 215 21.0986228942871 443.337701848984
2014 286 216 21.8707748413086 430.170963053226
2014 287 217 19.0242935180664 357.569777397513
2014 288 218 19.0074440002442 276.115310393453
2014 289 219 17.0455375671387 368.406699190974
2014 290 220 16.9263626098633 356.36271506691
2014 291 221 19.3736854553223 381.222841453552
2014 292 222 19.0893379211426 369.152244482398
2014 293 223 19.0901275634766 236.504175012231
2014 294 224 15.3527236938477 343.697447232127
2014 295 225 15.5571609497071 371.655110386968
2014 296 226 18.0397773742676 295.485985043347
2014 297 227 17.208139038086 339.730121358395
2014 298 228 19.1672721862793 252.746246994734
2014 299 229 16.2420631408692 321.140478946149
2014 300 230 14.8532196044922 357.507637660861
2014 301 231 14.8060356140137 359.256109627724
2014 302 232 16.7508827209473 334.662232298017
2014 303 233 19.2015701293946 301.441405674338
2014 304 234 17.3237434387207 190.387323136717
2014 305 235 13.8244834899903 218.779897224873
2014 306 236 13.3265739440918 311.741386980683
2014 307 237 13.1514831542969 324.522025065958
2014 308 238 14.161580657959 306.930880658865
2014 309 239 15.4990631103516 323.261709950268
2014 310 240 15.9592948913574 309.961846090525
2014 311 241 15.4970794677735 320.110923956603
2014 312 242 16.2507835388184 313.78717080082
2014 313 243 16.8107582092285 304.170612674087
2014 314 244 14.858773803711 309.509196346253
2014 315 245 15.5321746826172 241.407861674547
2014 316 246 15.1441207885742 205.839483411506
2014 317 247 15.6654296875 179.816658332551
2014 318 248 14.6579071044922 222.414393766709
2014 319 249 13.6418586730957 247.496415866934
2014 320 250 12.9422889709473 257.286038396427
2014 321 251 12.2724586486817 260.317009074982
2014 322 252 11.1917663574219 217.501823937875
2014 323 253 13.1350303649903 122.960514296724
2014 324 254 13.1261001586914 70.7506657699347
2014 325 255 12.6216445922852 153.243550049782
2014 326 256 15.1191383361817 98.2778794858456
2014 327 257 12.4122482299805 241.864940719128
2014 328 258 11.3071762084961 272.294434939384
2014 329 259 11.4017578125 272.076979126215
2014 330 260 12.237752532959 269.276773757696
2014 331 261 12.2857376098633 251.490369243622
2014 332 262 9.9109931945801 266.023919652939
2014 333 263 14.3545204162598 149.422669303536
2014 334 264 13.0735565185547 85.4883535354733
2014 335 265 13.6254058837891 164.164803064942
2014 336 266 13.5244728088379 93.5472680606842
2014 337 267 15.1506629943848 71.3053800656795
2014 338 268 15.6935859680176 166.570043546677
2014 339 269 15.0463615417481 143.671378846526
2014 340 270 16.3786827087403 118.10563885051
2014 341 271 14.4108367919922 143.054540816665
2014 342 272 13.2343688964844 113.388337440014
2014 343 273 14.5577674865723 101.441982392907
2014 344 274 13.6662498474121 143.582628152847
2014 345 275 15.6289382934571 55.7289644946456
2014 346 276 10.7838760375977 96.1211421308518
2014 347 277 10.0724082946778 133.757504046857
2014 348 278 10.0047927856446 138.887510352135
2014 349 279 11.1255355834961 86.1140749257803
2014 350 280 11.8151908874512 141.811972639203
2014 351 281 11.783464050293 175.676261921227
2014 352 282 11.7909980773926 109.208000425935
2014 353 283 12.5687004089356 68.4696740164757
2014 354 284 13.174089050293 96.7956788156629
2014 355 285 15.2529769897461 98.379949644506
2014 356 286 14.3459945678711 123.794800596237
2014 357 287 13.3713890075684 210.201768927097
2014 358 288 11.9389320373535 162.442962593794
2014 359 289 10.0081573486328 195.779159688473
2014 360 290 9.66967926025393 253.908926481247
2014 361 291 8.20528945922854 248.193140737057
2014 362 292 8.31732330322268 240.054350562334
2014 363 293 8.05419692993166 207.840897680998
2014 364 294 7.9871650695801 227.899417833328
2014 365 295 7.48231658935549 261.839146156311
2015 1 296 7.1828323364258 249.918741300106
2015 2 297 5.53647384643557 261.081522604465
2015 3 298 5.95855102539065 256.80142237997
2015 4 299 7.67642364501955 228.093340846538
2015 5 300 7.38596496582034 221.378848686218
2015 6 301 7.48215255737307 232.001637145758
2015 7 302 8.74059829711916 249.232684112549
2015 8 303 10.3416038513184 218.709881247997
2015 9 304 10.5384155273438 176.382501141548
2015 10 305 11.0433937072754 206.984978993893
2015 11 306 9.70541915893557 230.97034603858
2015 12 307 9.69023284912112 237.242220910549
2015 13 308 10.4264045715332 251.99461242342
2015 14 309 9.23925552368166 272.301833907127
2015 15 310 9.12914810180666 228.916611084461
2015 16 311 9.60122451782229 157.814759837627
2015 17 312 10.9980369567871 113.106109914064
2015 18 313 11.3374382019043 192.684056061745
2015 19 314 12.373136138916 203.24487287426
2015 20 315 10.2308670043946 215.974514626503
2015 21 316 9.66133270263674 279.737780360222
2015 22 317 9.87227401733401 223.534387741089
2015 23 318 9.10868225097659 292.848073801994
2015 24 319 12.6000991821289 297.548662201881
2015 25 320 9.95601425170901 301.266637444496
2015 26 321 9.94504318237307 284.013455316543
2015 27 322 12.993497467041 212.663749234676
2015 28 323 12.9011093139649 253.021480782509
2015 29 324 11.7274604797364 304.227731552124
2015 30 325 11.3070579528809 303.068078434944
2015 31 326 13.416635131836 326.177057659149
2015 32 327 11.2452522277832 296.973246294975
2015 33 328 12.5148826599121 291.493667555809
2015 34 329 13.1230140686035 293.202164810181
2015 35 330 12.0860496520996 295.897697465896
2015 36 331 12.329679107666 201.350481091499
2015 37 332 15.0355735778809 114.885427335739
2015 38 333 16.4631896972656 124.963794280171
2015 39 334 15.9731918334961 166.764458984375
2015 40 335 16.104810333252 201.585071714401
2015 41 336 11.6479316711426 296.743096060753
2015 42 337 11.7993865966797 316.944092459679
2015 43 338 13.4986892700196 328.204249824524
2015 44 339 14.6879554748535 354.482353097916
2015 45 340 14.989591217041 367.557228265762
2015 46 341 15.062158203125 364.087134571075
2015 47 342 14.0458618164063 390.117378473282
2015 48 343 13.3193908691406 330.820115556717
2015 49 344 11.662484741211 372.209124603271
2015 50 345 11.6633277893067 362.011263332094
2015 51 346 12.6665473937989 369.478200544029
2015 52 347 12.0989166259766 386.912850577652
2015 53 348 12.5256362915039 383.287803718287
2015 54 349 13.3419700622559 421.990172057547
2015 55 350 10.4879928588867 432.002127021402
2015 56 351 11.2669845581055 425.163717429399
2015 57 352 12.5513778686524 424.06604121992
2015 58 353 14.3892684936524 395.052556787297
2015 59 354 11.7194381713867 358.07639961572
2015 60 355 11.1005569458008 398.367737130701
2015 61 356 11.5787368774414 367.760838546336
2015 62 357 11.6707168579102 394.782542897552
2015 63 358 11.2644515991211 446.82535016796
2015 64 359 13.0730186462403 475.148351940095
2015 65 360 13.9534698486328 487.34242995882
2015 66 361 13.3118034362793 486.333270295679
2015 67 362 13.5202041625977 475.648504203915
2015 68 363 13.9032608032227 491.68892791754
2015 69 364 13.4459548950196 402.900142722249
2015 70 365 15.3270812988281 313.792674019337
2015 71 366 14.6759315490723 437.911059372306
2015 72 367 16.111344909668 452.030520352483
2015 73 368 18.4685607910156 352.818118479609
2015 74 369 18.9528747558594 438.526307543933
2015 75 370 14.8191505432129 329.284218503594
2015 76 371 16.0238090515137 401.218191280723
2015 77 372 14.4947334289551 522.764996092319
2015 78 373 15.2829986572266 519.485192961216
2015 79 374 15.1992546081543 440.345457482338
2015 80 375 15.0765014648438 456.987812737703
2015 81 376 16.6466995239258 388.65232691431
2015 82 377 15.0988555908203 443.52342576766
2015 83 378 14.559701538086 398.035788024902
2015 84 379 15.5743041992188 498.580446870327
2015 85 380 16.9801994323731 556.310867483616
2015 86 381 17.6155410766602 567.579868832588
2015 87 382 16.1259056091309 548.781971246243
2015 88 383 17.0287071228028 584.133709400177
2015 89 384 17.2286811828614 561.188502899647
2015 90 385 15.6386390686035 558.426563500404
2015 91 386 14.4569755554199 584.744512331962
2015 92 387 13.9574752807617 587.413486322403
2015 93 388 14.1964698791504 617.068767275333
2015 94 389 13.6315818786621 612.505392429828
2015 95 390 12.0461860656739 465.809145590305
2015 96 391 10.3776718139649 502.271863447666
2015 97 392 12.9753623962403 424.446668590635
2015 98 393 11.4241310119629 484.009525121689
2015 99 394 12.5340782165528 492.565292238235
2015 100 395 13.8245864868164 619.144636886597
2015 101 396 14.4989524841309 618.564826960563
2015 102 397 15.9297348022461 624.836697044372
2015 103 398 15.9877372741699 635.60994487381
2015 104 399 13.5794807434082 646.077831054687
2015 105 400 14.9944396972656 661.750860801697
2015 106 401 18.5225616455078 667.075528945923
2015 107 402 17.7992683410645 668.000614624977
2015 108 403 16.4792228698731 640.505283378601
2015 109 404 16.3587776184082 621.269204104423
2015 110 405 15.1047645568848 608.685612330437
2015 111 406 14.2186180114746 561.617831027031
2015 112 407 13.9490371704102 583.735356637955
2015 113 408 15.1395660400391 639.60235831356
2015 114 409 15.0014053344727 666.588658723831
2015 115 410 14.5265899658203 605.135837599754
2015 116 411 15.0163780212403 611.381148010254
2015 117 412 18.6079956054688 676.405875246048
2015 118 413 17.3780265808106 682.606931966782
2015 119 414 16.7492233276367 683.868399517059
2015 120 415 19.3099914550781 697.744387332916
2015 121 416 21.9734817504883 697.199984592438
2015 122 417 17.5581642150879 667.526995006561
2015 123 418 15.3599906921387 672.528562124252
2015 124 419 13.5697761535645 644.493254413605
2015 125 420 14.1055503845215 707.269499866485
2015 126 421 14.4928375244141 705.016584751129
2015 127 422 15.5561653137207 631.914122180939
2015 128 423 15.114892578125 646.117654436111
2015 129 424 14.9140754699707 675.56048169136
2015 130 425 14.7316184997559 672.249729907989
2015 131 426 14.6084266662598 694.796578994477
2015 132 427 14.1952033996582 738.664268443788
2015 133 428 13.6819931030274 671.559217368752
2015 134 429 14.4173179626465 631.838855870107
2015 135 430 13.7583595275879 563.326323556244
2015 136 431 14.5447250366211 651.827403769025
2015 137 432 14.457608795166 532.781390243877
2015 138 433 14.0374237060547 617.887612256896
2015 139 434 14.7621971130371 671.523827721409
2015 140 435 14.8811660766602 671.417595737897
2015 141 436 14.7773834228516 578.441668647051
2015 142 437 15.4304405212403 536.959692679644
2015 143 438 15.5015312194824 528.218029562034
2015 144 439 16.2412887573242 655.753409746632
2015 145 440 14.9657569885254 695.487070559427
2015 146 441 14.6056877136231 646.215038403362
2015 147 442 14.8984657287598 674.219357140392
2015 148 443 14.9391761779785 679.119120881855
2015 149 444 15.9670654296875 709.225848790034
2015 150 445 16.3288208007813 650.366786414683
2015 151 446 15.9394393920899 631.799036069959
2015 152 447 15.7698417663574 595.986970167667
2015 153 448 17.6606803894043 612.762106936514
2015 154 449 17.6701675415039 742.745171139628
2015 155 450 16.7293907165528 654.363610159606
2015 156 451 18.9319892883301 711.15125605455
2015 157 452 18.8737731933594 662.963633233994
2015 158 453 18.673169708252 674.051163369685
2015 159 454 23.093766784668 709.137338087141
2015 160 455 23.6147819519043 640.469875626027
2015 161 456 19.4791580200196 321.330415563881
2015 162 457 19.5666938781739 561.449635618269
2015 163 458 21.5435920715332 746.308246151149
2015 164 459 21.7627578735352 752.885519401908
2015 165 460 18.0289703369141 746.299373375058
2015 166 461 16.2777801513672 758.528876219928
2015 167 462 16.9867301940918 767.142180328011
2015 168 463 18.8493095397949 735.96871857816
2015 169 464 19.1908088684082 775.653673405111
2015 170 465 18.3006568908692 772.002100684881
2015 171 466 19.6525550842285 756.218421781957
2015 172 467 18.4540115356446 718.866031290293
2015 173 468 17.1763664245606 733.671544921875
2015 174 469 18.2445503234864 759.290170967698
2015 175 470 19.4371849060059 759.63983815676
2015 176 471 21.6165824890137 753.022716638744
2015 177 472 23.3156753540039 745.945292636216
2015 178 473 19.6749130249024 680.044177516937
2015 179 474 19.8982902526856 674.697393553197
2015 180 475 18.5400749206543 730.489135302842
2015 181 476 21.9808746337891 682.301535163045
2015 182 477 24.321420288086 662.282002543151
2015 183 478 22.6313949584961 627.961565198719
2015 184 479 21.081430053711 648.919422760963
2015 185 480 21.0991493225098 723.805638794362
2015 186 481 19.7803779602051 661.405630851209
2015 187 482 19.0338760375977 696.885726478994
2015 188 483 19.890699005127 716.66182184577
2015 189 484 18.2430740356446 689.060283407211
2015 190 485 17.4942413330078 568.110996650576
2015 191 486 17.9825645446778 413.903567278296
2015 192 487 19.064038848877 623.123752849102
2015 193 488 19.3534408569336 685.78491864872
2015 194 489 19.8366943359375 708.765545502245
2015 195 490 19.6198554992676 726.762307192802
2015 196 491 19.4371810913086 722.561904069841
2015 197 492 20.7673469543457 692.083337821483
2015 198 493 20.1938110351563 710.624528965413
2015 199 494 20.216382598877 699.156330570638
2015 200 495 21.9544998168946 713.426290234029
2015 201 496 25.925382232666 647.538454604894
2015 202 497 21.9559722900391 699.001434812695
2015 203 498 19.279615020752 670.045495829642
2015 204 499 17.8775192260742 681.03564221859
2015 205 500 18.5065246582031 702.38302412045
2015 206 501 19.2901664733887 694.336261662632
2015 207 502 19.3422676086426 702.405156320512
2015 208 503 21.4720932006836 723.00892048049
2015 209 504 23.4616371154785 731.489461629212
2015 210 505 25.0396553039551 727.961801647007
2015 211 506 22.5229736328125 681.053361593395
2015 212 507 21.4440322875977 690.808623494908
2015 213 508 19.7780586242676 626.837308131471
2015 214 509 19.859693145752 663.348700599626
2015 215 510 19.6299758911133 656.377518298685
2015 216 511 18.6345649719239 615.134544802904
2015 217 512 18.769361114502 611.186403662167
2015 218 513 20.6840301513672 628.293511300105
2015 219 514 20.9407402038574 633.959010233145
2015 220 515 19.3572402954102 659.931705832967
2015 221 516 19.5614295959473 701.033028210938
2015 222 517 20.1292701721192 679.902544396073
2015 223 518 19.5974899291992 650.459717371667
2015 224 519 19.4367652893067 674.365417356491
2015 225 520 20.3950515747071 639.708575838089
2015 226 521 20.3250175476074 665.012957819938
2015 227 522 22.1987663269043 674.591162483215
2015 228 523 24.8145881652832 646.33011670208
2015 229 524 25.3988815307617 652.509040025711
2015 230 525 21.5096374511719 648.990254268646
2015 231 526 19.4076553344727 669.585171105385
2015 232 527 18.4554878234864 656.890949643135
2015 233 528 18.6052490234375 609.097263073921
2015 234 529 18.7410942077637 599.138398656845
2015 235 530 18.8047920227051 597.943337346077
2015 236 531 19.1635948181153 623.176893868446
2015 237 532 19.1709838867188 636.008316788673
2015 238 533 20.4811073303223 581.721453381538
2015 239 534 22.8260894775391 612.61605790329
2015 240 535 24.6306549072266 549.317533026695
2015 241 536 23.0399757385254 442.983440483093
2015 242 537 20.4041152954102 569.664592508316
2015 243 538 21.3467918395996 611.367896398544
2015 244 539 20.9223915100098 589.555757637024
2015 245 540 20.1138702392578 597.615798954964
2015 246 541 19.1587501525879 601.378030911446
2015 247 542 17.8401847839356 608.566124041557
2015 248 543 18.0064025878906 606.844334854126
2015 249 544 19.8755126953125 612.160160526276
2015 250 545 21.0905052185059 612.19555964756
2015 251 546 23.676587677002 611.531640393257
2015 252 547 24.3321739196778 597.540535122871
2015 253 548 25.5541320800781 566.614954731941
2015 254 549 24.5418525695801 542.82435518074
2015 255 550 21.6494842529297 466.818324469089
2015 256 551 21.5383277893067 404.794523794651
2015 257 552 19.414193725586 425.880747714043
2015 258 553 18.09267578125 460.148080454349
2015 259 554 16.8405586242676 466.176534075737
2015 260 555 18.4833274841309 431.31165707159
2015 261 556 19.1724601745606 538.8053886199
2015 262 557 20.2619491577149 547.994109201908
2015 263 558 23.0583320617676 547.662150078773
2015 264 559 25.1516624450684 537.039354310989
2015 265 560 21.9101997375489 514.058726008415
2015 266 561 17.2170730590821 529.829133831978
2015 267 562 21.243856048584 496.566535045624
2015 268 563 22.1173416137696 518.011296410084
2015 269 564 21.4655471801758 503.090709929466
2015 270 565 20.5507217407227 445.355857999802
2015 271 566 19.3414245605469 407.698089416027
2015 272 567 17.6488624572754 413.837167937517
2015 273 568 16.6047302246094 296.681136006117
2015 274 569 18.1825309753418 269.274337088108
2015 275 570 19.0688911437989 451.047905053139
2015 276 571 18.8657585144043 481.114823141098
2015 277 572 16.8118721008301 471.983651206016
2015 278 573 18.9241882324219 459.754160772562
2015 279 574 19.146932220459 399.731008466721
2015 280 575 18.9035163879395 388.997566882133
2015 281 576 20.082650756836 388.369042086959
2015 282 577 20.6789680480957 429.563323835373
2015 283 578 19.7384010314942 440.717260147571
2015 284 579 19.3890853881836 426.500419578791
2015 285 580 19.6909461975098 432.418195378303
2015 286 581 23.1817260742188 427.226318292379
2015 287 582 22.9722724914551 413.354717691421
2015 288 583 21.6549697875977 373.085504485488
2015 289 584 19.6008697509766 382.867324910521
2015 290 585 18.862378692627 339.01293243444
2015 291 586 17.7085586547852 340.747986842036
2015 292 587 17.9011436462403 338.145403214574
2015 293 588 18.2852645874024 384.465163999677
2015 294 589 19.8423934936524 400.859675004363
2015 295 590 18.0686317443848 394.472720983147
2015 296 591 18.5204597473145 376.475951165318
2015 297 592 18.0142074584961 316.08100325048
2015 298 593 18.0076766967774 314.465446960091
2015 299 594 17.0002380371094 352.548122813225
2015 300 595 17.5908561706543 220.697232643366
2015 301 596 18.1021667480469 155.110377779603
2015 302 597 16.8804183959961 310.849276007235
2015 303 598 17.7494827270508 358.461480337798
2015 304 599 18.3052993774414 351.866497194052
2015 305 600 17.9576774597168 274.067872027665
2015 306 601 16.0986915588379 167.353133496225
2015 307 602 12.2820106506348 314.553970688671
2015 308 603 12.955525970459 353.08810746777
2015 309 604 11.705094909668 290.962529121965
2015 310 605 13.2440925598145 332.046146782964
2015 311 606 13.0224014282227 325.893795370802
2015 312 607 11.8909393310547 228.903324695587
2015 313 608 11.757829284668 143.646618434712
2015 314 609 10.6056953430176 239.92447102052
2015 315 610 10.0521942138672 310.937794199504
2015 316 611 11.1163764953614 316.988359624021
2015 317 612 11.7787185668946 312.650712335527
2015 318 613 12.320817565918 311.243199067511
2015 319 614 13.1050811767578 200.562620002041
2015 320 615 10.7624259948731 301.306462420661
2015 321 616 11.1735359191895 291.290066221535
2015 322 617 10.8959480285645 264.653428369671
2015 323 618 12.5509544372559 271.580367906297
2015 324 619 13.9960800170899 281.322352465153
2015 325 620 13.7849327087403 268.008457626104
2015 326 621 13.7334609985352 258.421395622253
2015 327 622 12.3879028320313 259.780225624561
2015 328 623 11.9135032653809 130.385845919132
2015 329 624 7.93756256103518 200.606879793167
2015 330 625 6.92675552368166 253.773928459048
2015 331 626 7.58192977905276 278.724193601847
2015 332 627 6.52049407958987 280.724821809769
2015 333 628 6.8166442871094 277.66634433341
2015 334 629 6.72531661987307 222.153427617788
2015 335 630 8.15060958862307 222.914731626868
2015 336 631 10.4795585632324 171.482743164778
2015 337 632 9.56767807006838 150.688641378641
2015 338 633 10.4702774047852 150.688645662784
2015 339 634 8.95744094848635 200.739668583393
2015 340 635 11.1142631530762 127.840799346208
2015 341 636 13.1061416625977 150.471761278748
2015 342 637 11.8959899902344 119.895841965675
2015 343 638 13.9273124694824 104.072318575621
2015 344 639 14.9315773010254 138.05638034904
2015 345 640 11.1948524475098 217.762685986638
2015 346 641 9.33565292358401 221.201817798614
2015 347 642 11.8959976196289 96.7824330631494
2015 348 643 8.38305816650393 231.873287988186
2015 349 644 8.12571868896487 255.809959190369
2015 350 645 7.10626373291018 253.658849687815
2015 351 646 8.00907287597659 196.03466020751
2015 352 647 8.81780014038088 179.117875197291
2015 353 648 11.9628616333008 174.90417087996
2015 354 649 7.40937576293948 157.637714837551
2015 355 650 11.3937545776367 28.2654629535376
2015 356 651 14.3517166137696 125.641000206858
2015 357 652 11.3640190124512 232.970975506544
2015 358 653 9.36771163940432 153.463841461897
2015 359 654 5.72442016601565 228.195143687248
2015 360 655 5.58393249511721 257.195340549707
2015 361 656 5.22112426757815 237.963678731441
2015 362 657 6.3492141723633 206.692852072477
2015 363 658 5.44345626831057 248.329749975204
2015 364 659 5.56220397949221 201.921452073574
2015 365 660 7.29104003906252 193.32142017889
2016 1 661 4.72411880493166 264.966473598003
2016 2 662 5.8622756958008 247.268226171732
2016 3 663 7.61872253417971 203.024811545849
2016 4 664 8.72861633300784 143.499587592363
2016 5 665 11.3780418395996 108.436839610815
2016 6 666 9.88164291381838 103.506077791929
2016 7 667 8.68694458007815 175.5095219872
2016 8 668 7.60091934204104 232.128806651831
2016 9 669 9.17521438598635 144.732273510933
2016 10 670 9.51314315795901 197.978337406516
2016 11 671 9.89420471191409 212.20993042326
2016 12 672 9.90928039550784 235.048099867821
2016 13 673 13.1332336425781 220.731961926222
2016 14 674 8.52008209228518 206.340176595688
2016 15 675 11.5974746704102 187.947698592186
2016 16 676 12.0017677307129 115.138771922588
2016 17 677 13.61123046875 121.204328746319
2016 18 678 13.763028717041 182.278205916047
2016 19 679 13.9051986694336 99.5543362460136
2016 20 680 11.1667800903321 215.133680912495
2016 21 681 11.5503593444824 272.055570253372
2016 22 682 13.9849716186524 123.456101255417
2016 23 683 13.2328964233399 157.624366958618
2016 24 684 9.82301864624026 232.693975643635
2016 25 685 11.0803161621094 226.316906149387
2016 26 686 10.5480819702149 288.561180438042
2016 27 687 11.4163566589356 275.170672765732
2016 28 688 10.3711639404297 295.458908437729
2016 29 689 13.3388381958008 157.392957186222
2016 30 690 13.0932403564453 175.242520937085
2016 31 691 10.3175674438477 292.245898631096
2016 32 692 9.94361267089846 341.393384610176
2016 33 693 8.51232681274416 228.724440033913
2016 34 694 7.92670593261721 256.462230614662
2016 35 695 10.1331039428711 279.353807199478
2016 36 696 9.9136787414551 346.653456943512
2016 37 697 10.9452644348145 349.951016589165
2016 38 698 12.5130630493164 347.636936001778
2016 39 699 12.9730621337891 358.054740041733
2016 40 700 13.9749198913574 360.78714052391
2016 41 701 12.1669746398926 359.300785683632
2016 42 702 13.6346908569336 338.331679661751
2016 43 703 13.235196685791 320.032656467438
2016 44 704 13.1202522277832 361.743908703804
2016 45 705 13.8884483337403 367.164201953888
2016 46 706 17.3157058715821 373.567974262237
2016 47 707 15.4373985290528 389.606331569672
2016 48 708 16.9097229003906 287.51984125042
2016 49 709 12.7695518493653 299.76220956707
2016 50 710 11.547006225586 299.882366872889
2016 51 711 10.6370635986328 287.408590164475
2016 52 712 10.0378356933594 400.006318723306
2016 53 713 11.3656936645508 422.261523974281
2016 54 714 14.2826972961426 413.921945245653
2016 55 715 13.3970428466797 432.795023926571
2016 56 716 15.0284973144531 417.299607820928
2016 57 717 13.8708549499512 406.423440548643
2016 58 718 13.9843383789063 412.626947547421
2016 59 719 12.0411315917969 393.317739299133
2016 60 720 13.6786590576172 407.936497116238
2016 61 721 15.042310333252 449.581017329186
2016 62 722 14.7648941040039 455.183754545122
2016 63 723 15.341928100586 302.125237391129
2016 64 724 16.2985626220703 189.901315523758
2016 65 725 16.0401893615723 122.917636014871
2016 66 726 13.771199798584 295.352108395696
2016 67 727 11.7444511413574 324.576250666618
2016 68 728 10.4268508911133 465.721703324437
2016 69 729 12.512223815918 252.546103153229
2016 70 730 15.9407402038574 170.90806728065
2016 71 731 13.8122344970703 109.918741887256
2016 72 732 12.023755645752 248.536503242016
2016 73 733 13.5712409973145 115.73064390175
2016 74 734 13.7471252441406 330.014331932306
2016 75 735 11.2924133300781 506.867811643839
2016 76 736 13.4412170410156 531.650720376968
2016 77 737 15.2234169006348 538.548443840504
2016 78 738 14.5197196960449 540.065937095403
2016 79 739 13.9039436340332 495.453165798187
2016 80 740 15.5732856750489 434.276923934936
2016 81 741 14.6116271972656 288.463272639751
2016 82 742 11.8763557434082 422.087974350929
2016 83 743 11.9266067504883 544.91659576416
2016 84 744 13.1774078369141 549.731675125599
2016 85 745 14.1669059753418 566.344073633909
2016 86 746 14.8034187316895 576.539372619629
2016 87 747 15.4654594421387 559.081426579475
2016 88 748 12.8281723022461 582.809656058311
2016 89 749 11.2838302612305 575.271082696915
2016 90 750 12.4123588562012 601.816240824222
2016 91 751 13.7866912841797 600.725948997497
2016 92 752 13.0963798522949 601.380133669853
2016 93 753 13.5373283386231 584.055698676109
2016 94 754 13.8945213317871 594.522443258762
2016 95 755 14.9265266418457 608.082057161331
2016 96 756 16.4557968139649 621.979875964165
2016 97 757 19.7431884765625 628.156693505287
2016 98 758 20.4115196228028 586.930490982055
2016 99 759 15.9334083557129 596.996735186577
2016 100 760 15.3519760131836 531.73079404211
2016 101 761 13.963826751709 535.958452822685
2016 102 762 14.0348030090332 610.178077871322
2016 103 763 14.5793853759766 640.959773540497
2016 104 764 13.9437232971192 636.772185613632
2016 105 765 14.2156997680664 616.212482923984
2016 106 766 13.6899658203125 640.492505542755
2016 107 767 17.1978240966797 669.302788594246
2016 108 768 18.3336807250977 668.813269259453
2016 109 769 19.7729278564453 669.734450823784
2016 110 770 18.7649971008301 656.588691730499
2016 111 771 17.5464340209961 653.90526556015
2016 112 772 17.1750007629395 554.40431730175
2016 113 773 16.4547477722168 433.796328218937
2016 114 774 13.9523063659668 590.499517141342
2016 115 775 15.4240051269531 662.525220233917
2016 116 776 13.7343498229981 687.575117038727
2016 117 777 14.0919586181641 694.873353984833
2016 118 778 13.7060752868653 568.925162453651
2016 119 779 14.6537109375 661.136770671844
2016 120 780 15.6869827270508 689.724551441192
2016 121 781 17.7786308288574 702.091512729645
2016 122 782 20.6772132873535 714.583073038101
2016 123 783 18.4323020935059 707.596354810715
2016 124 784 16.6243530273438 643.919116693497
2016 125 785 17.248910522461 500.010128540993
2016 126 786 15.9595809936524 584.051238126755
2016 127 787 14.5494438171387 658.030544904709
2016 128 788 14.4594131469727 585.973701633453
2016 129 789 15.5718208312989 560.941602672577
2016 130 790 15.6783882141114 703.577868577957
2016 131 791 16.2219291687012 719.567244199855
2016 132 792 16.9777732849121 722.526609529597
2016 133 793 16.7958274841309 722.984965873532
2016 134 794 16.3756118774414 727.848971348217
2016 135 795 15.9438796997071 654.239043790444
2016 136 796 17.4245811462403 642.699771642906
2016 137 797 17.9739814758301 735.52104377184
2016 138 798 21.4045768737793 743.348866106476
2016 139 799 22.7755714416504 746.722065639876
2016 140 800 19.8342758178711 744.541511274531
2016 141 801 15.1570449829102 727.288268396795
2016 142 802 13.8044906616211 599.444305147648
2016 143 803 14.4093757629395 641.969959626131
2016 144 804 15.0645042419434 645.863850989148
2016 145 805 15.7154556274414 683.249561579734
2016 146 806 15.9905715942383 594.767193381339
2016 147 807 16.7445274353028 633.158661584154
2016 148 808 18.0210891723633 719.967755794823
2016 149 809 21.7048278808594 730.897343721315
2016 150 810 20.6669593811035 730.852841850489
2016 151 811 19.2859207153321 746.397216344178
2016 152 812 21.2165657043457 738.342431355238
2016 153 813 21.5563827514649 757.429141353518
2016 154 814 19.349568939209 762.333214218765
2016 155 815 23.2271934509278 760.490857988834
2016 156 816 23.649919128418 617.970289472401
2016 157 817 20.2676826477051 651.386486015737
2016 158 818 19.1634422302246 715.419718875885
2016 159 819 18.0744758605957 693.271323554337
2016 160 820 17.116586303711 678.999667905658
2016 161 821 17.4702239990235 729.11729038775
2016 162 822 17.8600784301758 748.413138629198
2016 163 823 18.3412185668946 748.938267953336
2016 164 824 21.338208770752 763.512497375727
2016 165 825 18.3257232666016 765.608518652737
2016 166 826 17.0451942443848 747.638827393591
2016 167 827 15.737435913086 707.080124282539
2016 168 828 15.6844650268555 621.525964728653
2016 169 829 18.8234153747559 512.875511173308
2016 170 830 18.1048370361328 562.330056833803
2016 171 831 21.4583869934082 750.825100932002
2016 172 832 21.6956115722656 750.994222156763
2016 173 833 22.3802772521973 764.478190308452
2016 174 834 20.9600807189942 770.570446733177
2016 175 835 19.1295143127442 766.29830172205
2016 176 836 19.7572227478028 760.811242553413
2016 177 837 22.4365936279297 770.490334510744
2016 178 838 22.2741218566895 768.091699422181
2016 179 839 23.4765563964844 758.194573166311
2016 180 840 23.4147888183594 763.521401400864
2016 181 841 20.8746543884278 762.609114726365
2016 182 842 19.5262847900391 770.530399316251
2016 183 843 21.0404830932617 758.626228213608
2016 184 844 19.4517456054688 716.550047850192
2016 185 845 18.6198974609375 707.209187758028
2016 186 846 18.1986442565918 685.910753581107
2016 187 847 17.0165077209473 700.898870258868
2016 188 848 17.0280281066895 743.259848130286
2016 189 849 16.8944450378418 727.368371861935
2016 190 850 17.0227867126465 715.134898372114
2016 191 851 20.1114898681641 676.071487580597
2016 192 852 18.0457969665528 732.121144090116
2016 193 853 20.8350845336914 750.491351603925
2016 194 854 19.3330284118653 746.704267898321
2016 195 855 20.2404571533203 756.810572498202
2016 196 856 22.1966491699219 755.760340940833
2016 197 857 20.3604331970215 704.592483782768
2016 198 858 19.3089576721192 738.631709510267
2016 199 859 17.7939163208008 739.050007165313
2016 200 860 17.2200218200684 720.822192924321
2016 201 861 17.5929122924805 729.05498111242
2016 202 862 18.2463737487793 739.437191732585
2016 203 863 18.7633186340332 724.622633675664
2016 204 864 18.9033905029297 744.617163120866
2016 205 865 22.1566558837891 743.713771903217
2016 206 866 22.4037185668946 740.620917231291
2016 207 867 20.710294342041 730.585809992343
2016 208 868 21.8474098205567 733.562970362425
2016 209 869 24.0071083068848 717.520199095696
2016 210 870 21.4948211669922 702.367411236927
2016 211 871 21.4016510009766 698.433482167184
2016 212 872 21.0352493286133 690.138399209991
2016 213 873 19.4266258239746 703.155093268484
2016 214 874 18.8768020629883 698.442382144436
2016 215 875 18.1946578979492 693.618410980269
2016 216 876 19.8552070617676 706.492698094487
2016 217 877 17.5455986022949 690.254108246453
2016 218 878 16.6067596435547 647.127693443321
2016 219 879 17.4247871398926 697.748157918606
2016 220 880 17.1837936401367 705.531463675361
2016 221 881 19.0610557556153 704.730454480752
2016 222 882 19.7339797973633 691.019540892055
2016 223 883 19.808724975586 672.230999315364
2016 224 884 18.9546943664551 669.120337191684
2016 225 885 19.0803161621094 673.405834746361
2016 226 886 20.0681472778321 661.096702338219
2016 227 887 20.7802291870117 669.463009510994
2016 228 888 19.1163269042969 662.169203881264
2016 229 889 18.5891204833985 631.596653038978
2016 230 890 19.5269142150879 643.158154029846
2016 231 891 19.8776145935059 653.722812458992
2016 232 892 19.2141052246094 635.081121294975
2016 233 893 18.4825454711914 626.959597982406
2016 234 894 17.638558959961 628.058789235115
2016 235 895 17.0437217712403 598.785702767372
2016 236 896 17.6620079040528 622.513888900757
2016 237 897 17.4859252929688 612.180648812294
2016 238 898 17.2294441223145 618.014790319442
2016 239 899 17.3665786743164 577.629673014641
2016 240 900 17.9231010437012 579.276221554756
2016 241 901 17.3437629699707 614.654927131653
2016 242 902 17.3858467102051 613.257582679748
2016 243 903 18.885385131836 609.497193408966
2016 244 904 19.4911094665528 608.326807756424
2016 245 905 18.6818748474121 608.451415848732
2016 246 906 18.3590141296387 600.160801930427
2016 247 907 18.8472724914551 593.396559776306
2016 248 908 17.0148330688477 600.868360981941
2016 249 909 17.9689498901367 591.331686301231
2016 250 910 19.2972274780274 597.557445897102
2016 251 911 21.4420677185059 593.102856038093
2016 252 912 21.2439895629883 546.318405805588
2016 253 913 17.7545600891114 552.25936108923
2016 254 914 18.1312194824219 546.865761580944
2016 255 915 17.2434669494629 522.176317485332
2016 256 916 15.9162498474121 523.836231040955
2016 257 917 15.6365142822266 524.450357460022
2016 258 918 17.4788070678711 546.07364462614
2016 259 919 17.7978950500489 549.197661180973
2016 260 920 17.5173316955567 554.604582359314
2016 261 921 18.7691856384278 548.734849700451
2016 262 922 20.9954620361328 541.703594525814
2016 263 923 23.6086708068848 529.002867213726
2016 264 924 21.8723236083985 483.482271555424
2016 265 925 18.7530647277832 478.426886523724
2016 266 926 16.4233413696289 529.919592260837
2016 267 927 17.0012145996094 508.18950039053
2016 268 928 19.543660736084 503.975212673664
2016 269 929 22.142839050293 511.264568338394
2016 270 930 23.8978134155274 509.431097075462
2016 271 931 23.628564453125 505.62621269083
2016 272 932 20.5206085205078 499.987873171806
2016 273 933 17.5631843566895 500.682102993011
2016 274 934 16.0686698913574 486.704167683601
2016 275 935 15.2343078613281 488.684489807606
2016 276 936 16.0092063903809 447.947792254686
2016 277 937 14.1013771057129 254.188205256462
2016 278 938 16.2690330505371 395.404861512422
2016 279 939 15.8146949768067 466.269064013958
2016 280 940 16.5703254699707 466.344719467163
2016 281 941 17.3244949340821 450.221818116903
2016 282 942 19.1979881286621 439.915278574467
2016 283 943 19.5907684326172 454.195809235811
2016 284 944 17.8001991271973 412.684809204578
2016 285 945 16.1000686645508 394.341278295994
2016 286 946 15.2839256286621 391.159410054088
2016 287 947 15.1934791564942 377.248250176549
2016 288 948 18.1320549011231 146.405531086609
2016 289 949 16.9013458251953 178.228569550276
2016 290 950 17.255818939209 142.409298600733
2016 291 951 16.3672386169434 270.738321517348
2016 292 952 15.0695358276367 382.165654666185
2016 293 953 15.9591575622559 393.024029937983
2016 294 954 17.2286010742188 390.589798531532
2016 295 955 17.6747871398926 398.266302915335
2016 296 956 16.6438194274903 372.593377619386
2016 297 957 15.0255599975586 353.346486742198
2016 298 958 17.4067817687989 256.747041290104
2016 299 959 18.029874420166 148.8175183855
2016 300 960 17.3653274536133 291.640678946257
2016 301 961 16.6645408630371 217.790413278043
2016 302 962 16.9545303344727 99.8079990171417
2016 303 963 17.7767501831055 191.240809280872
2016 304 964 16.9758888244629 161.620602389842
2016 305 965 14.9068466186524 263.137462947428
2016 306 966 15.3838020324707 283.225451989978
2016 307 967 14.1543594360352 300.189413389325
2016 308 968 14.92275390625 339.978219854087
2016 309 969 15.6966033935547 332.234951284289
2016 310 970 14.5551010131836 308.097340744466
2016 311 971 16.3335319519043 201.600767240941
2016 312 972 16.8869033813477 200.074367708579
2016 313 973 16.9005142211914 239.048791123241
2016 314 974 16.1687522888184 299.513006282136
2016 315 975 17.7254539489746 269.834934071951
2016 316 976 17.0908332824707 262.136174649723
2016 317 977 17.5349174499512 268.393084646366
2016 318 978 15.6044822692871 256.302029949155
2016 319 979 14.9395080566406 250.276518975172
2016 320 980 15.2018562316895 192.366699360831
2016 321 981 13.0377593994141 240.214726322517
2016 322 982 10.0344902038574 297.363583162954
2016 323 983 10.8960624694824 292.481763847214
2016 324 984 14.0040222167969 136.325939333916
2016 325 985 13.98916015625 82.3189034503697
2016 326 986 12.7802253723145 191.676928657651
2016 327 987 11.1826988220215 203.883691080093
2016 328 988 12.227685546875 245.345753844738
2016 329 989 9.86531219482424 261.579907344103
2016 330 990 9.07073364257815 183.964812835455
2016 331 991 11.0788436889649 97.2046604747771
2016 332 992 11.4174018859864 221.866751764893
2016 333 993 11.8801246643067 182.847824116826
2016 334 994 10.165975189209 238.105358127355
2016 335 995 8.82053146362307 162.274772666216
2016 336 996 9.26964340209963 220.93667468071
2016 337 997 11.3372169494629 264.48585746932
2016 338 998 10.6556983947754 257.183159217834
2016 339 999 9.51209411621096 243.61909308219
2016 340 1000 9.9034133911133 178.081711632967
2016 341 1001 8.10740051269534 200.719639582753
2016 342 1002 6.56703338623049 164.749058797836
2016 343 1003 9.15741882324221 64.0376816281079
2016 344 1004 13.1677795410156 89.6305004348158
2016 345 1005 15.5615631103516 65.403879097104
2016 346 1006 10.6697288513184 127.910707431972
2016 347 1007 9.65279541015627 193.109875853658
2016 348 1008 10.1014839172364 124.088026904464
2016 349 1009 12.6177536010742 87.8949418213367
2016 350 1010 15.1597724914551 52.1023743159174
2016 351 1011 11.8931137084961 167.841911745079
2016 352 1012 6.64010009765627 251.357908064365
2016 353 1013 6.26888046264651 255.545507835626
2016 354 1014 6.44601211547854 247.512983067036
2016 355 1015 6.76614913940432 236.734710441351
2016 356 1016 9.19552001953127 225.471380542278
2016 357 1017 9.99491653442385 242.573312749863
2016 358 1018 8.93547592163088 122.6016784904
2016 359 1019 7.13087997436526 184.859292089701
2016 360 1020 5.42719802856448 226.000943765879
2016 361 1021 5.08926162719729 250.378879223108
2016 362 1022 6.65559158325198 231.99974733448
2016 363 1023 6.77012786865237 233.953367148399
2016 364 1024 7.06450424194338 245.514861587047
2016 365 1025 8.26526794433596 227.789900510311
2016 366 1026 9.40049896240237 180.88975622797
2017 1 1027 8.76449356079104 217.094696166038
2017 2 1028 7.98201522827151 190.85699891758
2017 3 1029 8.74383697509768 105.142694931507
2017 4 1030 12.1512466430664 40.1285179029703
2017 5 1031 7.73936996459963 177.952319853485
2017 6 1032 4.94425354003909 266.611672884941
2017 7 1033 8.22921142578127 119.305700449705
2017 8 1034 14.4955459594727 35.9519025495052
2017 9 1035 13.7647109985352 126.909278978199
2017 10 1036 12.8986068725586 58.2941110715866
2017 11 1037 11.9247146606446 127.667857043505
2017 12 1038 8.65173110961916 150.072535937309
2017 13 1039 7.69146118164065 226.831206481934
2017 14 1040 8.34423980712893 265.875406040192
2017 15 1041 6.93893966674807 235.528022721291
2017 16 1042 7.11654052734377 268.5348818326
2017 17 1043 6.89371261596682 221.222230482101
2017 18 1044 8.42580947875979 129.91234020853
2017 19 1045 10.7087760925293 110.568722759604
2017 20 1046 10.597055053711 172.713711393833
2017 21 1047 9.96162185668948 191.936840458393
2017 22 1048 11.2940307617188 186.519740911245
2017 23 1049 8.75869903564455 194.975591974258
2017 24 1050 7.77695617675784 250.46299636364
2017 25 1051 7.32015762329104 267.651362929344
2017 26 1052 8.70150146484377 274.4740528965
2017 27 1053 8.87517318725588 303.995943263054
2017 28 1054 8.34361801147463 316.275907206535
2017 29 1055 8.65462265014651 291.76952808857
2017 30 1056 8.56355056762698 301.590823115349
2017 31 1057 8.63293609619143 307.043615373611
2017 32 1058 9.42696914672854 210.129213177681
2017 33 1059 11.936483001709 184.395731388092
2017 34 1060 14.938306427002 145.744202809811
2017 35 1061 13.5970207214356 169.188574520111
2017 36 1062 11.6944480895996 195.787713358879
2017 37 1063 13.4353233337403 154.927401382923
2017 38 1064 14.6613822937012 102.380596766949
2017 39 1065 15.5654808044434 95.7408498053551
2017 40 1066 16.3917251586914 35.621700933218
2017 41 1067 14.0048843383789 120.390010730147
2017 42 1068 11.572396850586 343.941504426002
2017 43 1069 11.8049331665039 378.086221452713
2017 44 1070 10.4500175476074 307.913752124786
2017 45 1071 12.1683860778809 327.248436252594
2017 46 1072 12.4166160583496 270.614259401321
2017 47 1073 15.2990814208985 236.652499492645
2017 48 1074 12.6982933044434 164.248927891731
2017 49 1075 12.853173828125 149.046230061054
2017 50 1076 10.7626739501953 162.245404358864
2017 51 1077 12.7982498168946 58.5439948265552
2017 52 1078 13.3494239807129 181.120483730834
2017 53 1079 9.95047149658205 322.982577481702
2017 54 1080 7.34163436889651 410.829809616804
2017 55 1081 6.94203338623049 429.13373530452
2017 56 1082 7.98511657714846 397.260274567291
2017 57 1083 8.53856430053713 384.708125870377
2017 58 1084 8.91647872924807 432.248350259304
2017 59 1085 8.17944107055666 449.851693764865
2017 60 1086 9.50110778808596 456.049701782018
2017 61 1087 10.6765609741211 465.30428905347
2017 62 1088 11.2828727722168 444.845121003568
2017 63 1089 11.8563514709473 336.088040913999
2017 64 1090 10.645581817627 347.596045270115
2017 65 1091 8.45533905029299 360.277606804967
2017 66 1092 8.66742477416994 356.685533969998
2017 67 1093 11.2729698181153 434.83642443794
2017 68 1094 14.0362716674805 464.541244012594
2017 69 1095 14.8131614685059 353.071152340054
2017 70 1096 14.7423263549805 438.41063384378
2017 71 1097 14.7066055297852 496.512869470716
2017 72 1098 14.1601768493653 514.23225876689
2017 73 1099 17.4207664489746 503.121377970338
2017 74 1100 16.309529876709 480.127685046315
2017 75 1101 14.3894058227539 418.263821149111
2017 76 1102 13.7298141479492 487.401060225964
2017 77 1103 16.0540824890137 390.776705881834
2017 78 1104 14.9509025573731 310.872182125211
2017 79 1105 15.0878196716309 301.581896472454
2017 80 1106 15.9811759948731 248.169420883834
2017 81 1107 13.7876335144043 417.924702214241
2017 82 1108 11.0714126586914 461.332937943459
2017 83 1109 12.6830078125 249.48577401337
2017 84 1110 12.7197738647461 300.979491721868
2017 85 1111 12.766446685791 317.511923920631
2017 86 1112 13.8743682861328 423.136533580303
2017 87 1113 14.238858795166 539.82739372015
2017 88 1114 16.1600204467774 553.852079618931
2017 89 1115 15.6955810546875 579.014396379948
2017 90 1116 14.6591011047364 576.006874757767
2017 91 1117 17.193189239502 588.313588892937
2017 92 1118 17.2146697998047 589.589797424793
2017 93 1119 16.9282356262207 602.641721176147
2017 94 1120 14.7635971069336 589.621025806427
2017 95 1121 15.9326492309571 449.842764916897
2017 96 1122 15.4549919128418 296.843048277497
2017 97 1123 13.5984741210938 267.214067303181
2017 98 1124 11.4144226074219 433.774421125412
2017 99 1125 9.66425476074221 590.816896568298
2017 100 1126 11.6281639099121 579.661407380104
2017 101 1127 14.5017448425293 353.63339664793
2017 102 1128 15.6825691223145 326.909319837809
2017 103 1129 14.1783500671387 494.607515194893
2017 104 1130 10.9074378967285 586.310087536812
2017 105 1131 12.2867218017578 636.795344181061
2017 106 1132 13.4844795227051 427.371152833939
2017 107 1133 13.9834037780762 199.286075848103
2017 108 1134 14.6256538391114 331.634778194427
2017 109 1135 13.8731323242188 581.972818694115
2017 110 1136 15.8977561950684 559.523534054756
2017 111 1137 15.6148315429688 672.341189818382
2017 112 1138 15.8126693725586 550.014588366509
2017 113 1139 15.0882392883301 544.713478979111
2017 114 1140 14.4065452575684 434.109077242851
2017 115 1141 14.3668952941895 487.847288039207
2017 116 1142 15.8089576721192 353.245185713291
2017 117 1143 15.4318710327149 476.227736400604
2017 118 1144 16.2973571777344 689.324305591583
2017 119 1145 18.4708648681641 704.674244392395
2017 120 1146 17.9758544921875 697.084048614502
2017 121 1147 20.1157165527344 690.082875183105
2017 122 1148 23.0714965820313 684.406967758179
2017 123 1149 23.4508529663086 688.440798280716
2017 124 1150 21.1067596435547 669.632648487091
2017 125 1151 16.4255882263184 675.576283628464
2017 126 1152 14.2962661743164 583.757700714111
2017 127 1153 16.4270378112793 602.904985319137
2017 128 1154 17.6198402404785 690.22120160675
2017 129 1155 18.9119735717774 677.918939956665
2017 130 1156 17.7559257507324 694.313044471741
2017 131 1157 14.0269790649414 601.499387724272
2017 132 1158 14.8061462402344 710.176136862358
2017 133 1159 13.8225418090821 736.949304294078
2017 134 1160 13.7246452331543 702.875986563843
2017 135 1161 14.6653076171875 695.098393917132
2017 136 1162 14.5709281921387 605.858953962993
2017 137 1163 14.9721733093262 590.61164106245
2017 138 1164 16.8927169799805 740.853735762358
2017 139 1165 20.166520690918 738.033630193137
2017 140 1166 21.0388198852539 735.240289290339
2017 141 1167 22.3672958374024 731.929320945091
2017 142 1168 20.9268928527832 742.571678883634
2017 143 1169 19.7791038513184 715.624472833753
2017 144 1170 16.9579826354981 674.973885445848
2017 145 1171 15.1943832397461 609.77677021566
2017 146 1172 15.0475517272949 588.737512258351
2017 147 1173 15.5588737487793 683.773346848369
2017 148 1174 15.6456008911133 690.903930172354
2017 149 1175 15.878133392334 702.911682350248
2017 150 1176 15.3719802856446 678.325000081956
2017 151 1177 16.2058654785156 538.305788695574
2017 152 1178 17.7997108459473 704.116472635776
2017 153 1179 18.4968887329102 743.910331617713
2017 154 1180 19.0926643371582 655.630254687726
2017 155 1181 18.3539787292481 751.616544866771
2017 156 1182 17.9983726501465 763.45919652003
2017 157 1183 18.9272552490235 750.416226155966
2017 158 1184 16.985440826416 705.008920796514
2017 159 1185 16.2504707336426 276.272325069845
2017 160 1186 18.2808738708496 331.050227170646
2017 161 1187 16.0507751464844 699.877393305302
2017 162 1188 15.7375007629395 735.110880468786
2017 163 1189 15.0242134094239 613.86858198911
2017 164 1190 16.9693351745606 695.325949484289
2017 165 1191 19.1791969299317 748.158346568882
2017 166 1192 20.3178840637207 741.143767989635
2017 167 1193 23.1476951599121 694.223803747654
2017 168 1194 25.1481605529785 730.367564038217
2017 169 1195 28.4351821899414 735.450003372788
2017 170 1196 27.0666404724121 742.14777118212
2017 171 1197 23.8066726684571 739.644475099146
2017 172 1198 22.5277610778809 739.086704823077
2017 173 1199 26.2550598144531 740.349498504758
2017 174 1200 22.8143936157227 712.91592009908
2017 175 1201 19.6876235961914 683.599305851877
2017 176 1202 18.017163848877 662.542217352539
2017 177 1203 17.6764274597168 727.105702584863
2017 178 1204 17.8209854125977 732.687915792584
2017 179 1205 17.6729141235352 745.48549001044
2017 180 1206 18.1780410766602 755.467421893895
2017 181 1207 18.3285804748535 755.391559289753
2017 182 1208 18.2028175354004 758.091178136289
2017 183 1209 19.3898406982422 745.623802762628
2017 184 1210 18.9956108093262 735.753440117896
2017 185 1211 18.9121757507324 745.945107284009
2017 186 1212 18.7552314758301 729.341253940821
2017 187 1213 20.2891860961914 699.194698666334
2017 188 1214 22.9570899963379 745.472108425379
2017 189 1215 26.324235534668 746.944624411285
2017 190 1216 20.9644752502442 750.500989099622
2017 191 1217 21.2288070678711 758.238440464139
2017 192 1218 20.4597640991211 746.101270234883
2017 193 1219 19.4146171569824 734.521871793747
2017 194 1220 19.5273681640625 743.803239245892
2017 195 1221 19.6545806884766 738.671701989353
2017 196 1222 21.4101272583008 742.013896424532
2017 197 1223 25.5157485961914 738.618165946782
2017 198 1224 24.881551361084 740.519068241537
2017 199 1225 20.4729820251465 749.90751842618
2017 200 1226 18.839486694336 756.828383950591
2017 201 1227 20.0320831298828 749.314045043647
2017 202 1228 20.0845352172852 741.665865431756
2017 203 1229 20.8040138244629 740.090710819155
2017 204 1230 22.6361709594727 715.771716040462
2017 205 1231 20.481031036377 705.972741527051
2017 206 1232 19.3557640075684 685.152159513265
2017 207 1233 19.6655288696289 692.00608340624
2017 208 1234 20.6373687744141 724.450701044768
2017 209 1235 21.9821563720703 723.745668346345
2017 210 1236 19.3978973388672 712.483082092673
2017 211 1237 18.845059967041 706.450206668228
2017 212 1238 20.2148376464844 685.348483946383
2017 213 1239 20.6788688659668 692.425535669446
2017 214 1240 22.7272430419922 685.808100101665
2017 215 1241 24.1703353881836 587.559490742259
2017 216 1242 23.3197227478028 517.382558289766
2017 217 1243 21.3471351623535 500.823361267075
2017 218 1244 19.5399757385254 637.290641518071
2017 219 1245 19.0106826782227 608.473795265134
2017 220 1246 18.9510055541992 623.265967554253
2017 221 1247 19.4265914916992 609.0271044583
2017 222 1248 18.6309143066406 644.947772429816
2017 223 1249 18.7983871459961 655.264368872992
2017 224 1250 20.1632133483887 684.937969697952
2017 225 1251 18.9260154724121 677.959082884788
2017 226 1252 18.730859375 611.525940970421
2017 227 1253 17.3918586730957 607.947245751381
2017 228 1254 17.9380699157715 626.599223899841
2017 229 1255 19.6766830444336 612.949377367973
2017 230 1256 19.7619720458985 621.833609258652
2017 231 1257 19.3642288208008 622.056734505653
2017 232 1258 19.2140937805176 592.918583436012
2017 233 1259 19.233716583252 614.140788588524
2017 234 1260 19.125089263916 609.227907272339
2017 235 1261 20.3738571166992 608.371159225464
2017 236 1262 19.1294265747071 647.156561238289
2017 237 1263 18.9733062744141 628.834799826622
2017 238 1264 20.7121215820313 626.532308603287
2017 239 1265 24.9346328735352 619.098274390221
2017 240 1266 24.3107620239258 625.738022359848
2017 241 1267 22.0816970825196 615.10015245533
2017 242 1268 19.6417785644531 633.765502171516
2017 243 1269 20.971078491211 631.382708963394
2017 244 1270 28.3606353759766 612.405000836372
2017 245 1271 29.1947227478028 602.775569913864
2017 246 1272 29.3661209106446 599.129950325966
2017 247 1273 25.387296295166 516.659685945511
2017 248 1274 24.438794708252 491.720475278854
2017 249 1275 22.2462821960449 515.847548936367
2017 250 1276 20.7763420104981 438.531104587555
2017 251 1277 19.2039772033692 469.998501104355
2017 252 1278 20.8690658569336 540.059422929287
2017 253 1279 22.8288513183594 564.6595184412
2017 254 1280 26.1891723632813 548.885643989563
2017 255 1281 24.6471649169922 501.082159836292
2017 256 1282 20.9429946899414 450.757522030115
2017 257 1283 18.5324073791504 519.319146617412
2017 258 1284 17.6673332214356 550.068135623455
2017 259 1285 18.9068084716797 518.225900747776
2017 260 1286 18.4797492980957 527.101218091965
2017 261 1287 19.7497802734375 479.739473481655
2017 262 1288 17.6413208007813 490.10070717144
2017 263 1289 18.6864677429199 420.062082549095
2017 264 1290 17.0224090576172 462.94377587986
2017 265 1291 15.6373420715332 525.035212090969
2017 266 1292 17.1341300964356 510.724975934982
2017 267 1293 18.4855323791504 525.869657895088
2017 268 1294 19.0864768981934 508.922234076977
2017 269 1295 20.8279777526856 509.613871235371
2017 270 1296 23.0816131591797 506.75806877327
2017 271 1297 21.5596328735352 503.01429794693
2017 272 1298 19.3150764465332 440.793442802429
2017 273 1299 18.0943962097168 444.69786976409
2017 274 1300 19.7452445983887 479.266493460655
2017 275 1301 19.8561378479004 495.575815280914
2017 276 1302 16.4255920410156 491.042215736389
2017 277 1303 16.9216285705567 482.876396144629
2017 278 1304 16.8508049011231 477.624402697802
2017 279 1305 18.470662689209 474.549955194712
2017 280 1306 18.8688140869141 468.525987827539
2017 281 1307 18.7459426879883 455.166181083202
2017 282 1308 21.3896804809571 463.363239388943
2017 283 1309 18.4171768188477 452.051560914993
2017 284 1310 16.4536834716797 416.764529455662
2017 285 1311 15.5704360961914 442.823747020006
2017 286 1312 15.3151870727539 446.652308353424
2017 287 1313 17.2904602050781 439.253987264156
2017 288 1314 17.6421485900879 430.4009953475
2017 289 1315 19.4109016418457 398.790808959603
2017 290 1316 18.3506790161133 373.128728720784
2017 291 1317 14.8606582641602 393.913622244596
2017 292 1318 14.6944175720215 343.950434219003
2017 293 1319 14.9763046264649 317.895680606127
2017 294 1320 12.3410316467285 354.338425408721
2017 295 1321 14.7456336975098 375.435672807217
2017 296 1322 19.2225662231446 374.806501988411
2017 297 1323 22.0771499633789 378.76892982614
2017 298 1324 22.0649620056153 374.819889936686
2017 299 1325 20.1091056823731 373.722192589998
2017 300 1326 19.4156471252442 372.142581901193
2017 301 1327 17.6066223144531 367.983805721044
2017 302 1328 15.5520606994629 353.481682150006
2017 303 1329 14.8092437744141 334.865403390884
2017 304 1330 12.9386764526367 347.265841543257
2017 305 1331 13.2633033752442 335.01712897718
2017 306 1332 13.9637886047364 319.167398442119
2017 307 1333 15.5691925048828 184.435896870971
2017 308 1334 14.7609191894531 95.3704894789159
2017 309 1335 11.091641998291 282.684493984342
2017 310 1336 11.329549407959 322.085686538205
2017 311 1337 11.7570167541504 325.414478629127
2017 312 1338 12.3536277770996 197.519051303536
2017 313 1339 16.3339019775391 173.258102471046
2017 314 1340 14.659928894043 190.357230935127
2017 315 1341 12.7701583862305 221.628291961938
2017 316 1342 12.4775329589844 253.644535088763
2017 317 1343 14.1872344970703 211.284924079612
2017 318 1344 14.4548660278321 253.760555206016
2017 319 1345 12.3542457580567 195.439668818681
2017 320 1346 15.2530265808106 101.059783378951
2017 321 1347 12.6425415039063 219.914810608713
2017 322 1348 10.9045463562012 298.538671702465
2017 323 1349 10.9460578918457 285.647399031989
2017 324 1350 13.6577392578125 166.703137267113
2017 325 1351 14.3578010559082 177.198212890387
2017 326 1352 14.3999343872071 234.885471010447
2017 327 1353 14.625447845459 218.665394450426
2017 328 1354 15.5264488220215 211.146591529012
2017 329 1355 15.6158653259278 226.492082506895
2017 330 1356 16.4167190551758 90.5602411507368
2017 331 1357 13.0000091552735 193.293348580956
2017 332 1358 10.3376785278321 245.755377432346
2017 333 1359 10.6672683715821 264.202088407755
2017 334 1360 11.7355438232422 258.851921797752
2017 335 1361 10.4421745300293 244.947722645283
2017 336 1362 9.83937225341799 195.046992769003
2017 337 1363 11.8350807189942 241.511827881694
2017 338 1364 10.5474868774414 268.021723350286
2017 339 1365 11.5242820739746 266.995428562403
2017 340 1366 10.3259101867676 261.399825642347
2017 341 1367 9.45877609252932 260.476156754732
2017 342 1368 9.82326660156252 255.349092458963
2017 343 1369 9.8389602661133 244.604132324696
2017 344 1370 9.59610519409182 249.106479546785
2017 345 1371 9.3538642883301 244.38994808507
2017 346 1372 10.2003494262696 254.827013633966
2017 347 1373 9.21591720581057 254.461123842716
2017 348 1374 9.76089248657229 254.019358090878
2017 349 1375 9.70121536254885 213.770360623836
2017 350 1376 11.4538665771485 224.091424294591
2017 351 1377 12.7621017456055 247.339459632874
2017 352 1378 9.26506958007815 244.224843496799
2017 353 1379 9.37223968505862 220.396720645189
2017 354 1380 11.4464317321778 227.875364383936
2017 355 1381 7.50849685668948 254.693155067921
2017 356 1382 6.88524398803713 232.248308549166
2017 357 1383 8.30995712280276 215.898830444336
2017 358 1384 9.15932998657229 154.445483882666
2017 359 1385 9.17730102539065 166.189981556892
2017 360 1386 8.99970016479494 211.699904153824
2017 361 1387 8.2779479980469 220.213775119543
2017 362 1388 8.71575317382815 221.458723012686
2017 363 1389 9.10212860107424 232.748082863331
2017 364 1390 9.23161468505862 216.871585283518
2017 365 1391 9.0397659301758 184.105694876671
2018 1 1392 10.1184593200684 198.59094534874
2018 2 1393 11.0106254577637 200.130168031216
2018 3 1394 10.9076515197754 135.936550511837
2018 4 1395 12.2321678161621 105.86830975759
2018 5 1396 15.4530616760254 144.37113911891
2018 6 1397 12.0919815063477 127.759986288309
2018 7 1398 9.67351303100588 185.556482254028
2018 8 1399 10.5809799194336 65.9730657334327
2018 9 1400 13.4754119873047 104.658289288938
2018 10 1401 11.4766670227051 101.793375776768
2018 11 1402 11.8523498535156 108.537487496853
2018 12 1403 11.2184158325196 166.129345806599
2018 13 1404 10.5510040283203 233.712818542004
2018 14 1405 9.55690155029299 221.25222049427
2018 15 1406 9.67889175415041 194.662814725399
2018 16 1407 12.1552444458008 155.301400301695
2018 17 1408 12.264005279541 138.690245959043
2018 18 1409 11.6199546813965 135.380471716404
2018 19 1410 10.7856727600098 204.316324298143
2018 20 1411 8.14866027832034 279.048721752167
2018 21 1412 7.23975524902346 254.848220396042
2018 22 1413 11.2719703674317 157.20986247158
2018 23 1414 10.3831115722656 196.046332482338
2018 24 1415 8.76067123413088 228.30329361248
2018 25 1416 9.41795883178713 193.97327308017
2018 26 1417 8.03618774414065 253.322344080448
2018 27 1418 8.97074279785159 252.815198771477
2018 28 1419 10.6248184204102 288.235135952949
2018 29 1420 10.6169563293457 238.321585651398
2018 30 1421 10.1676689147949 238.637438915253
2018 31 1422 11.0244804382324 317.938573198318
2018 32 1423 12.829907989502 289.765459209442
2018 33 1424 14.1134620666504 305.994035510063
2018 34 1425 16.0154472351074 319.548983728409
2018 35 1426 17.608731842041 297.310320685387
2018 36 1427 14.6632438659668 315.18489413166
2018 37 1428 15.138990020752 344.034203209877
2018 38 1429 16.5734878540039 350.386836957931
2018 39 1430 15.6672683715821 351.076363293648
2018 40 1431 14.5458045959473 343.113339176178
2018 41 1432 14.1533676147461 339.007254810333
2018 42 1433 12.532373046875 350.066528184891
2018 43 1434 9.43180999755862 308.943460618973
2018 44 1435 10.4941421508789 381.900865116119
2018 45 1436 11.2926460266114 356.401379209518
2018 46 1437 10.2421012878418 383.778196935654
2018 47 1438 10.3944869995117 396.327753458023
2018 48 1439 11.0106254577637 393.654133440018
2018 49 1440 12.6721435546875 347.860022943497
2018 50 1441 7.65016326904299 394.855269331496
2018 51 1442 5.44466171264651 391.033893518612
2018 52 1443 7.39916000366213 407.502687625177
2018 53 1444 8.75116119384768 416.186398256276
2018 54 1445 6.48673019409182 416.084081826307
2018 55 1446 6.34922943115237 420.808525352821
2018 56 1447 8.9670120239258 401.408085009769
2018 57 1448 10.6982170104981 281.050611108754
2018 58 1449 8.47223815917971 406.430572718203
2018 59 1450 7.96175537109377 391.234083209902
2018 60 1451 12.0624099731446 181.521586424883
2018 61 1452 9.0350395202637 324.322351251691
2018 62 1453 7.58566055297854 364.128621649206
2018 63 1454 7.47297439575198 347.8956167413
2018 64 1455 9.00505981445315 447.015357127547
2018 65 1456 10.9978080749512 443.198454460502
2018 66 1457 13.8248268127442 320.403119077802
2018 67 1458 14.6572471618653 366.348485668898
2018 68 1459 13.3875366210938 377.518987251759
2018 69 1460 13.2711311340332 271.552801322937
2018 70 1461 12.0127922058106 387.150243093371
2018 71 1462 14.8131385803223 462.674511415958
2018 72 1463 16.2009101867676 195.339001120448
2018 73 1464 11.5560585021973 285.081063863754
2018 74 1465 9.83354721069338 331.769342636108
2018 75 1466 10.1906219482422 287.474419879556
2018 76 1467 9.48433456420901 364.440025767088
2018 77 1468 8.60828933715823 408.081015733719
2018 78 1469 11.0495010375977 454.733711670637
2018 79 1470 13.1061340332031 339.372040930629
2018 80 1471 13.7340637207031 139.624456170618
2018 81 1472 15.5678115844727 189.471269345581
2018 82 1473 9.59969863891604 480.544623808861
2018 83 1474 11.0922981262207 436.142918902874
2018 84 1475 9.70122299194338 526.000645833015
2018 85 1476 10.4283920288086 547.994629347324
2018 86 1477 13.7539115905762 572.582180887222
2018 87 1478 15.8655410766602 562.643935800552
2018 88 1479 18.1583038330078 576.910667235851
2018 89 1480 17.7942024230957 557.50580027008
2018 90 1481 17.349252319336 523.189116717338
2018 91 1482 15.3622947692871 576.786113073349
2018 92 1483 15.7388015747071 578.156285471439
2018 93 1484 14.7273345947266 601.52046860075
2018 94 1485 15.0922637939453 556.393624534607
2018 95 1486 14.2389694213867 382.964087456465
2018 96 1487 14.2373176574707 151.359924729019
2018 97 1488 16.6524711608887 263.300598656774
2018 98 1489 13.5330863952637 580.322781349182
2018 99 1490 14.9119659423828 605.835614630699
2018 100 1491 17.8274856567383 551.531292078972
2018 101 1492 12.7178359985352 423.673439573765
2018 102 1493 11.4816261291504 522.56631314373
2018 103 1494 12.1943183898926 617.958120677948
2018 104 1495 15.5246025085449 636.691262680054
2018 105 1496 15.7121292114258 638.515211048126
2018 106 1497 10.6277099609375 427.610467103004
2018 107 1498 10.3448616027832 523.89645500946
2018 108 1499 11.7977615356446 456.281840583324
2018 109 1500 11.8368354797364 601.373645964622
2018 110 1501 15.067456817627 643.866887440681
2018 111 1502 16.4606071472168 655.940455465317
2018 112 1503 18.4256416320801 664.597471508026
2018 113 1504 19.4007164001465 663.547590242386
2018 114 1505 17.0684753417969 643.644445640564
2018 115 1506 15.2417579650879 624.893511842728
2018 116 1507 14.1709419250489 638.372852489471
2018 117 1508 13.9710098266602 613.847587859154
2018 118 1509 14.0779014587403 530.458169070244
2018 119 1510 13.9809432983399 499.215499566078
2018 120 1511 13.8577018737793 494.588936124802
2018 121 1512 14.7132736206055 636.740202718735
2018 122 1513 16.1326766967774 682.476494415283
2018 123 1514 15.3358322143555 655.322101352692
2018 124 1515 15.523152923584 674.344397836685
2018 125 1516 16.9595123291016 580.211554904938
2018 126 1517 14.9493995666504 614.652790100097
2018 127 1518 16.782113647461 676.782252872467
2018 128 1519 17.7762084960938 690.221534257889
2018 129 1520 17.9143272399903 675.140710227966
2018 130 1521 16.5449615478516 697.935452066421
2018 131 1522 17.8992286682129 677.987840240996
2018 132 1523 22.9817977905274 736.549488849286
2018 133 1524 16.2720352172852 651.954493949536
2018 134 1525 14.6113410949707 663.093832928903
2018 135 1526 14.6824699401856 592.018200809289
2018 136 1527 14.8898445129395 532.09526461634
2018 137 1528 15.2986083984375 589.086544988606
2018 138 1529 15.9081436157227 647.145526647188
2018 139 1530 15.7046905517578 708.380820639707
2018 140 1531 14.5017601013184 678.401559662685
2018 141 1532 15.6633354187012 671.630742104396
2018 142 1533 16.0154472351074 655.571224325687
2018 143 1534 14.5989356994629 539.791378217727
2018 144 1535 14.2085739135742 634.71162271139
2018 145 1536 13.895337677002 371.855892471343
2018 146 1537 15.1346565246582 339.274179155379
2018 147 1538 17.6804862976074 569.984178080141
2018 148 1539 21.6583267211914 737.256806709036
2018 149 1540 23.7383323669434 732.492338217974
2018 150 1541 18.1510673522949 722.020300292581
2018 151 1542 14.4676452636719 698.264633489549
2018 152 1543 15.9850555419922 748.160396531522
2018 153 1544 21.4740997314453 745.900506011605
2018 154 1545 23.6024795532227 744.672655378938
2018 155 1546 21.4360595703125 745.228747436315
2018 156 1547 17.5349250793457 737.795082510114
2018 157 1548 16.3530860900879 736.069023323208
2018 158 1549 15.691251373291 735.957820221245
2018 159 1550 17.4509788513184 752.818102041542
2018 160 1551 18.5970436096192 692.81507487756
2018 161 1552 17.3810897827149 748.974475076675
2018 162 1553 18.9474998474121 753.138388196826
2018 163 1554 22.5500770568848 753.423119930625
2018 164 1555 21.6622520446778 754.864445084154
2018 165 1556 20.191781616211 755.780872572303
2018 166 1557 18.2912498474121 748.849920599162
2018 167 1558 16.7080894470215 716.79315213716
2018 168 1559 16.085336303711 685.461506706774
2018 169 1560 18.6280570983887 692.975240226447
2018 170 1561 18.4918075561524 716.895473422229
2018 171 1562 17.5163131713867 746.340912240922
2018 172 1563 17.5692497253418 772.263018314302
2018 173 1564 21.1230255126953 768.161393300772
2018 174 1565 25.030160522461 761.564082544088
2018 175 1566 23.7534194946289 725.663707907915
2018 176 1567 18.2716041564942 678.686267912447
2018 177 1568 18.977067565918 759.326444054246
2018 178 1569 18.0172897338867 696.365091662347
2018 179 1570 17.6734519958496 753.827940993428
2018 180 1571 20.6003356933594 749.07235792613
2018 181 1572 24.2969909667969 755.745301455259
2018 182 1573 22.0797058105469 726.139704280913
2018 183 1574 19.2630210876465 697.063506335676
2018 184 1575 18.3365303039551 746.616727097154
2018 185 1576 18.1915870666504 722.322798274755
2018 186 1577 18.0456176757813 713.376607589483
2018 187 1578 22.1948638916016 608.131104114592
2018 188 1579 23.7918754577637 687.294343916476
2018 189 1580 22.0112663269043 748.26270137304
2018 190 1581 22.0892082214356 753.690023768484
2018 191 1582 24.1791435241699 743.947530961275
2018 192 1583 20.9096504211426 724.035507094145
2018 193 1584 21.0928436279297 672.529375166476
2018 194 1585 21.7354522705078 586.404036471546
2018 195 1586 21.2117286682129 671.848730427146
2018 196 1587 19.1488891601563 683.352864343166
2018 197 1588 19.2411018371582 706.530197328091
2018 198 1589 20.005689239502 730.913092311382
2018 199 1590 20.9962860107422 745.033020956218
2018 200 1591 20.8075157165528 708.710010528743
2018 201 1592 20.7628494262696 698.260185414612
2018 202 1593 21.8380027770996 639.916503905237
2018 203 1594 20.6226631164551 617.873599000871
2018 204 1595 20.5585723876953 678.50386559099
2018 205 1596 20.4239707946778 699.857246333211
2018 206 1597 21.488370513916 723.479415383279
2018 207 1598 21.6959548950196 704.603914633512
2018 208 1599 19.5553756713867 718.087721531302
2018 209 1600 19.1067100524903 721.682188635438
2018 210 1601 19.0262847900391 713.518991663992
2018 211 1602 19.0008522033692 659.423712631762
2018 212 1603 19.6345649719239 677.022485003516
2018 213 1604 19.2270446777344 701.022798589915
2018 214 1605 18.6545310974121 716.624114957213
2018 215 1606 19.0928550720215 712.566947776034
2018 216 1607 22.0943885803223 701.445406298026
2018 217 1608 20.0685516357422 702.263948014997
2018 218 1609 20.4078384399414 704.519410762407
2018 219 1610 20.0836502075196 699.541386603765
2018 220 1611 18.4202667236328 694.6390256279
2018 221 1612 19.9562774658203 692.735000566646
2018 222 1613 21.9370399475098 686.813879689816
2018 223 1614 23.0616088867188 679.709448990386
2018 224 1615 21.361833190918 673.316756819725
2018 225 1616 19.7499328613281 664.081424757004
2018 226 1617 17.5773139953614 631.775517539978
2018 227 1618 17.8713203430176 618.091577290535
2018 228 1619 18.3524528503418 643.328605481148
2018 229 1620 19.3858352661133 656.007189315796
2018 230 1621 20.5174270629883 666.016582432747
2018 231 1622 19.8692375183106 676.742207723617
2018 232 1623 18.7620407104492 674.064145300865
2018 233 1624 16.7719818115235 630.369779191017
2018 234 1625 17.2008033752442 582.386936096191
2018 235 1626 17.7470603942871 607.930934757233
2018 236 1627 16.6532989501953 581.012310709
2018 237 1628 17.6641479492188 627.727282215118
2018 238 1629 17.1259437561035 631.49082763958
2018 239 1630 17.3637252807617 569.988625966072
2018 240 1631 17.4784790039063 525.088688785553
2018 241 1632 17.6697326660156 572.786807706833
2018 242 1633 18.015641784668 530.814052362442
2018 243 1634 18.1802230834961 591.648956860542
2018 244 1635 18.5130935668946 610.733545798302
2018 245 1636 19.1236625671387 609.857179398536
2018 246 1637 18.675611114502 583.757113030434
2018 247 1638 18.0061355590821 579.023761517524
2018 248 1639 18.3524490356446 576.536999708176
2018 249 1640 16.3735557556153 553.995815655708
2018 250 1641 18.4624420166016 596.133163759231
2018 251 1642 20.0344367980957 588.236881556511
2018 252 1643 19.6436630249024 579.086051955223
2018 253 1644 19.4974800109864 585.643330667496
2018 254 1645 19.9728218078614 579.606545143127
2018 255 1646 17.9782119750977 572.93807073164
2018 256 1647 17.5127998352051 541.125951872349
2018 257 1648 16.5767990112305 541.739883740902
2018 258 1649 17.3556610107422 539.67126491642
2018 259 1650 16.0979515075684 554.026953314304
2018 260 1651 16.5433059692383 537.540374806881
2018 261 1652 16.1519065856934 520.364240730762
2018 262 1653 16.7215324401856 539.711301496983
2018 263 1654 19.8928123474121 541.904461883545
