Year DOY_disc DOY TA_C PAR_umol_m2_day
2018 93 1 13.2781539916992 601.702850131511
2018 94 2 13.8175941467285 553.74225635767
2018 95 3 13.1497589111328 394.890848721504
2018 96 4 13.9468170166016 176.899465392291
2018 97 5 15.7226806640625 280.619096835732
2018 98 6 13.2113700866699 602.045391592979
2018 99 7 13.8014656066895 604.64338186264
2018 100 8 16.7277313232422 577.182044538498
2018 101 9 12.2741333007813 470.077019877434
2018 102 10 11.0083595275879 531.601452727318
2018 103 11 11.6797004699707 629.448903060913
2018 104 12 14.8284393310547 635.521285281181
2018 105 13 14.5970779418946 639.903164657593
2018 106 14 9.85132751464846 457.545248094559
2018 107 15 9.8790336608887 561.731983793259
2018 108 16 11.1280647277832 509.038042538643
2018 109 17 10.9868484497071 610.23085045433
2018 110 18 13.6550804138184 646.580546559334
2018 111 19 14.8362899780274 652.025658608436
2018 112 20 16.9969383239746 668.974913519859
2018 113 21 17.3449188232422 665.927611357689
2018 114 22 14.899560546875 636.69125360775
2018 115 23 13.6267524719239 614.594950131416
2018 116 24 13.089803314209 623.919264357567
2018 117 25 13.0286003112793 621.712747019768
2018 118 26 13.4295059204102 577.035239542961
2018 119 27 13.0523811340332 502.080396004677
2018 120 28 12.5549140930176 499.553579974174
2018 121 29 12.6626373291016 635.183193784714
2018 122 30 13.7524620056153 667.208818224907
2018 123 31 13.4607292175293 633.995395357132
2018 124 32 14.0396553039551 674.927186502456
2018 125 33 14.9026733398438 576.670456320763
2018 126 34 13.5306106567383 605.381852269172
2018 127 35 14.7908111572266 672.400362407684
2018 128 36 15.4055038452149 682.529869802475
2018 129 37 15.8239837646485 652.025654576301
2018 130 38 14.3473068237305 702.597606155395
2018 131 39 15.3035713195801 678.010078304291
2018 132 40 20.5207382202149 725.441283161681
2018 133 41 14.805493927002 625.769897564452
2018 134 42 13.5980163574219 644.169398039028
2018 135 43 13.7452331542969 546.219637658365
2018 136 44 13.9393745422364 542.803089877892
2018 137 45 14.0216651916504 608.028788302831
2018 138 46 14.093408203125 640.2412741451
2018 139 47 13.7843032836914 677.814337487276
2018 140 48 12.8421035766602 637.954678944643
2018 141 49 13.4406715393067 629.80925733719
2018 142 50 13.8277221679688 607.717385350488
2018 143 51 13.4578338623047 533.363114548072
2018 144 52 13.2932601928711 617.637808912307
2018 145 53 13.1344619750977 407.160144840665
2018 146 54 14.003263092041 382.181133481219
2018 147 55 15.721639251709 591.733486759394
2018 148 56 18.9171157836914 726.264269027769
2018 149 57 20.6092315673828 731.331268293604
2018 150 58 15.607511138916 707.046233400255
2018 151 59 12.9986167907715 694.421022936731
2018 152 60 14.1477905273438 743.21352327767
2018 153 61 19.0903717041016 746.091778368562
2018 154 62 20.8978630065918 744.801680486142
2018 155 63 18.3950439453125 743.088959570348
2018 156 64 15.1454063415528 738.72487117064
2018 157 65 14.1151176452637 721.281811426431
2018 158 66 13.9881759643555 726.993853175759
2018 159 67 15.3827644348145 746.5677699534
2018 160 68 16.1411567687989 660.905117427796
2018 161 69 15.1638084411621 745.571306569874
2018 162 70 16.5062957763672 747.995785186767
2018 163 71 19.4720512390137 749.859750667751
2018 164 72 18.4078575134278 754.588657759845
2018 165 73 17.3267112731934 750.918532871425
2018 166 74 16.4180084228516 738.511330686569
2018 167 75 15.2291389465332 693.135394927978
2018 168 76 15.0800682067871 665.829733800411
2018 169 77 16.9452415466309 679.384700667381
2018 170 78 16.1182075500489 687.52122453022
2018 171 79 15.3672576904297 723.741905797362
2018 172 80 15.571118927002 749.628434138477
2018 173 81 18.2759452819824 767.022558600664
2018 174 82 21.7705932617188 762.47607033658
2018 175 83 20.8106094360352 710.956559469938
2018 176 84 17.2613807678223 637.945786263823
2018 177 85 17.3709617614746 753.031638115466
2018 178 86 16.7457214355469 662.484369603097
2018 179 87 16.1920143127442 738.960636971891
2018 180 88 17.6999145507813 741.652070584357
2018 181 89 20.8579574584961 750.780606511176
2018 182 90 19.6870819091797 702.855614788413
2018 183 91 17.7518135070801 669.820142954051
2018 184 92 16.894792175293 739.641279821157
2018 185 93 17.046762084961 715.59646877408
2018 186 94 17.4042526245117 697.864259934664
2018 187 95 20.7394844055176 617.495476531029
2018 188 96 22.0333877563477 689.251732390582
2018 189 97 19.9451194763184 743.467095144629
2018 190 98 20.1785446166992 751.265530724108
2018 191 99 21.5855422973633 741.127114453017
2018 192 100 18.8017364501953 702.686573387325
2018 193 101 18.9555603027344 630.583321943164
2018 194 102 19.9744773864746 599.135981265902
2018 195 103 19.2772880554199 680.234373640358
2018 196 104 17.6250663757324 662.604497867405
2018 197 105 17.8928199768067 677.502928427666
2018 198 106 18.5747161865235 717.153500105351
2018 199 107 19.1879631042481 726.130809832096
2018 200 108 19.2617774963379 693.98063239494
2018 201 109 19.6957679748535 679.220089574635
2018 202 110 20.9328056335449 628.078724362612
2018 203 111 19.5754333496094 624.599910671949
2018 204 112 19.1968589782715 652.159109928846
2018 205 113 18.8056694030762 684.47836250472
2018 206 114 19.6442848205567 711.512632217169
2018 207 115 19.2867980957031 698.371408425242
2018 208 116 17.9410034179688 706.098668064505
2018 209 117 17.4334045410156 715.70325884603
2018 210 118 17.4209953308106 706.819346832812
2018 211 119 17.4119010925293 668.650166752219
2018 212 120 17.9006820678711 679.304616795897
2018 213 121 17.4679351806641 699.879496599227
2018 214 122 17.1445594787598 705.778367143102
2018 215 123 17.6990867614746 710.026787552222
2018 216 124 20.4241806030274 702.419658988737
2018 217 125 18.5743041992188 700.600170658126
2018 218 126 18.8414360046387 703.30937157819
2018 219 127 18.3400436401367 695.533186008781
2018 220 128 17.1871543884278 686.609251362093
2018 221 129 18.776513671875 679.362454878453
2018 222 130 20.4303871154785 682.756754176658
2018 223 131 21.0318428039551 675.816896245003
2018 224 132 19.9008728027344 663.618767505646
2018 225 133 18.6599021911621 644.983494492531
2018 226 134 16.5648056030274 620.280297792435
2018 227 135 17.0407615661621 598.740067063331
2018 228 136 17.5105186462403 628.981814493179
2018 229 137 18.4804321289063 647.924037816047
2018 230 138 19.4784637451172 663.142793120384
2018 231 139 18.7709327697754 672.604995275497
2018 232 140 17.7799354553223 661.861576172829
2018 233 141 16.090291595459 600.448334486008
2018 234 142 16.9471031188965 574.321577400208
2018 235 143 17.3717933654785 607.659558966636
2018 236 144 16.4519172668457 561.985554683685
2018 237 145 16.9510322570801 614.563824065208
2018 238 146 16.3340660095215 614.51934155178
2018 239 147 16.8112617492676 549.284749752998
2018 240 148 16.9832893371582 493.64137734127
2018 241 149 17.1489044189453 558.266506893158
2018 242 150 17.8574653625489 545.837049528122
2018 243 151 17.4156204223633 578.66788729763
2018 244 152 17.0961776733399 610.813626015663
2018 245 153 17.5624214172364 606.769836119652
2018 246 154 17.4648300170899 570.798268595695
2018 247 155 17.3184410095215 565.611174881935
2018 248 156 17.5165191650391 555.397143352985
2018 249 157 15.9474235534668 550.476965384483
2018 250 158 17.3225761413574 590.309926153183
2018 251 159 18.5527969360352 592.627664895057
2018 252 160 18.1169525146485 584.780287449837
2018 253 161 17.8620162963867 590.238754938125
2018 254 162 18.3578239440918 583.276648862839
2018 255 163 16.5439201354981 574.370518950939
2018 256 164 16.2397781372071 552.83473919487
2018 257 165 15.8086868286133 526.347623651028
2018 258 166 16.2075210571289 536.281421292782
2018 259 167 15.4737373352051 553.671063469887
2018 260 168 15.5961395263672 526.543374733448
2018 261 169 15.0312705993653 503.886546024799
2018 262 170 15.3821426391602 538.95503123045
2018 263 171 18.6501785278321 543.835169090271
2018 264 172 19.8940483093262 541.30389956665
2018 265 173 17.5235496520996 532.299893609524
2018 266 174 16.8447624206543 527.802345384121
2018 267 175 16.9094749450684 512.66367936945
2018 268 176 17.2400871276856 514.113926440716
2018 269 177 17.0783973693848 513.090748997211
2018 270 178 17.3190704345703 488.948083577633
2018 271 179 15.8643013000489 415.37675905633
2018 272 180 16.4591537475586 455.725758259773
2018 273 181 17.5431953430176 369.493668916464
2018 274 182 18.1498313903809 350.867280964851
2018 275 183 19.4526191711426 375.125624305725
2018 276 184 19.5963150024414 397.622305432081
2018 277 185 18.097314453125 255.502166038394
2018 278 186 15.6273628234864 418.255003373861
2018 279 187 16.9092727661133 438.465115926027
2018 280 188 18.7301994323731 469.578763410091
2018 281 189 19.7255340576172 462.452073647976
2018 282 190 17.8436141967774 439.248059269667
2018 283 191 15.3984771728516 395.976316854715
2018 284 192 14.7130714416504 384.881440988064
2018 285 193 16.563981628418 398.903496926784
2018 286 194 18.1979995727539 437.868985429525
2018 287 195 15.7199913024903 417.196242338896
2018 288 196 17.1792961120606 438.17595010376
2018 289 197 16.9669548034668 433.651691251993
2018 290 198 16.0958763122559 415.937277358413
2018 291 199 14.939469909668 418.508581572533
2018 292 200 15.8086868286133 410.959276557803
2018 293 201 16.6090560913086 410.078456160903
2018 294 202 15.272348022461 394.588346486688
2018 295 203 14.1726013183594 374.066849788308
2018 296 204 13.8992668151856 361.668544194341
2018 297 205 13.7911277770996 346.156191499352
2018 298 206 15.6928993225098 365.667847040772
2018 299 207 16.3340660095215 366.11716277641
2018 300 208 16.8230491638184 355.391524885118
2018 301 209 16.8854881286621 302.226055934131
2018 302 210 15.2773185729981 316.466090792537
2018 303 211 14.9369903564453 359.341909491599
2018 304 212 15.2018524169922 362.255755482197
2018 305 213 17.1402145385742 336.587208517849
2018 306 214 17.8874450683594 347.268347452164
2018 307 215 17.5163208007813 345.729120391041
2018 308 216 16.6876197814942 328.717591453969
2018 309 217 15.4824195861817 340.168346675187
2018 310 218 14.4682708740235 344.229939423799
2018 311 219 14.653524017334 339.011713249117
2018 312 220 14.6007972717285 343.246797033057
2018 313 221 13.8562599182129 344.923930656016
2018 314 222 11.2690750122071 339.634510916278
2018 315 223 11.4446197509766 335.003509937167
2018 316 224 11.9298797607422 329.531689687282
2018 317 225 11.8517280578614 248.544531585082
2018 318 226 11.1944328308106 277.175852773689
2018 319 227 10.5257736206055 307.898046135958
2018 320 228 10.7315040588379 308.952366526298
2018 321 229 11.1845108032227 301.927991512783
2018 322 230 10.0731788635254 286.224354498312
2018 323 231 10.5088211059571 251.20924854267
2018 324 232 11.0472236633301 259.755049898904
2018 325 233 13.2591377258301 116.500521442652
2018 326 234 13.0862823486328 178.242944741607
2018 327 235 13.8099494934082 144.041941252232
2018 328 236 14.7779899597168 95.4095993299483
2018 329 237 11.61953125 243.054926579952
2018 330 238 11.7510314941406 245.488315774202
2018 331 239 13.046590423584 182.860620979309
2018 332 240 14.9119735717774 131.741502001166
2018 333 241 13.8099418640137 129.953155243158
2018 334 242 12.0727554321289 222.235371689558
2018 335 243 11.076993560791 140.772201574087
2018 336 244 9.39314804077151 252.877485681057
2018 337 245 8.85764465332034 250.221656450748
2018 338 246 10.5658851623535 141.252650369167
2018 339 247 10.8565879821778 113.911420959651
2018 340 248 11.4946495056153 202.278851070523
2018 341 249 10.5600982666016 226.234684616327
2018 342 250 10.2764183044434 224.255051483393
2018 343 251 9.62492141723635 171.06732388711
2018 344 252 9.10244140625002 133.979156871557
2018 345 253 9.27384338378909 217.915760952115
2018 346 254 11.2790046691895 221.310057942867
2018 347 255 10.1891761779785 252.401480298757
2018 348 256 11.5585380554199 173.500711065292
2018 349 257 12.3022552490235 156.320139372587
2018 350 258 12.9109550476074 161.560613639712
2018 351 259 12.5805603027344 156.253404703081
2018 352 260 10.8809867858887 193.346019982576
2018 353 261 11.9307075500489 156.373522824049
2018 354 262 10.3628517150879 150.977338969231
2018 355 263 11.9937721252442 131.180968200564
2018 356 264 10.6756721496582 184.93812536931
2018 357 265 10.3847709655762 208.858368771434
2018 358 266 11.6685348510742 118.893876576424
2018 359 267 11.1280647277832 176.410117360234
2018 360 268 10.2288642883301 251.88988754487
2018 361 269 10.1349998474121 254.007429271459
2018 362 270 9.99213180541994 259.430307624102
2018 363 271 8.16313705444338 253.340136128187
2018 364 272 8.30311355590823 247.641450920582
2018 365 273 9.55442199707034 261.427738600969
2019 1 274 7.91034469604494 268.697108232498
2019 2 275 6.60361251831057 259.512590647221
2019 3 276 6.80415496826174 260.96230799675
2019 4 277 6.98925552368166 236.852415014505
2019 5 278 9.86382446289065 149.271705034733
2019 6 279 9.74149856567385 73.3824081597328
2019 7 280 11.8253227233887 115.491089515895
2019 8 281 12.4620491027832 120.732367595434
2019 9 282 14.0112319946289 120.362139226913
2019 10 283 10.4873062133789 159.977308255196
2019 11 284 11.2690254211426 199.356063127518
2019 12 285 12.0772071838379 202.518671246529
2019 13 286 10.6022163391114 242.156145541668
2019 14 287 11.236531829834 144.454193287849
2019 15 288 10.4080940246582 59.8576694529056
2019 16 289 12.7131248474121 68.8503703114986
2019 17 290 13.7611595153809 103.251022225291
2019 18 291 12.5593086242676 182.396608426571
2019 19 292 13.5319458007813 209.909995573521
2019 20 293 14.156022644043 160.909581718922
2019 21 294 9.98354873657229 230.460285243988
2019 22 295 9.98775634765627 282.328896847725
2019 23 296 9.14608154296877 299.622904342651
2019 24 297 10.203141784668 305.042601844788
2019 25 298 10.777490234375 279.924600263596
2019 26 299 11.1873985290528 284.00610977459
2019 27 300 11.9510704040528 269.303756049156
2019 28 301 12.6323066711426 255.239274993896
2019 29 302 12.923299407959 244.680884014607
2019 30 303 11.4172225952149 260.520698490143
2019 31 304 12.771688079834 223.912023393631
2019 32 305 12.3212677001953 143.281035542488
2019 33 306 12.3302894592285 186.348756336093
2019 34 307 11.780404663086 219.946490181923
2019 35 308 9.86963806152346 233.172367797852
2019 36 309 5.9229675292969 295.728745968819
2019 37 310 6.08080062866213 308.713737791061
2019 38 311 7.21787033081057 299.729953495026
2019 39 312 8.8500801086426 286.446085713387
2019 40 313 7.91154632568362 209.722646452427
2019 41 314 7.95927200317385 306.898240777969
2019 42 315 7.31052551269534 360.27903506279
2019 43 316 6.90422210693362 235.268880428314
2019 44 317 10.2925811767578 95.2307471773624
2019 45 318 14.0637718200684 186.201556317329
2019 46 319 9.39374313354494 236.535704669952
2019 47 320 8.25848159790041 306.675214318275
2019 48 321 7.9382148742676 338.283496656418
2019 49 322 7.0981498718262 392.36012365227
2019 50 323 7.60091171264651 419.69955968705
2019 51 324 9.52149353027346 326.926632913979
2019 52 325 7.91154251098635 387.622908034915
2019 53 326 8.03667984008791 428.683328781858
2019 54 327 7.1717468261719 418.066947597481
2019 55 328 9.79403457641604 362.63426106393
2019 56 329 10.5169883728028 312.746172147475
2019 57 330 12.0806137084961 207.086389937855
2019 58 331 12.965406036377 183.971223945871
2019 59 332 10.6505523681641 334.701573398292
2019 60 333 9.75132141113284 323.273343919814
2019 61 334 11.9909759521485 187.530838865787
2019 62 335 12.5711380004883 203.20561317271
2019 63 336 11.5525909423828 286.455013773829
2019 64 337 11.0442100524903 199.873492428333
2019 65 338 12.9331184387207 164.759138465963
2019 66 339 10.7361846923828 304.32889605546
2019 67 340 8.72273406982424 374.075866020203
2019 68 341 8.24765548706057 350.28267827934
2019 69 342 9.38853988647463 326.957855906963
2019 70 343 9.03558883666994 452.677246961117
2019 71 344 11.253377532959 466.844311579227
2019 72 345 10.2288032531739 508.373106934309
2019 73 346 10.6204658508301 529.726329257727
2019 74 347 11.0494247436524 517.147233818293
2019 75 348 12.6728225708008 517.740519643545
2019 76 349 13.1960311889649 523.557222418785
2019 77 350 15.0191589355469 507.445301328182
2019 78 351 13.9298149108887 454.452594241858
2019 79 352 13.2999092102051 315.489484382391
2019 80 353 10.9607864379883 494.28633220458
2019 81 354 11.1727653503418 275.981367782593
2019 82 355 12.9736305236817 360.279018430233
2019 83 356 11.1924148559571 507.596971094608
2019 84 357 12.7081123352051 358.878385268211
2019 85 358 13.1208244323731 330.521931738496
2019 86 359 14.4821105957031 328.956231663466
2019 87 360 12.3232666015625 456.629384916305
2019 88 361 11.3801170349121 499.822017346382
2019 89 362 11.9147697448731 561.825282861233
2019 90 363 13.2846771240235 588.92828384304
2019 91 364 14.9405494689942 461.375551058292
2019 92 365 13.5229164123535 314.383241177559
2019 93 366 12.9646011352539 355.042211515903
2019 94 367 12.9882675170899 249.904321629286
2019 95 368 13.0295806884766 263.045437719107
2019 96 369 14.0334983825684 415.524357878447
2019 97 370 15.4697776794434 475.17684735322
2019 98 371 16.4293724060059 462.191854270935
2019 99 372 14.662801361084 514.827704556465
2019 100 373 13.3267875671387 636.782290143967
2019 101 374 13.6935745239258 552.819180193901
2019 102 375 12.7811103820801 543.960304384232
2019 103 376 14.7494369506836 632.129817211151
2019 104 377 13.9262062072754 607.810271100998
2019 105 378 12.4167304992676 554.11723332119
2019 106 379 12.1265426635742 412.91041270256
2019 107 380 13.1922203063965 583.682523572922
2019 108 381 15.7471214294434 648.710116648674
2019 109 382 16.8440910339356 617.440848157883
2019 110 383 13.6761299133301 539.878813017845
2019 111 384 12.4331680297852 654.147665420532
2019 112 385 15.1108032226563 672.36950044632
2019 113 386 18.4061103820801 668.24336124897
2019 114 387 20.7149559020996 656.324472979546
2019 115 388 18.1249557495117 650.744190660477
2019 116 389 15.6526695251465 670.745799999237
2019 117 390 15.2646270751953 619.189439954758
2019 118 391 13.6771293640137 640.096574077606
2019 119 392 13.6191726684571 641.242959454536
2019 120 393 13.9919792175293 663.880846200943
2019 121 394 13.6320129394531 688.418958221435
2019 122 395 15.5130935668946 708.514262281418
2019 123 396 15.2335411071778 683.351645126343
2019 124 397 14.1636444091797 683.663877532959
2019 125 398 12.7580467224121 656.90881502533
2019 126 399 13.1272407531739 538.304183653831
2019 127 400 14.0705924987793 592.639549612999
2019 128 401 14.1572319030762 647.131031775474
2019 129 402 13.8429809570313 552.159015865326
2019 130 403 14.9429527282715 602.818790369034
2019 131 404 15.2241111755371 646.854476707459
2019 132 405 14.7315803527832 661.97613013649
2019 133 406 14.4245506286621 666.285134836962
2019 134 407 13.8694511413574 558.047092566879
2019 135 408 14.5442749023438 294.698329679402
2019 136 409 13.526326751709 449.911637427142
2019 137 410 12.7275634765625 475.841480740372
2019 138 411 12.3254753112793 367.697117409483
2019 139 412 11.8040710449219 378.103841998866
2019 140 413 12.3471427917481 510.625746718634
2019 141 414 13.3773208618164 515.028434278212
2019 142 415 13.5750518798828 571.317551095687
2019 143 416 15.5068717956543 630.202814055949
2019 144 417 15.6833511352539 600.253911755815
2019 145 418 14.3724113464356 610.473283138812
2019 146 419 13.0708938598633 559.559259700224
2019 147 420 12.8944145202637 540.445316158071
2019 148 421 14.737996673584 579.873115825832
2019 149 422 15.4136215209961 675.3224488222
2019 150 423 14.8041778564453 672.980592668042
2019 151 424 15.1551261901856 683.271349174008
2019 152 425 17.1178337097168 694.146454592988
2019 153 426 16.5910049438477 624.386110902697
2019 154 427 16.1028915405274 660.990327843934
2019 155 428 17.8887191772461 727.739741293162
2019 156 429 20.4624725341797 740.711341197997
2019 157 430 16.6186805725098 731.723080129564
2019 158 431 14.7941566467285 765.494800821573
2019 159 432 18.9339424133301 779.371927558064
2019 160 433 23.1615692138672 752.924652500719
2019 161 434 26.089486694336 694.226743993103
2019 162 435 26.8270774841309 739.85489294666
2019 163 436 25.4936805725098 734.604691122323
2019 164 437 18.8402877807617 675.429493816435
2019 165 438 15.9530883789063 660.049135612577
2019 166 439 15.0839363098145 649.936796324134
2019 167 440 14.9702239990235 578.5973828969
2019 168 441 16.433179473877 715.463962107301
2019 169 442 18.8665634155274 733.3244875952
2019 170 443 17.9647193908692 692.951004700959
2019 171 444 17.0522590637207 732.695532810628
2019 172 445 16.8956314086914 754.102262825668
2019 173 446 19.0376220703125 764.937207486927
2019 174 447 21.1098266601563 759.731621771991
2019 175 448 19.6067596435547 720.65172836858
2019 176 449 18.6245056152344 710.976538761914
2019 177 450 16.8577285766602 737.053600854754
2019 178 451 16.3240829467774 751.256353332818
2019 179 452 16.7775131225586 615.134691188306
2019 180 453 16.7989707946778 726.240924856126
2019 181 454 17.3869606018067 730.866653015435
2019 182 455 16.644548034668 763.126181985557
2019 183 456 17.0125442504883 752.549941563606
2019 184 457 16.3896614074707 739.051967727959
2019 185 458 16.7241645812989 740.862995119393
2019 186 459 17.2245193481446 733.190660971224
2019 187 460 17.7367111206055 755.846374542534
2019 188 461 16.8625427246094 664.094943371653
2019 189 462 16.2127853393555 683.971681584299
2019 190 463 15.7389045715332 678.734860872507
2019 191 464 18.2713523864746 660.637928914904
2019 192 465 18.5214210510254 703.353258434236
2019 193 466 17.5504013061524 709.59819952637
2019 194 467 17.9881797790528 737.187412925243
2019 195 468 18.4626708984375 732.343146954536
2019 196 469 19.7347045898438 736.290810121894
2019 197 470 19.2674461364746 707.920965745807
2019 198 471 18.3784385681153 685.724709674716
2019 199 472 19.2636352539063 685.425860743225
2019 200 473 18.1730857849121 671.927881961912
2019 201 474 18.1133171081543 672.338245036781
2019 202 475 17.9737411499024 678.917737631351
2019 203 476 19.6177879333496 710.146866060615
2019 204 477 19.6699272155762 702.768939541727
2019 205 478 20.1764999389649 705.51222496137
2019 206 479 22.4151550292969 691.273764525682
2019 207 480 19.8253608703614 646.015882671192
2019 208 481 19.0600791931153 703.830555092022
2019 209 482 22.4079299926758 716.895849907085
2019 210 483 19.4280754089356 718.274201191783
2019 211 484 17.1495185852051 706.948542108714
2019 212 485 17.4878326416016 689.39137952745
2019 213 486 18.2200103759766 674.46153406781
2019 214 487 18.2595153808594 641.644415173031
2019 215 488 19.5251403808594 677.16469928734
2019 216 489 19.6288162231446 656.141587392531
2019 217 490 18.7087341308594 634.435987482049
2019 218 491 19.2299476623535 615.759187045827
2019 219 492 18.7500511169434 662.109940490171
2019 220 493 17.7363105773926 685.858513990039
2019 221 494 18.068204498291 632.424234985741
2019 222 495 19.5117050170899 573.191046494296
2019 223 496 18.8248497009278 618.52480499649
2019 224 497 20.8184410095215 675.728364672661
2019 225 498 21.0787406921387 677.650911846161
2019 226 499 22.824853515625 678.957885064125
2019 227 500 24.3152938842774 673.087646876335
2019 228 501 23.4433303833008 671.37474048233
2019 229 502 19.4561553955078 652.051156822204
2019 230 503 17.7569595336914 602.363796190262
2019 231 504 17.9001480102539 539.825258200645
2019 232 505 17.7110343933106 602.484236063003
2019 233 506 19.0827461242676 632.094133824348
2019 234 507 21.7357116699219 621.44653135395
2019 235 508 20.7390228271485 601.779445072174
2019 236 509 19.5686584472656 595.851217726707
2019 237 510 20.7825370788574 614.635074914932
2019 238 511 20.9636245727539 611.004099033356
2019 239 512 20.7011161804199 613.560080504417
2019 240 513 19.7124496459961 519.074255401611
2019 241 514 19.352872467041 559.122099733353
2019 242 515 19.2076850891114 601.239707511902
2019 243 516 19.7842422485352 598.036951424599
2019 244 517 21.9743629455567 612.079126708984
2019 245 518 21.215909576416 599.09858837986
2019 246 519 19.050855255127 590.230791471481
2019 247 520 18.9880882263184 553.880834285736
2019 248 521 18.839688873291 538.121306170464
2019 249 522 18.2958122253418 560.197129425049
2019 250 523 17.5872970581055 540.596973560333
2019 251 524 17.4619613647461 578.441238972664
2019 252 525 18.5136085510254 582.107916889668
2019 253 526 17.998006439209 568.29770126009
2019 254 527 18.1907325744629 564.947735955715
2019 255 528 21.1625610351563 570.947323018551
2019 256 529 23.8385940551758 570.586023561001
2019 257 530 23.0975929260254 571.420152338505
2019 258 531 18.8818031311035 535.681315615177
2019 259 532 18.3792434692383 405.1488645432
2019 260 533 16.8882118225098 545.726727290153
2019 261 534 18.186727142334 383.661837079525
2019 262 535 17.2104812622071 458.627776045322
2019 263 536 18.5954299926758 532.567761946678
2019 264 537 20.3788467407227 534.45017022419
2019 265 538 19.9474845886231 518.88243817091
2019 266 539 18.665414428711 506.936787109375
2019 267 540 22.6399589538574 518.860139960289
2019 268 541 24.2138153076172 501.749035653591
2019 269 542 23.0534759521485 498.033304798126
2019 270 543 19.1118217468262 381.092492861032
2019 271 544 14.9176879882813 479.53936668539
2019 272 545 13.7126289367676 507.155357555866
2019 273 546 13.9909797668457 465.229555919647
2019 274 547 13.5844779968262 485.998435189247
2019 275 548 14.6291061401367 495.945697137833
2019 276 549 14.7825141906739 487.100200204134
2019 277 550 14.3956733703614 488.94247235775
2019 278 551 16.0324989318848 479.240512902737
2019 279 552 18.7652870178223 467.865826019049
2019 280 553 20.1957450866699 449.853654453516
2019 281 554 19.3687149047852 460.978549565315
2019 282 555 16.2099815368653 436.578709534645
2019 283 556 16.4165435791016 473.976941936254
2019 284 557 16.1995483398438 411.273350516081
2019 285 558 16.540673828125 447.235236883879
2019 286 559 16.4518295288086 444.353643122196
2019 287 560 13.9741302490235 440.682532124758
2019 288 561 13.9663177490235 431.712124184608
2019 289 562 13.6699119567871 370.092499431372
2019 290 563 15.5983253479004 353.592492969334
2019 291 564 14.4444061279297 397.623709245086
2019 292 565 13.6849494934082 403.360139016509
2019 293 566 15.0037208557129 345.166297314286
2019 294 567 16.833268737793 397.431909654975
2019 295 568 19.180810546875 400.179681769848
2019 296 569 19.5373741149903 390.321611655712
2019 297 570 21.6179977416992 389.937998993039
2019 298 571 21.7832466125489 390.375129805684
2019 299 572 19.1425033569336 387.279441141367
2019 300 573 15.5114875793457 395.41569245708
2019 301 574 14.5719467163086 392.904327063918
2019 302 575 12.8286338806153 377.787137523353
2019 303 576 13.7627655029297 378.112763107419
2019 304 577 13.3502517700196 375.146433272481
2019 305 578 12.8300415039063 373.183734098554
2019 306 579 13.6089454650879 365.596141252816
2019 307 580 14.1820960998535 358.548292488068
2019 308 581 14.5549064636231 346.406353723645
2019 309 582 14.0986686706543 338.631410969287
2019 310 583 13.2920852661133 321.194674211293
2019 311 584 13.3538604736328 325.918527494669
2019 312 585 12.7416015625 323.911224417999
2019 313 586 12.562516784668 317.710891276494
2019 314 587 12.7381912231446 314.137903276801
2019 315 588 14.0715957641602 312.068148445532
2019 316 589 15.6316162109375 276.811048878923
2019 317 590 14.0593620300293 244.297265248604
2019 318 591 13.4631553649903 219.098965659633
2019 319 592 13.593709564209 238.819565334722
2019 320 593 13.7174392700196 274.696698240682
2019 321 594 14.5222221374512 288.837011038894
2019 322 595 15.4495216369629 297.231986343108
2019 323 596 14.9854675292969 269.624916959198
2019 324 597 12.9896751403809 282.181699843218
2019 325 598 12.5424667358399 286.405938869288
2019 326 599 11.3522468566895 268.612353006601
2019 327 600 11.8947120666504 279.077072953463
2019 328 601 12.3206611633301 281.931898378849
2019 329 602 11.3303886413574 286.11154854393
2019 330 603 9.46053085327151 254.97163119626
2019 331 604 8.33548889160159 158.714940089762
2019 332 605 5.9191604614258 175.072199648142
2019 333 606 6.63950500488284 251.4477057271
2019 334 607 7.12923583984377 124.269674964666
2019 335 608 10.924691772461 35.4533699439168
2019 336 609 12.6295028686524 43.8081951791123
2019 337 610 12.6876617431641 140.568953114629
2019 338 611 12.1844917297364 96.7607578173876
2019 339 612 12.2821632385254 153.304151778936
2019 340 613 13.8126998901367 151.020292358458
2019 341 614 15.1455093383789 168.778195978224
2019 342 615 13.3921600341797 152.706426069021
2019 343 616 10.8077751159668 143.6155863204
2019 344 617 10.9672065734864 171.244947876573
2019 345 618 12.2286201477051 117.877543178082
2019 346 619 14.0944572448731 61.6285531601906
2019 347 620 14.0828300476074 64.8000871660709
2019 348 621 12.5380493164063 160.45013102293
2019 349 622 9.52710876464846 244.489073588133
2019 350 623 8.35794982910159 238.953392226458
2019 351 624 8.56130371093752 202.33577939868
2019 352 625 10.4321647644043 182.891745281458
2019 353 626 11.1224189758301 172.502854988635
2019 354 627 10.710710144043 200.841459831715
2019 355 628 10.6437316894531 181.143165328979
2019 356 629 12.016446685791 135.862947793364
2019 357 630 7.9191604614258 147.112742697239
2019 358 631 7.74308547973635 191.407155262709
2019 359 632 8.81979904174807 167.132218930244
2019 360 633 9.59048614501955 194.092476725519
2019 361 634 8.10466918945315 256.354438037395
2019 362 635 7.98414764404299 248.186963002205
2019 363 636 9.54816589355471 188.422970377922
2019 364 637 9.98174438476565 191.420534642696
2019 365 638 9.14146575927737 242.651282900572
2020 1 639 10.1473136901856 214.013551092461
2020 2 640 10.9664665222168 225.092730361537
2020 3 641 9.96105728149416 243.330834296063
2020 4 642 10.9492774963379 185.444668939904
2020 5 643 9.28498611450198 245.763168835
2020 6 644 9.53505096435549 258.624280869321
2020 7 645 7.76591262817385 242.551230568246
2020 8 646 9.41796646118166 198.61762629588
2020 9 647 9.93484649658205 155.459164823965
2020 10 648 8.11480484008791 237.891475095586
2020 11 649 9.87684402465823 231.69479122527
2020 12 650 8.20868072509768 201.767204570607
2020 13 651 8.71847305297854 235.463590521649
2020 14 652 9.70454940795901 242.675969200925
2020 15 653 7.09800109863284 216.334516550378
2020 16 654 9.03857192993166 134.601612479285
2020 17 655 6.70013961791994 199.054201681927
2020 18 656 7.23012313842776 244.435631728486
2020 19 657 8.07977828979494 216.245419471101
2020 20 658 7.90748748779299 116.131854828194
2020 21 659 10.2875991821289 183.248443626717
2020 22 660 11.7501693725586 176.200884514169
2020 23 661 10.7802101135254 165.571643882588
2020 24 662 10.782788848877 226.001512354687
2020 25 663 12.1033569335938 219.515271797017
2020 26 664 13.6576553344727 185.119472715215
2020 27 665 10.6253143310547 267.418132957772
2020 28 666 11.6169715881348 202.266142468766
2020 29 667 10.7578598022461 237.668737941579
2020 30 668 11.0693717956543 226.473728286103
2020 31 669 11.7450119018555 251.002065403298
2020 32 670 11.2923599243164 292.374139482812
2020 33 671 11.6855026245117 315.124990523652
2020 34 672 7.5800834655762 354.069179021195
2020 35 673 7.6393753051758 356.318876492814
2020 36 674 7.49093017578127 343.542406532601
2020 37 675 9.72775039672854 334.588180810288
2020 38 676 10.3917938232422 340.357189224557
2020 39 677 9.98597869873049 355.984765721635
2020 40 678 10.9776359558106 375.047010583237
2020 41 679 12.2472892761231 378.325771407441
2020 42 680 12.9104667663574 377.973846663789
2020 43 681 12.4964881896973 376.690845496491
2020 44 682 10.4149948120117 356.105036244706
2020 45 683 10.1511817932129 319.958492205933
2020 46 684 10.3294845581055 339.261304322556
2020 47 685 11.2730308532715 368.280110244111
2020 48 686 11.2887130737305 387.787853606538
2020 49 687 12.405835723877 407.25994281514
2020 50 688 10.7529273986817 404.974622775243
2020 51 689 10.8322006225586 382.887532728883
2020 52 690 12.7519241333008 395.543719732952
2020 53 691 14.800122833252 380.856121270888
2020 54 692 10.4553810119629 387.814563143485
2020 55 693 11.2736679077149 421.208033947822
2020 56 694 13.9109397888184 435.432341109235
2020 57 695 14.2916160583496 435.369985487979
2020 58 696 15.2241989135742 439.735704398033
2020 59 697 15.9965110778809 392.705989819732
2020 60 698 13.1143432617188 395.138328217548
2020 61 699 9.82464370727541 280.911845158782
2020 62 700 12.520337677002 376.900224897292
2020 63 701 15.2463317871094 466.767660358008
2020 64 702 14.5743385314942 468.910448478934
2020 65 703 14.1309295654297 390.35827993482
2020 66 704 12.6601959228516 330.27144364762
2020 67 705 10.6837516784668 256.753265910354
2020 68 706 9.59090194702151 274.051389931616
2020 69 707 11.3104110717774 352.919840153929
2020 70 708 14.1659370422364 394.666109466788
2020 71 709 15.0463195800781 438.403714176413
2020 72 710 13.5796714782715 465.921236655828
2020 73 711 13.2022148132324 474.545813542363
2020 74 712 11.2246910095215 346.843444636282
2020 75 713 10.0476318359375 281.593425951954
2020 76 714 7.31218872070315 230.616723242399
2020 77 715 7.8935256958008 422.624688420292
2020 78 716 8.62910614013674 345.86337783527
2020 79 717 9.6721130371094 402.488817679998
2020 80 718 10.7170425415039 478.581893492219
2020 81 719 11.8000045776367 467.444799911973
2020 82 720 12.2537284851074 424.86990694594
2020 83 721 11.6300788879395 422.486582504031
2020 84 722 10.4377723693848 367.932629213807
2020 85 723 8.86176452636721 443.486681027647
2020 86 724 8.07785568237307 541.123351755616
2020 87 725 9.4250541687012 559.931681987282
2020 88 726 10.3039222717285 348.407089267489
2020 89 727 11.6335121154785 388.108588574406
2020 90 728 12.471566772461 458.552948798176
2020 91 729 12.5175453186035 474.995743359562
2020 92 730 11.9228912353516 546.201867633816
2020 93 731 10.6354118347168 619.822517514702
2020 94 732 11.0182434082031 611.888451182839
2020 95 733 10.8244682312012 424.085867617604
2020 96 734 11.6137557983399 229.592118549105
2020 97 735 8.90623626708987 270.514249454972
2020 98 736 8.68646774291994 472.202562474248
2020 99 737 11.7011848449707 500.147752219435
2020 100 738 12.224942779541 336.900231518265
2020 101 739 13.5442253112793 454.53468987703
2020 102 740 12.2502914428711 458.009449759957
2020 103 741 12.042985534668 437.481562631604
2020 104 742 12.9944702148438 551.552124210831
2020 105 743 14.6413665771485 652.672468612191
2020 106 744 15.9045692443848 656.762021224495
2020 107 745 13.9753890991211 567.491527884957
2020 108 746 12.9207817077637 469.872674909588
2020 109 747 12.8640647888184 459.711192180153
2020 110 748 13.0116592407227 551.970887640473
2020 111 749 12.8990875244141 525.878889070508
2020 112 750 12.4962745666504 600.484053260323
2020 113 751 13.9227577209473 660.147714269158
2020 114 752 16.4947105407715 617.5282820878
2020 115 753 17.4984069824219 667.94813750219
2020 116 754 18.3340965270996 643.116864065644
2020 117 755 16.4700027465821 628.959403993126
2020 118 756 15.1664138793946 666.446856706139
2020 119 757 17.4537254333496 646.146154680726
2020 120 758 15.7376495361328 586.402317691323
2020 121 759 14.9621101379395 598.546207158562
2020 122 760 14.5687538146973 684.047900193688
2020 123 761 15.1109825134278 552.367359411713
2020 124 762 14.7666107177735 659.109731833932
2020 125 763 14.1880699157715 723.491029109475
2020 126 764 15.5503173828125 694.351956696984
2020 127 765 15.9022079467774 699.06961917257
2020 128 766 18.7512985229492 724.154813287255
2020 129 767 19.8651863098145 697.345601222512
2020 130 768 17.1374832153321 690.249025460717
2020 131 769 14.7724166870117 636.99144918966
2020 132 770 15.216683959961 651.028654867646
2020 133 771 15.1593223571778 515.539215543118
2020 134 772 14.2325416564942 518.87589059531
2020 135 773 14.9318214416504 402.061161251895
2020 136 774 16.1138130187989 591.779318917148
2020 137 775 16.1398101806641 663.546744275008
2020 138 776 17.4444786071778 472.278298236762
2020 139 777 15.678784942627 577.234259115113
2020 140 778 14.1672378540039 641.481935805235
2020 141 779 14.626969909668 650.587621626892
2020 142 780 15.6725555419922 710.830385260702
2020 143 781 15.4860855102539 737.087190127574
2020 144 782 16.242505645752 755.686143353828
2020 145 783 17.0781913757324 741.706863658153
2020 146 784 21.1107803344727 731.888401206218
2020 147 785 22.0334831237793 723.727153630294
2020 148 786 23.2487808227539 732.422982343085
2020 149 787 19.6744247436524 721.112148097404
2020 150 788 17.1871086120606 614.000056111701
2020 151 789 17.58046875 639.84255237297
2020 152 790 16.3050132751465 528.453807307445
2020 153 791 16.3391738891602 561.473048932113
2020 154 792 19.3586250305176 718.528333144881
2020 155 793 23.1637092590332 736.165056995131
2020 156 794 22.2266136169434 747.030403481849
2020 157 795 17.374227142334 714.394249633529
2020 158 796 14.6218162536621 708.540615777709
2020 159 797 14.763818359375 764.537918258734
2020 160 798 15.7670799255371 770.257902305998
2020 161 799 18.0262428283692 765.005663402953
2020 162 800 20.4785438537598 749.106345514037
2020 163 801 19.366357421875 707.854562811293
2020 164 802 16.8075080871582 687.865695712187
2020 165 803 15.115064239502 690.618775628783
2020 166 804 16.5675407409668 664.758471474745
2020 167 805 17.5104309082031 670.923953298308
2020 168 806 16.0040412902832 704.442142066695
2020 169 807 17.9959541320801 774.293994163253
2020 170 808 20.9848915100098 775.055780768492
2020 171 809 19.9560676574707 725.166061392881
2020 172 810 16.9735733032227 712.999890977599
2020 173 811 17.6464248657227 727.602850558974
2020 174 812 17.5514617919922 685.89220553694
2020 175 813 17.9009986877442 621.849469816603
2020 176 814 17.8745704650879 681.517566866972
2020 177 815 17.9938026428223 710.937301391997
2020 178 816 17.9265647888184 660.018515954711
2020 179 817 18.1098114013672 652.957582250335
2020 180 818 16.0003868103028 717.962578926482
2020 181 819 16.7164207458496 760.519647776701
2020 182 820 18.5637489318848 760.056344060697
2020 183 821 17.5624252319336 744.495599193372
2020 184 822 16.5986877441406 727.005903114118
2020 185 823 16.2994323730469 722.542152244367
2020 186 824 18.2339874267578 755.414397016324
2020 187 825 20.0847526550293 764.542363719084
2020 188 826 18.0767265319824 761.842712930478
2020 189 827 16.4197326660156 763.793950382628
2020 190 828 17.8146377563477 750.050789851286
2020 191 829 18.4586959838867 743.04331482289
2020 192 830 19.6372657775879 734.641500039198
2020 193 831 19.5102935791016 745.404387297728
2020 194 832 20.3984085083008 755.850985128798
2020 195 833 18.998136138916 728.284450095274
2020 196 834 16.6472373962403 692.235908420958
2020 197 835 17.2807746887207 655.964619512297
2020 198 836 17.4726234436035 658.129663002409
2020 199 837 17.6992660522461 631.761468381949
2020 200 838 18.0399909973145 637.811141932853
2020 201 839 18.2498794555664 656.583833162703
2020 202 840 16.796762084961 628.300068631865
2020 203 841 16.2925621032715 600.296962212928
2020 204 842 16.1168266296387 576.490298635848
2020 205 843 17.1667037963867 633.360773719199
2020 206 844 16.95595703125 695.122624065139
2020 207 845 16.9995666503906 653.042242280044
2020 208 846 18.3452659606934 659.769035996013
2020 209 847 17.8575988769531 651.344936893665
2020 210 848 17.3606925964356 655.97351203955
2020 211 849 17.3170867919922 654.574689463653
2020 212 850 17.1538177490235 631.418452278339
2020 213 851 17.0803428649903 678.555094383441
2020 214 852 17.4668174743653 698.374653834544
2020 215 853 18.3091789245606 702.89187484666
2020 216 854 19.547681427002 704.165955584646
2020 217 855 18.1110969543457 672.238127885774
2020 218 856 16.5533653259278 652.151275515471
2020 219 857 16.4889083862305 639.156506439165
2020 220 858 18.0021797180176 649.175443617715
2020 221 859 19.5489669799805 654.940006603135
2020 222 860 19.8991409301758 643.548979911678
2020 223 861 19.6252265930176 615.568137607899
2020 224 862 18.1480537414551 607.758813100335
2020 225 863 18.201547241211 606.217446834084
2020 226 864 20.8675971984864 664.829720574853
2020 227 865 25.8428703308106 617.92921037626
2020 228 866 26.9924331665039 636.817712556359
2020 229 867 26.6871543884278 537.292197507378
2020 230 868 25.5764747619629 547.618508371827
2020 231 869 24.2258354187012 604.622602361199
2020 232 870 24.5994277954102 643.629178067681
2020 233 871 20.6067939758301 659.924960986611
2020 234 872 19.6950469970703 619.831428533074
2020 235 873 20.3163391113281 600.034127475259
2020 236 874 20.9513793945313 549.859289784905
2020 237 875 21.3778205871582 604.377593709466
2020 238 876 19.7309242248535 580.646686892983
2020 239 877 18.1446128845215 602.399637944695
2020 240 878 16.310391998291 601.691331940171
2020 241 879 17.9970260620117 609.362554479119
2020 242 880 17.8967033386231 587.097277328965
2020 243 881 17.5364280700684 582.909739803788
2020 244 882 17.6698356628418 577.203085333344
2020 245 883 17.328256225586 528.77901376867
2020 246 884 16.7570243835449 523.843044447419
2020 247 885 16.8988014221192 565.15720295572
2020 248 886 17.4290138244629 574.445526344773
2020 249 887 20.8340888977051 592.144609179017
2020 250 888 27.0674034118653 582.575616936204
2020 251 889 28.8606010437012 583.132460829255
2020 252 890 24.189096069336 582.522159898278
2020 253 891 19.2540031433106 546.148405051705
2020 254 892 16.8120132446289 572.262662518975
2020 255 893 15.9649406433106 579.274584110257
2020 256 894 17.836328125 565.42894919872
2020 257 895 17.2732597351074 529.923906247613
2020 258 896 16.6354270935059 525.544788883683
2020 259 897 17.5830474853516 540.838253097531
2020 260 898 18.779874420166 476.033721258637
2020 261 899 19.755200958252 434.634915636059
2020 262 900 19.478288269043 406.93028533363
2020 263 901 18.6404472351074 456.227515734669
2020 264 902 19.9870048522949 521.976463307854
2020 265 903 20.0198722839356 518.523952745911
2020 266 904 18.8400245666504 519.673306278225
2020 267 905 18.9407745361328 514.429960248944
2020 268 906 20.207421875 436.844513272997
2020 269 907 18.2623420715332 482.497682758328
2020 270 908 19.2675338745117 487.718751745698
2020 271 909 21.8186546325684 481.179069018599
2020 272 910 25.6907669067383 497.684243480679
2020 273 911 21.0420356750489 466.518207978484
2020 274 912 20.2888427734375 483.121372645613
2020 275 913 23.7727600097656 485.041399986741
2020 276 914 23.9603019714356 484.921124675509
2020 277 915 21.5108047485352 485.464612877366
2020 278 916 20.0903411865235 479.285742979523
2020 279 917 19.2598052978516 475.690702745196
2020 280 918 18.8460327148438 444.618200678822
2020 281 919 16.6910720825196 416.02706618118
2020 282 920 15.8622451782227 327.219877502677
2020 283 921 16.0433517456055 392.518883414265
2020 284 922 17.4146171569824 320.920737459775
2020 285 923 17.491529083252 338.120856817004
2020 286 924 19.1351982116699 435.472427374836
2020 287 925 19.7122360229492 436.746500891205
2020 288 926 21.7178970336914 425.832157065388
2020 289 927 23.6498695373535 423.096889735219
2020 290 928 24.3878150939942 420.50863240945
2020 291 929 23.7551399230957 420.031963740942
2020 292 930 21.5372253417969 412.182537341115
2020 293 931 18.5729919433594 389.89944987261
2020 294 932 18.0275360107422 398.666559077617
2020 295 933 19.1631294250489 398.163158362028
2020 296 934 18.3605209350586 392.763905422446
2020 297 935 15.7960792541504 383.573565938231
2020 298 936 14.6847587585449 356.390153599974
2020 299 937 14.923657989502 334.6505475921
2020 300 938 16.3454071044922 390.064262761113
2020 301 939 16.333585357666 382.277205992636
2020 302 940 15.9739585876465 378.16540235829
2020 303 941 15.4804969787598 375.692973654863
2020 304 942 14.236833190918 366.244259306368
2020 305 943 14.7148452758789 348.246714625594
2020 306 944 16.5224243164063 360.359412315425
2020 307 945 17.3157974243164 353.730626901862
2020 308 946 15.254281616211 338.085224997428
2020 309 947 13.9238334655762 325.838876617011
2020 310 948 17.0953765869141 332.08901954132
2020 311 949 15.6235748291016 325.384491778892
2020 312 950 10.7892356872559 314.790874556106
2020 313 951 11.1555191040039 324.818714690727
2020 314 952 8.40546188354494 326.622933491435
2020 315 953 8.92815170288088 324.217318729919
2020 316 954 12.0071083068848 242.99671975394
2020 317 955 10.838208770752 241.44643087693
2020 318 956 10.929517364502 239.891692956325
2020 319 957 11.3235183715821 193.102540494435
2020 320 958 10.2779289245606 294.450092931502
2020 321 959 13.5070587158203 280.831661015504
2020 322 960 14.529012298584 208.440545855018
2020 323 961 14.7966896057129 173.603717557382
2020 324 962 11.8547874450684 222.838580658149
2020 325 963 10.9986854553223 272.554564239667
2020 326 964 10.6401344299317 283.589199168757
2020 327 965 9.90884933471682 268.522939966515
2020 328 966 11.244458770752 277.927099790171
2020 329 967 10.582349395752 279.34373926814
2020 330 968 11.6133209228516 280.350533139066
2020 331 969 10.7776275634766 285.282041406945
2020 332 970 10.4500099182129 283.526824056224
2020 333 971 9.92518005371096 281.112303741769
2020 334 972 9.08368835449221 278.497319535092
2020 335 973 9.95460662841799 274.63497571452
2020 336 974 10.014981842041 266.678631332711
2020 337 975 10.0807205200196 264.959065363721
2020 338 976 10.3576370239258 255.109419639663
2020 339 977 10.393514251709 260.294854255871
2020 340 978 9.91852340698244 260.446318005398
2020 341 979 9.66265258789065 227.27114170225
2020 342 980 11.9121490478516 251.255981545285
2020 343 981 13.9607749938965 263.912182746486
2020 344 982 11.6251350402832 264.219566510752
2020 345 983 10.8633476257324 251.799475795344
2020 346 984 9.79907379150393 222.615836950616
2020 347 985 11.327596282959 140.308258885459
2020 348 986 10.6328254699707 87.3714263540066
2020 349 987 9.78210220336916 184.687351830319
2020 350 988 8.49376449584963 242.301767667369
2020 351 989 9.03405914306643 206.507146860198
2020 352 990 11.8709083557129 200.020902018384
2020 353 991 9.32794723510744 232.576852007703
2020 354 992 7.81038436889651 252.833002721385
2020 355 993 8.1485305786133 236.27436618121
2020 356 994 8.32362136840823 249.567600360469
2020 357 995 9.31763992309573 214.637226867274
2020 358 996 8.58699569702151 252.726083857373
2020 359 997 8.03337249755862 198.279060015515
2020 360 998 9.64912185668948 158.662191064314
2020 361 999 12.1991630554199 194.314254226164
2020 362 1000 9.23557052612307 177.515063409404
2020 363 1001 10.1032730102539 193.334193536357
2020 364 1002 8.32210693359377 217.327948681907
2020 365 1003 7.85377655029299 208.819199535683
2020 366 1004 9.98834381103518 216.093956603602
2021 1 1005 9.30481872558596 226.085139533043
2021 2 1006 10.0424362182617 106.697892176867
2021 3 1007 10.4722763061524 112.856812330723
2021 4 1008 11.4062248229981 96.5822291176319
2021 5 1009 8.75810394287112 138.723375996351
2021 6 1010 8.1181350708008 168.685444713593
2021 7 1011 9.69223556518557 167.1099050951
2021 8 1012 9.84652099609377 182.771282979965
2021 9 1013 8.82814178466799 234.598408450603
2021 10 1014 8.68626556396487 211.336856765747
2021 11 1015 9.29701766967776 171.469487772942
2021 12 1016 9.5683647155762 222.092579928398
2021 13 1017 11.6131378173828 166.639930526733
2021 14 1018 13.5256286621094 198.759408957481
2021 15 1019 11.3756004333496 264.282958167553
2021 16 1020 12.9078765869141 248.612632975101
2021 17 1021 13.2196556091309 274.949168941021
2021 18 1022 14.9768692016602 286.595622984409
2021 19 1023 16.0112510681153 306.25851030159
2021 20 1024 12.3137413024903 303.040286944389
2021 21 1025 11.0402084350586 287.267009248734
2021 22 1026 9.84892807006838 209.380854968071
2021 23 1027 8.16837081909182 255.908440055847
2021 24 1028 8.35867462158205 237.579396608353
2021 25 1029 7.57441864013674 223.663641356945
2021 26 1030 6.26947174072268 285.977931653976
2021 27 1031 9.10489807128909 173.112171637654
2021 28 1032 10.0472389221192 142.183290314198
2021 29 1033 8.08271179199221 234.392514028549
2021 30 1034 8.76350936889651 239.521957283974
2021 31 1035 10.8004737854004 306.446485411644
2021 32 1036 11.6725708007813 308.017554904461
2021 33 1037 12.685147857666 202.689299103737
2021 34 1038 9.67342147827151 302.001855934143
2021 35 1039 9.48511657714846 335.294048575401
2021 36 1040 9.73586044311526 337.76924017334
2021 37 1041 10.5841499328614 351.877472917557
2021 38 1042 11.5483032226563 362.002095380783
2021 39 1043 10.7532440185547 321.145537826538
2021 40 1044 11.392407989502 238.532778802872
2021 41 1045 10.6403785705567 291.720582001686
2021 42 1046 10.5413261413574 243.084823348999
2021 43 1047 11.3403831481934 256.150151681185
2021 44 1048 11.8578735351563 290.35094940567
2021 45 1049 10.3692222595215 320.572613779068
2021 46 1050 12.0061622619629 87.9346807799339
2021 47 1051 10.3097892761231 280.105470751762
2021 48 1052 9.72765884399416 396.364020496368
2021 49 1053 10.1605049133301 392.563931112711
2021 50 1054 11.4932685852051 198.468471552317
2021 51 1055 10.6992164611817 268.302379066138
2021 52 1056 10.4752899169922 392.210333035983
2021 53 1057 11.8022438049317 418.842279778335
2021 54 1058 13.9822937011719 403.932866993539
2021 55 1059 13.6717124938965 446.825981638104
2021 56 1060 13.1602188110352 452.8416635506
2021 57 1061 10.7636466979981 442.811034470096
2021 58 1062 10.5329109191895 454.265014422789
2021 59 1063 11.3125587463379 458.588787126839
2021 60 1064 11.6493545532227 459.779403733283
2021 61 1065 12.1226287841797 465.078933248281
2021 62 1066 11.3591934204102 425.256333491504
2021 63 1067 9.66902313232424 416.604308948427
2021 64 1068 10.9147354125977 438.411183789194
2021 65 1069 11.1502738952637 477.199838726938
2021 66 1070 9.19014511108401 484.410598504007
2021 67 1071 10.2367530822754 445.424997144818
2021 68 1072 9.72325668334963 408.046256524861
2021 69 1073 8.31104812622073 359.092717688799
2021 70 1074 7.5982376098633 418.600583049059
2021 71 1075 9.20936737060549 497.046224161267
2021 72 1076 10.8034683227539 461.780150479674
2021 73 1077 9.00744400024416 341.341055562019
2021 74 1078 8.54458007812502 331.610334509969
2021 75 1079 7.83797607421877 478.654510877371
2021 76 1080 8.01747665405276 489.786213493109
2021 77 1081 10.6704002380371 232.458900030494
2021 78 1082 11.9275146484375 247.305658371091
2021 79 1083 9.69143447875979 431.455544061422
2021 80 1084 9.98520812988284 533.749097617865
2021 81 1085 10.5431228637696 544.115412301779
2021 82 1086 11.5575080871582 561.602976137638
2021 83 1087 13.7241455078125 574.149071576118
2021 84 1088 11.4150215148926 481.832442117453
2021 85 1089 11.2014976501465 514.891872457027
2021 86 1090 13.4433837890625 584.864537398815
2021 87 1091 14.2478424072266 585.065941030502
2021 88 1092 12.6617370605469 587.026431602478
2021 89 1093 14.0509353637696 605.914957975388
2021 90 1094 17.0904747009278 607.759067018509
2021 91 1095 18.5681205749512 608.242460028171
2021 92 1096 15.7010818481446 598.310314049721
2021 93 1097 11.7159934997559 537.858021866798
2021 94 1098 11.213712310791 552.463067574024
2021 95 1099 11.0422073364258 453.862185092926
2021 96 1100 11.0249954223633 519.891525318623
2021 97 1101 11.1150527954102 599.017515753269
2021 98 1102 10.6377807617188 632.743861979485
2021 99 1103 11.7027870178223 632.027700367928
2021 100 1104 10.7074142456055 632.618539191246
2021 101 1105 12.1674552917481 612.919835930824
2021 102 1106 12.5474754333496 594.156624281883
2021 103 1107 12.4041915893555 626.356678882599
2021 104 1108 11.4300399780274 650.781969749451
2021 105 1109 12.6379295349121 625.618115736961
2021 106 1110 11.4272285461426 635.608481208801
2021 107 1111 12.5590797424317 638.173194268227
2021 108 1112 15.5553909301758 666.6179259758
2021 109 1113 14.2280364990235 663.502644033432
2021 110 1114 12.2478958129883 648.347044059753
2021 111 1115 11.3686004638672 645.307870681763
2021 112 1116 11.3573928833008 617.75835157299
2021 113 1117 11.3103652954102 605.888101940155
2021 114 1118 11.5999237060547 608.96756340313
2021 115 1119 12.4584213256836 461.851751747131
2021 116 1120 10.6906105041504 490.726164897919
2021 117 1121 11.8398681640625 657.437714206696
2021 118 1122 15.3366676330567 695.899649276733
2021 119 1123 16.2606025695801 686.755246898651
2021 120 1124 14.4385581970215 680.001010487556
2021 121 1125 13.4860054016114 646.355258071899
2021 122 1126 13.7899833679199 671.742894569397
2021 123 1127 16.6778350830078 702.170443788528
2021 124 1128 18.3606010437012 701.038032783508
2021 125 1129 17.7226348876953 690.91341233635
2021 126 1130 14.0773483276367 661.040870372772
2021 127 1131 13.5558563232422 704.663553186417
2021 128 1132 16.3870674133301 729.267903104782
2021 129 1133 19.2561126708985 718.964245782852
2021 130 1134 17.4748931884766 716.515885019302
2021 131 1135 17.8953338623047 723.055260044098
2021 132 1136 16.3102279663086 677.293080313151
2021 133 1137 14.4765754699707 663.98605554898
2021 134 1138 13.2552734375 663.793569776315
2021 135 1139 11.9463325500489 570.080434370665
2021 136 1140 13.097989654541 572.667548245553
2021 137 1141 12.8278327941895 626.64312809328
2021 138 1142 13.6733146667481 681.625785648249
2021 139 1143 13.4135643005371 723.950474958226
2021 140 1144 12.1074195861817 746.182555391215
2021 141 1145 13.0423522949219 746.061678898104
2021 142 1146 13.1772361755371 719.201473288171
2021 143 1147 13.6607109069824 679.933884527698
2021 144 1148 13.9977012634278 721.188793111607
2021 145 1149 15.5822082519531 701.337910744205
2021 146 1150 14.8185707092285 749.95577780582
2021 147 1151 14.249845123291 737.964667666659
2021 148 1152 14.9674583435059 681.012583745763
2021 149 1153 13.6675201416016 693.097671170607
2021 150 1154 14.074552154541 716.891869544059
2021 151 1155 18.6397644042969 743.44324903518
2021 152 1156 18.3786064147949 724.415968265295
2021 153 1157 16.0558830261231 676.071124562442
2021 154 1158 15.5866104125977 714.040695626438
2021 155 1159 17.0760665893555 684.593351529449
2021 156 1160 15.811540222168 744.257873399109
2021 157 1161 16.6770416259766 748.120624465316
2021 158 1162 15.150163269043 752.780108713895
2021 159 1163 13.7323509216309 752.26088867262
2021 160 1164 14.1792121887207 757.632050483614
2021 161 1165 13.9918952941895 766.275118205786
2021 162 1166 15.0266891479492 755.438819314182
2021 163 1167 18.5425086975098 681.74664376837
2021 164 1168 18.809457397461 637.604752127826
2021 165 1169 19.1838775634766 570.259473326474
2021 166 1170 17.4925018310547 739.267181800067
2021 167 1171 19.8182388305664 738.564461373567
