Year DOY_disc DOY TA_C PAR_umol_m2_day
2018 93 1 13.2171607971192 601.596080204487
2018 94 2 13.6590133666992 573.774398030758
2018 95 3 13.6298576354981 418.459653630256
2018 96 4 13.9703880310059 133.347453241944
2018 97 5 15.8547874450684 281.891399551809
2018 98 6 13.5748611450196 595.821766004562
2018 99 7 14.1901756286621 616.645764559746
2018 100 8 17.1333938598633 569.779543637276
2018 101 9 12.4792381286621 412.289419557571
2018 102 10 10.7904258728028 501.502096113205
2018 103 11 11.6945892333985 618.314024130821
2018 104 12 14.4260917663574 636.895900588035
2018 105 13 14.9032836914063 638.355045573234
2018 106 14 10.3481727600098 500.790309368133
2018 107 15 9.68033752441409 587.729723647117
2018 108 16 11.0346122741699 501.328578727245
2018 109 17 11.0972610473633 598.704492544174
2018 110 18 13.1977287292481 654.405674683571
2018 111 19 15.2620140075684 659.085630648613
2018 112 20 16.6838966369629 671.136937255859
2018 113 21 17.6682830810547 666.412501801491
2018 114 22 15.4985481262207 649.209691120148
2018 115 23 13.9172492980957 619.354984297752
2018 116 24 13.3833976745606 627.74509316349
2018 117 25 13.0840164184571 601.82297096157
2018 118 26 13.766316986084 597.707979609489
2018 119 27 13.1342483520508 484.41047256279
2018 120 28 12.8367324829102 475.998124456406
2018 121 29 12.9239822387696 620.894218572616
2018 122 30 14.2604652404785 691.805235925674
2018 123 31 13.3093811035156 630.650041807174
2018 124 32 14.3200202941895 661.563494544029
2018 125 33 14.9568382263184 559.231854448318
2018 126 34 13.3534141540528 582.431428689957
2018 127 35 14.8509803771973 691.026745571136
2018 128 36 15.7094436645508 682.690024188995
2018 129 37 15.9248863220215 647.270094063759
2018 130 38 14.6969429016114 704.154621137619
2018 131 39 15.2698760986328 676.880130933761
2018 132 40 20.0313354492188 725.699307545226
2018 133 41 14.8824020385742 654.565837303679
2018 134 42 13.6774154663086 637.54541067712
2018 135 43 13.6203437805176 551.371145764597
2018 136 44 13.9832054138184 543.034422535706
2018 137 45 13.9069114685059 598.224016965322
2018 138 46 14.2797027587891 664.081423595402
2018 139 47 13.9323364257813 685.505979765948
2018 140 48 12.5966812133789 612.682042969759
2018 141 49 13.4481140136719 647.915139752485
2018 142 50 13.9718376159668 599.327296645425
2018 143 51 13.4661041259766 567.479599234842
2018 144 52 13.3864990234375 582.36469789508
2018 145 53 13.1162696838379 383.555767263442
2018 146 54 14.0896926879883 421.800555403903
2018 147 55 15.6744972229004 615.431306206748
2018 148 56 18.8563209533692 729.124756326735
2018 149 57 20.706616973877 735.908896736368
2018 150 58 15.3422370910645 706.592471038729
2018 151 59 13.1371437072754 718.109955227762
2018 152 60 14.1008506774903 741.189403599173
2018 153 61 18.9253784179688 745.090838811159
2018 154 62 21.2456375122071 745.513463199079
2018 155 63 18.5643745422364 747.826733516335
2018 156 64 15.1179061889649 746.109562289029
2018 157 65 14.4225746154785 734.182814380437
2018 158 66 14.132699584961 738.444599167168
2018 159 67 15.849210357666 746.852513752103
2018 160 68 16.1823059082031 671.826470616311
2018 161 69 15.1052947998047 743.729561869919
2018 162 70 16.5695663452149 744.414661425412
2018 163 71 19.4046493530274 751.826059925556
2018 164 72 18.7934623718262 760.371847381949
2018 165 73 17.6821380615235 752.649055852294
2018 166 74 16.0933967590332 745.046361085892
2018 167 75 15.2380271911621 682.25849943006
2018 168 76 15.0976425170899 687.143083348751
2018 169 77 16.8780456542969 698.037759428024
2018 170 78 16.1837478637696 705.048795839667
2018 171 79 15.5150886535645 726.531188301146
2018 172 80 15.5097137451172 753.160642368972
2018 173 81 18.389047241211 771.413337907076
2018 174 82 22.1016250610352 763.681648463487
2018 175 83 20.9278427124024 699.216653641462
2018 176 84 17.4819961547852 618.723269705772
2018 177 85 17.5799957275391 739.837027879476
2018 178 86 16.6576438903809 667.457925982892
2018 179 87 16.2248931884766 736.771909413755
2018 180 88 17.7278266906739 747.573188267767
2018 181 89 21.1325317382813 751.167667279303
2018 182 90 19.8225074768067 695.604375903964
2018 183 91 17.6333442687989 655.464458588302
2018 184 92 16.7399269104004 737.319099808574
2018 185 93 16.9435897827149 702.949045404792
2018 186 94 17.5524955749512 708.985824250936
2018 187 95 20.605298614502 639.427161417365
2018 188 96 21.9624725341797 714.613337928474
2018 189 97 19.8010078430176 745.993908844054
2018 190 98 19.9376731872559 749.70851170975
2018 191 99 21.8717018127442 743.026683497131
2018 192 100 19.3872848510742 710.360460348487
2018 193 101 18.9450202941895 675.394273432135
2018 194 102 20.3828254699707 617.508809604466
2018 195 103 19.4042297363281 676.355167305171
2018 196 104 17.8274894714356 670.095968835652
2018 197 105 17.6494689941406 660.967400494247
2018 198 106 18.2790504455567 703.589659328252
2018 199 107 18.9144226074219 713.047419614136
2018 200 108 19.2634330749512 707.233082284599
2018 201 109 19.9715858459473 703.5896398606
2018 202 110 20.660302734375 598.909115615159
2018 203 111 19.6045852661133 631.864516934484
2018 204 112 18.9309631347656 655.48668563804
2018 205 113 18.5592094421387 684.96771031627
2018 206 114 19.8340888977051 709.181567615598
2018 207 115 19.3064323425293 691.969841694742
2018 208 116 17.6180397033692 703.193714711413
2018 209 117 17.3457389831543 720.997089221701
2018 210 118 17.3819175720215 699.74159509331
2018 211 119 17.3262954711914 648.537950909972
2018 212 120 17.9358306884766 678.686248901561
2018 213 121 17.3194786071778 674.624666201785
2018 214 122 17.2653099060059 702.392957190543
2018 215 123 17.6048065185547 714.10618926464
2018 216 124 20.5165954589844 702.980176156781
2018 217 125 18.7062164306641 701.432054544464
2018 218 126 18.5381217956543 699.065386178944
2018 219 127 18.0344482421875 692.445854826301
2018 220 128 17.1987319946289 679.211195889719
2018 221 129 18.911939239502 680.97730781329
2018 222 130 20.47255859375 685.519335189383
2018 223 131 20.8383193969727 675.598924066543
2018 224 132 20.0166564941406 674.420024560928
2018 225 133 18.1744285583496 635.521277216911
2018 226 134 16.4304138183594 617.157371930122
2018 227 135 16.9748092651367 577.733667824745
2018 228 136 17.6401611328125 616.610180968285
2018 229 137 18.9991966247559 648.867147138595
2018 230 138 19.9628997802735 666.928553592682
2018 231 139 18.8395782470703 672.44929034996
2018 232 140 17.9246612548828 650.290700468063
2018 233 141 16.0741706848145 571.772510032654
2018 234 142 17.0864616394043 558.262052392006
2018 235 143 17.195630645752 598.975850190162
2018 236 144 16.5073257446289 592.316263108253
2018 237 145 16.9253936767578 609.888305464744
2018 238 146 16.2714172363281 578.512169267654
2018 239 147 16.8588157653809 557.536932384491
2018 240 148 16.6158805847168 504.789623302936
2018 241 149 17.2595153808594 555.837551787376
2018 242 150 18.19716796875 562.595017938614
2018 243 151 17.1701942443848 582.742821404457
2018 244 152 17.4468399047852 612.824419487953
2018 245 153 17.8438163757324 603.815959533691
2018 246 154 17.7156272888184 577.564620564461
2018 247 155 17.7741409301758 554.596382508755
2018 248 156 17.5764823913574 569.672781270504
2018 249 157 16.5476470947266 554.832154043198
2018 250 158 17.628377532959 589.349019994735
2018 251 159 18.9237266540528 593.419519761085
2018 252 160 18.2329460144043 585.447573536873
2018 253 161 17.8233505249024 595.590447459221
2018 254 162 18.2825637817383 586.332860027313
2018 255 163 16.7056098937989 571.452220916271
2018 256 164 16.2490936279297 538.834914432526
2018 257 165 15.7222610473633 532.575712308883
2018 258 166 16.6623970031739 534.08379632473
2018 259 167 15.2771049499512 562.448215463161
2018 260 168 15.5723587036133 515.626457397461
2018 261 169 15.3017097473145 493.445631803036
2018 262 170 15.5793930053711 536.094569636345
2018 263 171 19.0961662292481 547.478600740909
2018 264 172 20.2265182495117 537.687175266266
2018 265 173 17.1997657775879 526.307595638752
2018 266 174 17.0653701782227 528.256091617107
2018 267 175 16.9663291931153 521.881228204727
2018 268 176 17.7344413757324 517.703978672027
2018 269 177 16.8141609191895 501.488745210171
2018 270 178 17.6786247253418 489.223893204689
2018 271 179 15.7485176086426 417.543230993271
2018 272 180 16.262525177002 406.136960144043
2018 273 181 17.6982627868653 388.840723130464
2018 274 182 18.1897369384766 386.540786768675
2018 275 183 19.4896293640137 391.585533516168
2018 276 184 19.3407608032227 387.928750962496
2018 277 185 18.3880096435547 250.074850573182
2018 278 186 15.4648490905762 432.183649360895
2018 279 187 16.6791435241699 441.156526731729
2018 280 188 19.3060203552246 468.951520959854
2018 281 189 19.9389167785645 461.96273223114
2018 282 190 18.0557456970215 442.041798353672
2018 283 191 15.3163925170899 393.396116238713
2018 284 192 14.8970848083496 398.169483541489
2018 285 193 16.9597183227539 419.656328299045
2018 286 194 18.1283241271973 437.433019903898
2018 287 195 15.7909065246582 410.643419891834
2018 288 196 17.4915023803711 438.651946917772
2018 289 197 17.0992752075196 433.509334709406
2018 290 198 16.0032440185547 416.871486624956
2018 291 199 15.2944770812989 418.014790568709
2018 292 200 16.1426025390625 412.729834040165
2018 293 201 17.3376708984375 404.170691018581
2018 294 202 15.3194976806641 390.393290163755
2018 295 203 14.3677764892578 382.728318190098
2018 296 204 14.1246353149414 341.12925450319
2018 297 205 14.2205711364746 325.665839515805
2018 298 206 15.4704299926758 356.73501280272
2018 299 207 16.0669342041016 364.008509387433
2018 300 208 16.6828704833985 357.064220119715
2018 301 209 16.6175285339356 320.25632258755
2018 302 210 15.1445747375489 304.948607800543
2018 303 211 15.2833076477051 357.584700329184
2018 304 212 15.0815139770508 359.715597998977
2018 305 213 17.4493232727051 338.856000038803
2018 306 214 17.6707626342774 345.7780597682
2018 307 215 17.587232208252 346.96139055869
2018 308 216 16.5162216186524 330.919660338819
2018 309 217 15.0928932189942 339.220800492078
2018 310 218 14.8071418762207 343.882953541517
2018 311 219 14.718034362793 338.642474013716
2018 312 220 14.631192779541 343.420285690054
2018 313 221 13.6166282653809 343.874060478747
2018 314 222 11.7042976379395 338.824870302722
2018 315 223 11.6034065246582 335.239281818122
2018 316 224 12.3965354919434 329.896481981784
2018 317 225 12.0758491516114 255.902551146291
2018 318 226 11.1053176879883 275.948031452753
2018 319 227 10.6388793945313 309.584068773802
2018 320 228 10.5644393920899 307.83130598133
2018 321 229 11.2175956726074 298.493655295379
2018 322 230 10.3907676696778 282.060449568435
2018 323 231 10.6922164916992 249.002732464913
2018 324 232 11.0891929626465 260.395651568454
2018 325 233 13.3608642578125 139.806850742817
2018 326 234 13.5142761230469 187.691826486707
2018 327 235 13.7326179504395 129.205783394575
2018 328 236 14.9671798706055 131.81267699635
2018 329 237 11.7673698425293 232.427170026064
2018 330 238 12.0713020324707 248.642390887499
2018 331 239 12.5573936462403 182.211117867708
2018 332 240 14.2466178894043 101.797822276652
2018 333 241 13.7708602905274 135.758603699565
2018 334 242 12.0289169311524 216.879229203463
2018 335 243 10.8871971130371 162.10778935504
2018 336 244 9.31974945068362 256.921284145355
2018 337 245 9.07308349609377 242.663447599888
2018 338 246 10.6477600097656 156.404656954527
2018 339 247 11.0598388671875 94.4842865912913
2018 340 248 11.4915519714356 200.272524321794
2018 341 249 10.5290885925293 230.839012849092
2018 342 250 10.4654022216797 226.221334973335
2018 343 251 9.62823257446291 169.835048490286
2018 344 252 9.39687118530276 142.200207514644
2018 345 253 9.3505569458008 218.87221500349
2018 346 254 11.3646026611328 219.655173719644
2018 347 255 10.3564430236817 253.486943643808
2018 348 256 11.3602577209473 171.423210707426
2018 349 257 12.5220428466797 153.361799465179
2018 350 258 12.9074417114258 149.918567097902
2018 351 259 12.2977005004883 166.507476781726
2018 352 260 11.0490852355957 195.721588612795
2018 353 261 12.1289916992188 152.859106641292
2018 354 262 10.4331489562989 145.638993571043
2018 355 263 11.3300720214844 133.903533423424
2018 356 264 11.0027633666992 190.049588326692
2018 357 265 10.4033752441406 190.467764072657
2018 358 266 11.799203491211 130.429157601356
2018 359 267 11.2204872131348 174.559490055859
2018 360 268 10.033277130127 241.142017973184
2018 361 269 10.5125442504883 251.760877873182
2018 362 270 9.73512802124026 258.451609417915
2018 363 271 8.32771453857424 253.277858290911
2018 364 272 8.20738372802737 248.851479012489
2018 365 273 9.42188415527346 261.917086822033
2019 1 274 7.75332031250002 267.715759149551
2019 2 275 6.70868835449221 259.976508948803
2019 3 276 6.47706375122073 261.386076313972
2019 4 277 7.12200698852541 239.015834121227
2019 5 278 9.81609497070315 155.182094214916
2019 6 279 9.49502716064455 70.5141988182068
2019 7 280 11.8088775634766 89.5924685656279
2019 8 281 12.8942161560059 112.181273219347
2019 9 282 13.7639671325684 101.176811932087
2019 10 283 10.8410621643067 160.012995674133
2019 11 284 11.4479042053223 202.112755207062
2019 12 285 11.9348197937012 176.303341511011
2019 13 286 11.1061836242676 253.334569513798
2019 14 287 11.1980300903321 159.134236706257
2019 15 288 10.6934638977051 63.1853272223473
2019 16 289 12.8853889465332 81.2064138383865
2019 17 290 13.6352172851563 102.733583033144
2019 18 291 12.720346069336 189.680879065037
2019 19 292 13.3233772277832 219.567332902431
2019 20 293 13.9488655090332 162.189798192978
2019 21 294 9.8826728820801 246.251029140472
2019 22 295 9.85319671630862 284.568156129837
2019 23 296 8.88617477416994 300.126948435783
2019 24 297 10.3128372192383 304.9756885643
2019 25 298 10.7528244018555 282.511778363228
2019 26 299 11.0207458496094 287.208869894028
2019 27 300 11.691365814209 261.171962888718
2019 28 301 12.5061698913574 259.062069618225
2019 29 302 12.665601348877 217.921352389336
2019 30 303 11.4015823364258 262.822412519455
2019 31 304 12.6808410644531 223.153713874817
2019 32 305 12.2835670471192 159.629373309135
2019 33 306 12.3908515930176 200.997587249398
2019 34 307 11.7228485107422 201.202774913788
2019 35 308 9.6793266296387 233.502452482223
2019 36 309 6.18227539062502 287.882434015274
2019 37 310 6.4351516723633 344.028813253403
2019 38 311 7.14086685180666 294.176422375679
2019 39 312 8.4857002258301 271.302133569717
2019 40 313 8.2071472167969 186.411207681179
2019 41 314 7.63619766235354 303.343087179184
2019 42 315 6.89339599609377 341.749419107437
2019 43 316 6.88917694091799 260.743736038208
2019 44 317 10.6421257019043 98.2595385637283
2019 45 318 13.8383613586426 145.078684309959
2019 46 319 9.75492630004885 239.1184302845
2019 47 320 8.38482437133791 306.501240797043
2019 48 321 8.1297317504883 352.035714056015
2019 49 322 7.35203704833987 383.586006344607
2019 50 323 7.5267044067383 420.051944094093
2019 51 324 9.25979385375979 336.383235441597
2019 52 325 8.31884918212893 390.227934264008
2019 53 326 7.76595077514651 424.633043116346
2019 54 327 7.51847991943362 423.169959199883
2019 55 328 9.75131759643557 360.154123162497
2019 56 329 10.6435256958008 340.901894530021
2019 57 330 11.6729141235352 151.729532048339
2019 58 331 13.0899406433106 174.362947970141
2019 59 332 10.7024932861328 331.668316170394
2019 60 333 10.1441780090332 323.598967172802
2019 61 334 11.8090797424317 188.275768484846
2019 62 335 13.0141387939453 183.587607707828
2019 63 336 11.3835273742676 290.157360366642
2019 64 337 11.0550437927246 172.935535143256
2019 65 338 12.9569869995117 181.905936326429
2019 66 339 10.4983421325684 295.987453736246
2019 67 340 8.83985671997073 363.883245506167
2019 68 341 8.00038299560549 293.418111785829
2019 69 342 9.19862518310549 334.295648223519
2019 70 343 9.30932388305666 437.24335369122
2019 71 344 11.2150779724121 497.208079604745
2019 72 345 10.2023445129395 509.996803349257
2019 73 346 10.6314979553223 530.957465072393
2019 74 347 11.0117240905762 523.03087646091
2019 75 348 12.4081016540528 521.585602902174
2019 76 349 13.4735809326172 514.609116469383
2019 77 350 14.9740386962891 507.405141263485
2019 78 351 14.0585647583008 471.032891663313
2019 79 352 13.7567497253418 304.306595828772
2019 80 353 10.8083778381348 470.604673129082
2019 81 354 11.5399490356446 292.655341024637
2019 82 355 12.7668739318848 321.605049130559
2019 83 356 11.2263084411621 510.447311021805
2019 84 357 12.8480888366699 372.684132536173
2019 85 358 12.7578445434571 325.976507202029
2019 86 359 13.961499786377 352.486236345053
2019 87 360 12.3756156921387 445.450973544598
2019 88 361 11.678727722168 492.337032067299
2019 89 362 12.0547462463379 565.322428653717
2019 90 363 13.253190612793 589.120091497421
2019 91 364 15.1254516601563 453.105477339745
2019 92 365 13.2030502319336 277.435549713612
2019 93 366 13.3362060546875 344.407980361223
2019 94 367 13.1565299987793 288.667506326199
2019 95 368 12.9924789428711 248.798067840099
2019 96 369 14.2907958984375 393.586816694021
2019 97 370 15.6983924865723 527.223894791603
2019 98 371 16.5156074523926 468.922987052441
2019 99 372 14.9309173583985 519.118853838921
2019 100 373 13.5507942199707 636.434361246109
2019 101 374 13.4296661376953 539.263237046242
2019 102 375 12.6256881713867 535.114814254761
2019 103 376 14.49794921875 629.301757349968
2019 104 377 13.61416015625 614.635091043472
2019 105 378 12.1642433166504 578.017477711677
2019 106 379 12.0399070739746 450.058840479851
2019 107 380 13.4166313171387 619.818374389649
2019 108 381 15.5877014160156 643.049533352852
2019 109 382 17.1914306640625 605.263231897354
2019 110 383 13.8383689880371 543.683748308182
2019 111 384 12.5994163513184 665.500060897827
2019 112 385 15.2995124816895 673.694304773331
2019 113 386 18.8988471984864 668.189834656715
2019 114 387 20.6142822265625 658.594951066971
2019 115 388 18.2851882934571 657.109555874824
2019 116 389 15.6280075073242 673.480188323975
2019 117 390 15.1904197692871 612.435978721619
2019 118 391 13.6284004211426 617.431935123444
2019 119 392 13.8299461364746 632.308257329941
2019 120 393 14.196134185791 649.794040222168
2019 121 394 13.5694366455078 689.395843730927
2019 122 395 15.5530029296875 709.803388261795
2019 123 396 15.6199813842774 690.221054433823
2019 124 397 14.2043548583985 656.079140748978
2019 125 398 13.0592628479004 626.005329726219
2019 126 399 12.830037689209 567.066546796799
2019 127 400 13.8642364501953 569.229976739883
2019 128 401 14.1955352783203 643.277033466339
2019 129 402 14.064584350586 556.575069602013
2019 130 403 14.9583946228028 600.311881997108
2019 131 404 15.0193572998047 656.739304069519
2019 132 405 14.6834503173828 659.125771560669
2019 133 406 14.6170707702637 669.800148531726
2019 134 407 14.3080383300781 583.67806942025
2019 135 408 14.0182510375977 291.727524446299
2019 136 409 13.4072013854981 455.781870574763
2019 137 410 12.3535552978516 493.48342620546
2019 138 411 12.160230255127 426.2656545818
2019 139 412 11.4593368530274 365.721026083859
2019 140 413 11.9969879150391 528.910020244952
2019 141 414 13.0745025634766 450.415692216851
2019 142 415 13.9691177368164 552.453410177536
2019 143 416 16.1596389770508 647.728773141414
2019 144 417 15.5016647338867 625.978568209901
2019 145 418 14.3106475830078 638.178475924075
2019 146 419 13.0341926574707 560.014246822759
2019 147 420 12.4596420288086 593.558443208471
2019 148 421 14.3653923034668 580.858920417964
2019 149 422 15.5726600646973 679.105075317562
2019 150 423 14.6888633728028 673.547106975392
2019 151 424 15.101579284668 656.440440663293
2019 152 425 16.9930969238281 695.136726790711
2019 153 426 16.1784950256348 614.09536603637
2019 154 427 15.6330238342285 667.373538059294
2019 155 428 17.830152130127 721.021953019977
2019 156 429 19.9448791503906 736.817182918668
2019 157 430 16.6082511901856 731.950581251085
2019 158 431 14.6938796997071 765.311891081124
2019 159 432 19.2646347045899 781.553192768335
2019 160 433 22.6000534057617 746.871518684953
2019 161 434 25.933065032959 709.357325892091
2019 162 435 26.8254714965821 738.71295870027
2019 163 436 26.2691703796387 736.11684939009
2019 164 437 19.1302696228028 690.198757231236
2019 165 438 15.4469123840332 676.058452160627
2019 166 439 14.8559204101563 662.13226013726
2019 167 440 14.485913848877 605.075890714526
2019 168 441 16.2938018798828 712.403950844586
2019 169 442 18.8994499206543 735.581590901792
2019 170 443 17.9813667297364 688.869499978125
2019 171 444 17.032601928711 711.641181784451
2019 172 445 16.7402168273926 758.076722428262
2019 173 446 19.3941856384278 766.739324364007
2019 174 447 20.6949058532715 757.068590140521
2019 175 448 19.5443893432617 721.035341913283
2019 176 449 18.4927536010742 721.222702941775
2019 177 450 17.1507202148438 746.019540685296
2019 178 451 15.8963333129883 747.201608125985
2019 179 452 16.6902824401856 684.462341761291
2019 180 453 16.6944862365723 729.274188006222
2019 181 454 17.3961807250977 735.420984286129
2019 182 455 16.8013816833496 760.900306115568
2019 183 456 17.0458389282227 751.622131169319
2019 184 457 16.2617202758789 749.307026797652
2019 185 458 16.7049156188965 744.360166427731
2019 186 459 17.0911575317383 746.144430964053
2019 187 460 17.7387138366699 753.107529574573
2019 188 461 16.5196166992188 670.647660731196
2019 189 462 16.0521560668946 706.953008454263
2019 190 463 15.6328178405762 683.356107754767
2019 191 464 18.3347221374512 675.723911179543
2019 192 465 18.5109954833985 691.086433013678
2019 193 466 17.7866455078125 687.937222797275
2019 194 467 18.2286354064942 739.649691295803
2019 195 468 18.2522979736328 739.7255496158
2019 196 469 19.5453926086426 735.403155760169
2019 197 470 19.2459846496582 708.960315452814
2019 198 471 18.2001625061035 682.066958400607
2019 199 472 19.1844192504883 686.358136506528
2019 200 473 18.2998291015625 673.961942207754
2019 201 474 18.0746170043946 679.711741121322
2019 202 475 17.8951354980469 649.174044558078
2019 203 476 19.3943878173828 696.916541094273
2019 204 477 19.7018218994141 716.623746772885
2019 205 478 19.9875923156739 698.856911722064
2019 206 479 21.9290367126465 668.274586511999
2019 207 480 19.8275543212891 651.828110107332
2019 208 481 19.0045333862305 713.291628375336
2019 209 482 22.3507820129395 721.454642231151
2019 210 483 19.0969825744629 715.744998137355
2019 211 484 16.9235092163086 700.24418018359
2019 212 485 17.6492668151856 693.544268018708
2019 213 486 17.6107688903809 639.828925554812
2019 214 487 18.0978828430176 644.311880018815
2019 215 488 19.1501289367676 673.395435287401
2019 216 489 19.4068199157715 659.179292175598
2019 217 490 18.6265121459961 584.440845806349
2019 218 491 19.2536064147949 579.748235528972
2019 219 492 18.5081916809082 657.412882224485
2019 220 493 16.9377494812012 675.777429396454
2019 221 494 17.5550132751465 630.086848774157
2019 222 495 19.7810340881348 558.105071411898
2019 223 496 18.8948379516602 623.51181711483
2019 224 497 20.6429649353028 675.616847914696
2019 225 498 20.7372184753418 681.353273653984
2019 226 499 22.9981285095215 675.621297375679
2019 227 500 24.0922828674317 677.44572355175
2019 228 501 23.6366554260254 674.077913025856
2019 229 502 19.5672470092774 639.382867028236
2019 230 503 18.1526275634766 599.326090509415
2019 231 504 17.6733337402344 549.107915431976
2019 232 505 17.726277923584 594.316760523796
2019 233 506 18.6888824462891 630.358927707672
2019 234 507 21.4290901184082 612.676864515305
2019 235 508 20.635140991211 597.617650712967
2019 236 509 19.7481437683106 600.923008507728
2019 237 510 20.1010986328125 619.818379429817
2019 238 511 20.4991775512696 605.218627411842
2019 239 512 20.6754508972168 601.395844883919
2019 240 513 19.4521423339844 534.075477022171
2019 241 514 19.6334281921387 541.743354905129
2019 242 515 18.8657546997071 607.707676449776
2019 243 516 19.7465377807617 598.59899072361
2019 244 517 21.9324432373047 612.400313479424
2019 245 518 20.9778648376465 594.660235928535
2019 246 519 18.9327407836914 593.326500422478
2019 247 520 19.0139518737793 555.076290745735
2019 248 521 18.8934341430664 540.770925912857
2019 249 522 18.3587966918946 551.141977347374
2019 250 523 17.6031433105469 527.31310477066
2019 251 524 17.6871734619141 575.546278935432
2019 252 525 17.9779602050781 584.7397110672
2019 253 526 17.6929832458496 567.677663731098
2019 254 527 18.4484344482422 560.232819364071
2019 255 528 21.0863624572754 569.876762948513
2019 256 529 23.827970123291 566.705239274979
2019 257 530 22.6321426391602 569.774166281223
2019 258 531 19.1370903015137 536.765257333279
2019 259 532 18.7719055175781 383.171169846296
2019 260 533 17.0368171691895 536.238896380901
2019 261 534 17.9639183044434 387.649665477753
2019 262 535 17.1928344726563 452.315936415195
2019 263 536 18.4147354125977 524.734842729569
2019 264 537 20.716153717041 535.021120037556
2019 265 538 19.975358581543 519.051949630737
2019 266 539 18.6357322692871 509.064537193775
2019 267 540 22.8936477661133 518.565741182804
2019 268 541 24.4588752746582 501.267275658607
2019 269 542 23.3123756408692 496.387310676575
2019 270 543 19.1130233764649 376.332958427429
2019 271 544 15.1228385925293 471.175634030819
2019 272 545 13.8381668090821 511.549104513645
2019 273 546 14.0290809631348 461.959890836
2019 274 547 13.2888847351074 486.30174397707
2019 275 548 14.7678733825684 496.101824429512
2019 276 549 15.0592704772949 486.194687516451
2019 277 550 14.5934043884278 489.312692914009
2019 278 551 16.0567680358887 479.918522452831
2019 279 552 18.6774536132813 470.841077204704
2019 280 553 20.1594558715821 450.763629706621
2019 281 554 19.2788749694824 462.049099555015
2019 282 555 16.6620002746582 447.993557995081
2019 283 556 16.3527618408203 473.682513169765
2019 284 557 16.5831886291504 455.532079190731
2019 285 558 16.4827171325684 454.555196705341
2019 286 559 16.3236862182617 437.461927539825
2019 287 560 14.4032951354981 440.713734045505
2019 288 561 13.9578834533692 429.593299483061
2019 289 562 13.8800827026367 368.272545523047
2019 290 563 15.4457107543946 342.115197699964
2019 291 564 14.8992362976074 411.313497098327
2019 292 565 14.0888420104981 380.686566867232
2019 293 566 14.5966201782227 356.518691657543
2019 294 567 16.883203125 396.223069530845
2019 295 568 19.2622352600098 399.938811222672
2019 296 569 19.9392562866211 390.705232760668
2019 297 570 21.5925308227539 389.656974177361
2019 298 571 22.0242973327637 390.098563523293
2019 299 572 19.1771980285645 387.37756314683
2019 300 573 15.7088256835938 395.098980474472
2019 301 574 14.6581855773926 392.279831757665
2019 302 575 12.5683303833008 378.331330592811
2019 303 576 13.7390991210938 378.402702784598
2019 304 577 13.200040435791 375.048295642495
2019 305 578 12.6591812133789 373.058829140305
2019 306 579 13.5989242553711 366.068976116955
2019 307 580 13.9582878112793 358.677645521253
2019 308 581 14.5342460632324 346.941628718495
2019 309 582 14.3343063354492 335.477737147927
2019 310 583 13.4053970336914 323.523142306924
2019 311 584 13.465966796875 324.562476893425
2019 312 585 13.0779129028321 318.919732723668
2019 313 586 12.8795715332031 315.596537456647
2019 314 587 12.9912773132324 318.518272728905
2019 315 588 14.3770195007324 310.881617888153
2019 316 589 16.0170570373535 283.997189912297
2019 317 590 14.2571006774903 235.56327877266
2019 318 591 13.5409637451172 217.252250849262
2019 319 592 13.6071449279785 234.274146342441
2019 320 593 13.9310165405274 274.326466596052
2019 321 594 14.3497482299805 291.214547350997
2019 322 595 15.0690933227539 295.394188851319
2019 323 596 14.9979034423828 274.219410814675
2019 324 597 13.1581359863281 279.545437808087
2019 325 598 12.8366561889649 284.960686857274
2019 326 599 11.1531082153321 262.884854162216
2019 327 600 12.3625770568848 277.948520953655
2019 328 601 12.260099029541 282.146008780003
2019 329 602 11.3265815734864 286.847550275803
2019 330 603 9.96309432983401 249.543002263069
2019 331 604 8.39384994506838 165.477308907658
2019 332 605 6.16121444702151 190.421343992352
2019 333 606 6.64130935668948 242.847547072172
2019 334 607 7.35584411621096 120.910798389912
2019 335 608 10.9788414001465 27.1654522638917
2019 336 609 12.501351928711 57.0474502928406
2019 337 610 12.6118560791016 136.072596322119
2019 338 611 12.5121818542481 100.55677931726
2019 339 612 12.0513359069824 137.02272023654
2019 340 613 13.5947090148926 172.815105350852
2019 341 614 15.1388870239258 183.944462839067
2019 342 615 13.5158935546875 157.118020201385
2019 343 616 11.1079879760742 142.054351204872
2019 344 617 11.1791740417481 178.502451060772
2019 345 618 12.3144470214844 163.251435148239
2019 346 619 14.3204704284668 76.5271742703319
2019 347 620 14.1054931640625 69.7380437628627
2019 348 621 12.1943260192871 161.699119524866
2019 349 622 9.4306465148926 238.761577263832
2019 350 623 8.50475082397463 233.636274759054
2019 351 624 8.87133941650393 203.34835535121
2019 352 625 10.714128112793 169.326855330229
2019 353 626 10.9768272399903 166.324829067051
2019 354 627 10.7040916442871 194.993523382664
2019 355 628 10.7728782653809 182.38768606782
2019 356 629 11.7577453613281 138.356454986572
2019 357 630 8.14457473754885 145.591655045986
2019 358 631 7.69957504272463 190.02434741354
2019 359 632 8.73036346435549 154.798475126028
2019 360 633 9.25538024902346 194.128162191391
2019 361 634 8.05634078979494 257.099376744509
2019 362 635 8.01001129150393 240.559225275278
2019 363 636 9.56461486816409 183.96676917696
2019 364 637 9.8714424133301 190.247376582325
2019 365 638 9.23712692260744 238.605452996254
2020 1 639 10.1544128417969 215.0203363951
2020 2 640 10.5978141784668 218.414932141856
2020 3 641 9.78747329711916 244.025790405587
2020 4 642 10.7350898742676 182.005539522008
2020 5 643 8.93910369873049 234.893370776728
2020 6 644 9.23729095458987 256.967088500813
2020 7 645 7.90190277099612 239.303658308343
2020 8 646 8.9850784301758 194.283071080045
2020 9 647 9.89230880737307 168.168814242796
2020 10 648 8.01232681274416 231.930909523324
2020 11 649 9.62613830566409 245.723077316598
2020 12 650 8.27935943603518 209.371600015954
2020 13 651 8.51438293457034 238.559701174096
2020 14 652 9.71271286010744 245.99928612502
2020 15 653 7.16996917724612 237.579638342217
2020 16 654 8.80269012451174 130.815003998593
2020 17 655 6.69928131103518 187.926015591935
2020 18 656 7.30596694946291 232.951066897706
2020 19 657 7.75173721313479 210.797148244218
2020 20 658 8.16077575683596 156.563966162518
2020 21 659 10.3112350463867 129.674563752726
2020 22 660 11.9692932128906 185.867888634757
2020 23 661 10.5550704956055 150.465289885834
2020 24 662 10.8261810302735 193.882139767483
2020 25 663 12.4765106201172 205.437988209084
2020 26 664 13.8518615722656 199.325946412877
2020 27 665 10.8652816772461 279.410561321572
2020 28 666 11.266374206543 214.481302442387
2020 29 667 10.4893280029297 232.630312573746
2020 30 668 11.2715278625489 197.459364769295
2020 31 669 11.5931259155274 260.125571241692
2020 32 670 11.7011848449707 286.137365102128
2020 33 671 11.8681083679199 304.602667496041
2020 34 672 7.46300277709963 352.100133266762
2020 35 673 7.85464248657229 356.381243541077
2020 36 674 7.62111434936526 345.814358365372
2020 37 675 9.8974662780762 334.525805697755
2020 38 676 10.7194152832031 338.606447291688
2020 39 677 10.250863647461 351.356181172684
2020 40 678 11.0188842773438 374.953450938538
2020 41 679 12.2560974121094 377.35015400441
2020 42 680 13.0627914428711 378.374771928147
2020 43 681 12.6318374633789 376.637389466599
2020 44 682 10.456674194336 345.538167197541
2020 45 683 10.1645065307617 321.072201160744
2020 46 684 10.5668807983399 330.699107966737
2020 47 685 11.3677688598633 360.239131852464
2020 48 686 11.3926902770996 378.365869982079
2020 49 687 12.5566497802735 408.280100526021
2020 50 688 10.4736457824707 409.612106246159
2020 51 689 10.8843971252442 390.135541369172
2020 52 690 13.3070503234864 402.965475086879
2020 53 691 14.6993728637696 397.837956841223
2020 54 692 10.5415321350098 397.080627131217
2020 55 693 11.2839828491211 420.116609595176
2020 56 694 13.666463470459 435.236312817533
2020 57 695 14.3870025634766 438.466072451633
2020 58 696 15.0663009643555 437.414726843711
2020 59 697 15.8800827026367 403.985642210838
2020 60 698 13.0664382934571 410.984191399616
2020 61 699 9.59025726318362 326.275451310035
2020 62 700 12.403897857666 393.60585988098
2020 63 701 15.2330146789551 467.493793439445
2020 64 702 14.5678955078125 466.763208250937
2020 65 703 14.0159965515137 406.13731312519
2020 66 704 12.3821998596192 335.545974209067
2020 67 705 10.4362655639649 262.549004355636
2020 68 706 9.57071075439455 288.614252576407
2020 69 707 11.5460792541504 364.444508599516
2020 70 708 14.0522972106934 386.460312201437
2020 71 709 14.9614654541016 420.985284823414
2020 72 710 13.6161933898926 473.757305348393
2020 73 711 12.8077865600586 481.931926838872
2020 74 712 11.2038513183594 358.956132749793
2020 75 713 9.88715896606448 233.378720225569
2020 76 714 7.76892242431643 247.5896578747
2020 77 715 7.46322021484377 404.930057693121
2020 78 716 8.62481079101565 339.265759628293
2020 79 717 9.9305473327637 401.468659927603
2020 80 718 10.3610740661621 501.698046136614
2020 81 719 11.6109596252442 465.293100709673
2020 82 720 12.5282875061035 470.349348870274
2020 83 721 11.7402854919434 439.080843461033
2020 84 722 10.503507232666 343.956703665253
2020 85 723 9.15501556396487 455.67512483072
2020 86 724 8.26152572631838 551.044282350537
2020 87 725 9.61797103881838 541.016439695832
2020 88 726 10.6289649963379 339.234568795916
2020 89 727 11.9602752685547 359.005137554642
2020 90 728 12.4614807128906 443.745056962964
2020 91 729 13.1403327941895 487.19754587793
2020 92 730 11.8036628723145 550.237948087689
2020 93 731 10.8581863403321 620.588743626591
2020 94 732 10.4710670471192 613.90647780132
2020 95 733 10.5221954345703 404.025734863278
2020 96 734 11.6042991638184 234.291964280125
2020 97 735 8.70988235473635 300.713593945023
2020 98 736 8.71288833618166 457.559507846352
2020 99 737 11.6500602722168 510.843817676541
2020 100 738 12.3458992004395 325.754232211825
2020 101 739 13.6181274414063 517.753276669022
2020 102 740 12.5173316955567 468.384767697331
2020 103 741 12.1411643981934 451.260368433472
2020 104 742 13.2309967041016 560.15442216539
2020 105 743 14.7206436157227 659.675478681084
2020 106 744 15.7120834350586 657.991546201226
2020 107 745 13.9880653381348 559.855935307023
2020 108 746 12.7403274536133 410.601068468091
2020 109 747 13.1510864257813 464.803075089928
2020 110 748 12.9631057739258 576.298748013016
2020 111 749 13.0567794799805 505.079269811627
2020 112 750 12.6432205200196 593.209321645257
2020 113 751 13.9399429321289 658.686500798699
2020 114 752 16.3323036193848 613.692656201836
2020 115 753 17.5121513366699 658.628595307824
2020 116 754 18.1856437683106 635.084791652199
2020 117 755 15.930135345459 627.671940260407
2020 118 756 15.4712577819824 661.279224092003
2020 119 757 17.3688598632813 628.264423186776
2020 120 758 15.7359252929688 570.48074411821
2020 121 759 14.9569526672364 579.452765668389
2020 122 760 14.6647850036621 685.558098056313
2020 123 761 15.3569618225098 591.636758750435
2020 124 762 15.106046295166 666.326570054528
2020 125 763 14.2278152465821 722.034311469552
2020 126 764 15.3670669555664 700.838194230553
2020 127 765 16.1022239685059 705.056914271828
2020 128 766 19.398583984375 727.268728335854
2020 129 767 19.420068359375 706.183988746163
2020 130 768 17.2451225280762 689.104139029976
2020 131 769 14.4692855834961 642.123429666039
2020 132 770 15.2892967224121 654.512324760911
2020 133 771 15.2156120300293 478.755616349545
2020 134 772 13.9448829650879 486.86789767348
2020 135 773 14.9481407165528 420.905104308002
2020 136 774 15.5507446289063 585.751919531716
2020 137 775 16.0317512512207 649.162074402724
2020 138 776 17.144792175293 529.371501571134
2020 139 777 15.58876953125 530.373831025951
2020 140 778 14.2460838317871 627.328902008925
2020 141 779 14.4667068481446 681.571016785659
2020 142 780 16.050439453125 704.210492531896
2020 143 781 15.2035766601563 726.796524344646
2020 144 782 16.671517944336 750.16659406031
2020 145 783 16.7252250671387 742.032061394893
2020 146 784 20.4435211181641 730.355925797664
2020 147 785 21.8435722351074 723.740510077514
2020 148 786 22.8900161743164 732.36506072367
2020 149 787 19.572599029541 708.442603301414
2020 150 788 17.1215911865235 592.460892213069
2020 151 789 17.6487861633301 610.097613369979
2020 152 790 16.1357322692871 538.125232585319
2020 153 791 16.3799911499024 557.913625318103
2020 154 792 19.4574485778809 720.109805703528
2020 155 793 23.103776550293 734.454394830771
2020 156 794 21.9875122070313 743.279417842932
2020 157 795 17.2567115783692 712.536582536437
2020 158 796 14.5925918579102 704.909904000976
2020 159 797 14.6894889831543 756.247458916106
2020 160 798 15.97890625 770.56531429521
2020 161 799 18.0103469848633 764.221606686034
2020 162 800 20.4542633056641 746.571551904418
2020 163 801 19.2469078063965 709.520664497115
2020 164 802 16.8289924621582 686.302061287321
2020 165 803 15.0635124206543 687.714239963927
2020 166 804 16.4554000854492 706.397837800123
2020 167 805 17.0912986755371 675.387693457701
2020 168 806 16.1503463745117 700.428334496595
2020 169 807 17.8771492004395 771.799281991698
2020 170 808 20.5762878417969 775.140428008773
2020 171 809 19.4507881164551 744.01446462033
2020 172 810 17.0844245910645 705.631580943205
2020 173 811 17.6483551025391 730.57867575685
2020 174 812 17.2397438049317 666.687396477796
2020 175 813 18.1768394470215 642.212518414594
2020 176 814 17.5604873657227 656.053707519271
2020 177 815 17.6713424682617 712.634595044233
2020 178 816 17.963510131836 647.331137718596
2020 179 817 18.142465209961 658.080671869017
2020 180 818 16.2695671081543 729.500612576582
2020 181 819 16.9944091796875 758.853526560225
2020 182 820 18.8314262390137 759.588587481596
2020 183 821 17.9542671203614 744.633689737119
2020 184 822 16.7866722106934 726.676258562483
2020 185 823 16.6627098083496 718.813462926008
2020 186 824 18.0096984863281 757.26762202368
2020 187 825 19.7466140747071 762.983177432157
2020 188 826 17.7824035644531 766.279746873655
2020 189 827 16.4019104003906 762.947524601378
2020 190 828 17.8709197998047 748.772231403746
2020 191 829 18.111100769043 737.648513108351
2020 192 830 19.4525047302246 732.569996726133
2020 193 831 19.4933181762696 737.920264202513
2020 194 832 20.2168746948242 752.928611298658
2020 195 833 18.8453842163086 729.032852658369
2020 196 834 16.6395088195801 700.343686500289
2020 197 835 17.5052772521973 670.420544644453
2020 198 836 17.8735023498535 661.176777670302
2020 199 837 17.3576904296875 631.850577904143
2020 200 838 18.0058303833008 635.334259200789
2020 201 839 18.6552673339844 645.834294948645
2020 202 840 16.9035354614258 633.734964258887
2020 203 841 16.2165008544922 556.042608845778
2020 204 842 16.4996505737305 573.599117402144
2020 205 843 16.6872001647949 617.140699836768
2020 206 844 17.1987129211426 702.441922868468
2020 207 845 17.2083793640137 647.179662124671
2020 208 846 18.337533569336 650.88164391952
2020 209 847 17.6966949462891 643.312881616794
2020 210 848 17.4122596740723 646.930198310264
2020 211 849 17.5274024963379 650.863829600536
2020 212 850 17.1471572875977 631.93520263692
2020 213 851 16.9935470581055 677.708666586124
2020 214 852 17.9237724304199 687.513760155797
2020 215 853 18.4176689147949 700.655544571996
2020 216 854 19.7446723937989 705.373223176122
2020 217 855 18.3222709655762 676.750879276231
2020 218 856 16.6334968566895 632.068856142912
2020 219 857 16.7684036254883 628.99500909324
2020 220 858 17.8159194946289 650.845999489678
2020 221 859 19.3508888244629 655.621594673051
2020 222 860 19.9305053710938 646.41343415865
2020 223 861 19.6666847229004 613.456547816601
2020 224 862 18.0161376953125 593.503335857865
2020 225 863 18.1295753479004 624.486719928261
2020 226 864 20.7092643737793 649.010592463967
2020 227 865 25.9509330749512 583.63586381292
2020 228 866 26.9606376647949 637.673051372048
2020 229 867 26.7956443786621 548.709954901215
2020 230 868 25.775407409668 577.978230023858
2020 231 869 24.6827789306641 580.464018072602
2020 232 870 24.3652549743653 637.249835457322
2020 233 871 20.6540504455567 654.089127998826
2020 234 872 19.0658088684082 630.932890136239
2020 235 873 20.3633895874024 581.577725011346
2020 236 874 21.127328491211 553.77954111242
2020 237 875 21.4317451477051 595.873305868622
2020 238 876 19.4748435974121 562.649132320878
2020 239 877 18.2148681640625 595.459000972268
2020 240 878 16.1400276184082 608.266667561051
2020 241 879 17.1589675903321 599.432720426079
2020 242 880 17.9920860290528 590.037463808533
2020 243 881 17.7622200012207 596.287607740876
2020 244 882 17.5871292114258 582.615706438538
2020 245 883 17.088510131836 541.947487894532
2020 246 884 16.7043930053711 531.634557670113
2020 247 885 17.1862541198731 563.508920093533
2020 248 886 17.103116607666 575.639431440827
2020 249 887 21.0012222290039 587.912516561982
2020 250 888 27.1870628356934 583.769513967988
2020 251 889 29.178971862793 581.372800821778
2020 252 890 24.2372222900391 581.381734016892
2020 253 891 18.8191772460938 527.13517179918
2020 254 892 16.3426147460938 566.992595530984
2020 255 893 16.010270690918 577.608458546635
2020 256 894 17.4541450500489 563.406443886277
2020 257 895 18.0296798706055 545.030252684113
2020 258 896 16.4727989196778 534.467822513577
2020 259 897 17.4698196411133 548.625314339158
2020 260 898 18.6765342712403 472.719332993504
2020 261 899 19.4258666992188 433.717225900647
2020 262 900 19.3788124084473 417.71990967941
2020 263 901 19.1418586730957 457.951538724896
2020 264 902 20.1070915222168 525.148298967835
2020 265 903 19.6396270751953 519.838130381104
2020 266 904 18.7040306091309 524.12815167379
2020 267 905 18.5787902832031 516.488098546502
2020 268 906 19.9386688232422 439.192211786028
2020 269 907 18.0945602416992 483.099093839642
2020 270 908 19.3358551025391 500.847179714676
2020 271 909 22.1329551696778 491.63009860706
2020 272 910 25.690763092041 498.330173364636
2020 273 911 21.2779289245606 470.999747871872
2020 274 912 20.2744537353516 480.145537808415
2020 275 913 23.7963844299317 484.373178444382
2020 276 914 24.0155158996582 485.504696331498
2020 277 915 21.9827819824219 483.259480577942
2020 278 916 20.8295684814453 482.439776511427
2020 279 917 19.0475479125977 476.390117640015
2020 280 918 18.7102638244629 457.831251065251
2020 281 919 16.9312454223633 430.31372871184
2020 282 920 15.841626739502 352.527801463124
2020 283 921 15.7193885803223 383.386477645871
2020 284 922 17.4732719421387 346.629609869358
2020 285 923 17.8236557006836 341.568906325575
2020 286 924 19.1293960571289 434.621554904696
2020 287 925 19.6984878540039 434.438898936745
2020 288 926 21.7529197692871 424.388790580508
2020 289 927 24.0698677062989 422.602397517916
2020 290 928 24.7300430297852 420.664552298185
2020 291 929 23.5299964904785 420.170050252554
2020 292 930 21.6339050292969 409.634372163769
2020 293 931 18.4668594360352 395.516990505215
2020 294 932 18.2088523864746 399.379336971876
2020 295 933 19.1979270935059 398.546280742284
2020 296 934 18.1862922668457 392.131314219114
2020 297 935 15.7357078552246 379.172189550993
2020 298 936 14.9348197937012 344.918940932271
2020 299 937 14.7726264953614 303.110290395674
2020 300 938 16.1548515319824 378.085211005208
2020 301 939 16.0762229919434 382.722705186483
2020 302 940 15.8482872009278 378.330218900916
2020 303 941 15.7024131774903 376.454744761583
2020 304 942 14.5739074707031 364.965718184408
2020 305 943 14.5214935302735 360.399511268076
2020 306 944 16.2457290649414 357.967162616667
2020 307 945 16.7048202514649 353.931071704444
2020 308 946 15.1404129028321 340.339366889861
2020 309 947 14.1380172729492 329.353742981341
2020 310 948 16.7436996459961 332.628052990016
2020 311 949 15.6906066894531 328.400403612506
2020 312 950 10.7247749328614 317.463793817398
2020 313 951 11.5834594726563 316.67972787067
2020 314 952 8.25808868408205 330.222427974906
2020 315 953 8.64650497436526 320.087678631347
2020 316 954 11.9078575134278 232.844137710531
2020 317 955 10.4555984497071 230.75927984031
2020 318 956 10.5971694946289 266.090596364458
2020 319 957 11.3770080566406 223.039051649921
2020 320 958 10.3692337036133 296.65078585028
2020 321 959 13.4022232055664 280.880662207576
2020 322 960 15.0123764038086 231.859625494453
2020 323 961 14.6463104248047 181.025476270602
2020 324 962 11.8698287963867 226.438087238025
2020 325 963 10.9443374633789 248.485080306456
2020 326 964 10.3408752441406 270.215778676585
2020 327 965 9.66287002563479 274.278590169505
2020 328 966 11.2049270629883 274.006847202615
2020 329 967 10.5881401062012 279.722402611092
2020 330 968 11.2779708862305 278.038472651318
2020 331 969 10.5507675170899 285.696333198861
2020 332 970 10.1516128540039 283.433278523997
2020 333 971 9.80035552978518 280.907386608437
2020 334 972 9.12020645141604 278.020644566373
2020 335 973 9.57521972656252 270.910731257991
2020 336 974 9.96513519287112 268.598668754176
2020 337 975 9.82163009643557 258.258991614178
2020 338 976 10.2985549926758 254.053623483971
2020 339 977 10.513818359375 260.544321062878
2020 340 978 10.5028663635254 260.588864814357
2020 341 979 10.295972442627 229.917314221219
2020 342 980 11.9009757995606 259.969646564797
2020 343 981 13.4417434692383 264.2462975498
2020 344 982 11.7224594116211 264.705139645413
2020 345 983 11.2706695556641 251.714841281489
2020 346 984 9.75889739990237 216.922554299907
2020 347 985 11.1280151367188 153.249558870748
2020 348 986 10.8762413024903 85.896875588969
2020 349 987 9.66824111938479 182.335201210216
2020 350 988 8.53844985961916 239.994153868512
2020 351 989 8.75714645385744 199.949625967816
2020 352 990 11.477124786377 205.308794319228
2020 353 991 9.26886901855471 239.927339375333
2020 354 992 8.15625915527346 250.093271061734
2020 355 993 8.07698593139651 249.906171428994
2020 356 994 8.14079055786135 230.821639445142
2020 357 995 8.83749160766604 212.824105537728
2020 358 996 8.45509490966799 257.604130551175
2020 359 997 8.20674667358401 204.640569752768
2020 360 998 10.0014472961426 160.996525065855
2020 361 999 12.0999160766602 191.436431518749
2020 362 1000 9.35523376464846 186.669750503854
2020 363 1001 9.81110916137698 193.008985719279
2020 364 1002 8.68473968505862 208.854844113187
2020 365 1003 8.38162384033205 201.66473491557
2020 366 1004 9.70605239868166 219.568725558833
2021 1 1005 9.09529266357424 250.286642874718
2021 2 1006 9.86012420654299 114.562156455517
2021 3 1007 10.7500434875489 114.54425188601
2021 4 1008 11.4362350463867 119.995970210314
2021 5 1009 8.99723587036135 142.362329709053
2021 6 1010 8.14814910888674 165.176294751167
2021 7 1011 9.46490249633791 174.826462188005
2021 8 1012 9.69283447265627 178.290850159645
2021 9 1013 8.72508392333987 235.565211102486
2021 10 1014 8.80032501220705 223.139958750248
2021 11 1015 9.24238357543948 179.09204597044
2021 12 1016 10.0826545715332 251.150505119801
2021 13 1017 11.6753707885742 187.900725479364
2021 14 1018 13.2146507263184 197.219679738045
2021 15 1019 11.5715156555176 258.186708732128
2021 16 1020 13.0675636291504 265.227396582603
2021 17 1021 13.8818336486817 276.730608525753
2021 18 1022 14.5842338562012 287.334140768528
2021 19 1023 16.2573905944824 305.725853170395
2021 20 1024 12.2623115539551 302.427076828003
2021 21 1025 10.9187408447266 303.92204632473
2021 22 1026 9.86673889160159 239.589106444359
2021 23 1027 8.0436950683594 246.482069972515
2021 24 1028 7.90541229248049 259.905470290184
2021 25 1029 7.47456512451174 221.967252604008
2021 26 1030 6.19043121337893 304.454692367554
2021 27 1031 8.95201644897463 177.059958793163
2021 28 1032 10.1214767456055 96.5777539517879
2021 29 1033 7.92142257690432 221.139201766014
2021 30 1034 8.81073150634768 228.587193214416
2021 31 1035 10.9489608764649 287.857835975647
2021 32 1036 11.6697708129883 297.14097857523
2021 33 1037 12.6111045837403 215.145888705254
2021 34 1038 9.40987548828127 293.784013988495
2021 35 1039 9.12190399169924 324.968009880066
2021 36 1040 9.53874740600588 357.132241985321
2021 37 1041 10.3952423095703 360.842821284294
2021 38 1042 11.3103614807129 364.096832863808
2021 39 1043 10.2853713989258 310.501708426476
2021 40 1044 11.5540939331055 245.994200788975
2021 41 1045 10.8849159240723 314.498746725082
2021 42 1046 10.2753692626953 267.478800655365
2021 43 1047 11.1900917053223 250.062839725018
2021 44 1048 11.9245124816895 256.830491553307
2021 45 1049 10.1352859497071 297.839224906921
2021 46 1050 11.6833816528321 123.093331580639
2021 47 1051 10.0110260009766 298.336057526588
2021 48 1052 10.0288330078125 401.802300092697
2021 49 1053 10.0660568237305 391.610544886057
2021 50 1054 11.4590431213379 190.161096048777
2021 51 1055 10.7708488464356 261.01550770059
2021 52 1056 10.394246673584 385.908184642352
2021 53 1057 11.6991897583008 417.700915417526
2021 54 1058 13.9588829040528 408.851930864237
2021 55 1059 13.759366607666 446.799113506466
2021 56 1060 13.1087928771973 452.035996606097
2021 57 1061 10.7778602600098 443.406355011478
2021 58 1062 10.224942779541 454.041218833342
2021 59 1063 11.4534507751465 458.687263960183
2021 60 1064 11.6471572875977 460.088235034019
2021 61 1065 11.7800384521485 464.622388713598
2021 62 1066 11.5875221252442 421.926212182075
2021 63 1067 10.018025970459 428.331309928805
2021 64 1068 11.4564491271973 460.043478366911
2021 65 1069 11.2089057922364 469.608607572377
2021 66 1070 9.45269927978518 488.098788365304
2021 67 1071 10.0540405273438 418.74828532064
2021 68 1072 9.62059555053713 389.359143359959
2021 69 1073 8.3516670227051 357.530596574604
2021 70 1074 7.64566574096682 424.795308435798
2021 71 1075 9.35083923339846 502.981340661406
2021 72 1076 10.5707412719727 459.090106315732
2021 73 1077 9.35824356079104 351.237405379891
2021 74 1078 8.83674392700198 349.500727407932
2021 75 1079 7.84217987060549 500.483758743763
2021 76 1080 8.05049667358401 476.112157014608
2021 77 1081 10.5243125915528 277.737691576362
2021 78 1082 11.9979568481446 256.982673841894
2021 79 1083 9.40487060546877 444.153833191872
2021 80 1084 9.62980041503909 540.145240874767
2021 81 1085 10.4802909851074 545.08222150588
2021 82 1086 11.4264274597168 563.348598267078
2021 83 1087 13.7077346801758 573.768635605812
2021 84 1088 11.1044441223145 475.713820128918
2021 85 1089 11.8278594970703 516.601683179378
2021 86 1090 13.1948448181153 579.923070765495
2021 87 1091 14.6544815063477 572.51535076952
2021 88 1092 12.7229705810547 580.325907765865
2021 89 1093 13.7979789733887 605.180908804893
2021 90 1094 16.9608016967774 608.461784987926
2021 91 1095 18.5667167663574 607.875438467026
2021 92 1096 15.5643974304199 593.149516408443
2021 93 1097 11.6605659484864 513.508803779125
2021 94 1098 11.2711387634278 537.025495862961
2021 95 1099 10.877515411377 451.883795873642
2021 96 1100 11.0189987182617 530.978476779938
2021 97 1101 11.2121063232422 574.153559846401
2021 98 1102 10.6978126525879 628.003825186729
2021 99 1103 11.9359260559082 631.53534845829
2021 100 1104 11.1074462890625 632.211208880424
2021 101 1105 12.1326347351074 617.091435434341
2021 102 1106 12.5670829772949 597.576260847092
2021 103 1107 12.0974136352539 622.578964535713
2021 104 1108 11.2979560852051 657.030398008347
2021 105 1109 12.4920402526856 638.544694019318
2021 106 1110 11.4614501953125 632.018734915733
2021 107 1111 12.4572273254395 638.490993037224
2021 108 1112 15.5157752990723 669.066270610809
2021 109 1113 14.4237457275391 665.727196103096
2021 110 1114 11.899503326416 635.657699464798
2021 111 1115 11.7019897460938 622.556568041801
2021 112 1116 11.0972381591797 594.465448526382
2021 113 1117 11.0592170715332 600.745216554642
2021 114 1118 11.4094215393067 591.256212798119
2021 115 1119 12.1094223022461 415.037703627586
2021 116 1120 10.7976661682129 491.934682451248
2021 117 1121 11.9047065734864 652.76034687233
2021 118 1122 15.2892395019531 693.670622545242
2021 119 1123 16.3110290527344 686.90743580246
2021 120 1124 14.7567420959473 681.478099481583
2021 121 1125 13.6721206665039 630.496925512314
2021 122 1126 13.8159957885742 668.233735534668
2021 123 1127 16.4208885192871 705.052950576782
2021 124 1128 19.0457969665528 701.543805654526
2021 125 1129 17.6463943481446 685.251327070236
2021 126 1130 14.0651374816895 659.004314581871
2021 127 1131 13.5778633117676 704.618800519943
2021 128 1132 15.936410522461 729.249980264664
2021 129 1133 19.0910202026367 716.533807859421
2021 130 1134 17.5735488891602 713.80346175003
2021 131 1135 17.6850143432617 717.044070512772
2021 132 1136 16.0442710876465 664.863328602259
2021 133 1137 14.396932220459 646.261253741576
2021 134 1138 13.0709663391114 664.42022202279
2021 135 1139 11.560506439209 522.680051322607
2021 136 1140 12.7359748840332 551.630535740523
2021 137 1141 12.8442398071289 619.016086665668
2021 138 1142 13.5670562744141 686.352415592097
2021 139 1143 13.2302604675293 720.960525884434
2021 140 1144 12.2306877136231 746.231769615076
2021 141 1145 13.061166381836 756.0296529162
2021 142 1146 13.3911567687989 730.946399416119
2021 143 1147 13.8288017272949 683.868258408084
2021 144 1148 14.3134819030762 714.703130740047
2021 145 1149 15.2634254455567 691.374442636981
2021 146 1150 14.6302734375 740.67713154079
2021 147 1151 13.754769897461 727.271631098971
2021 148 1152 14.9138313293457 676.397885586277
2021 149 1153 13.5628524780274 677.239363087341
2021 150 1154 14.2930694580078 720.93814813365
2021 151 1155 17.9945960998535 740.28769816047
2021 152 1156 18.60634765625 736.988931331396
2021 153 1157 16.0034500122071 671.724984739214
2021 154 1158 15.2822395324707 683.930915785819
2021 155 1159 16.7160583496094 720.029501610786
2021 156 1160 15.948819732666 738.121363095611
2021 157 1161 16.4639106750489 747.3552546781
2021 158 1162 15.1743751525879 756.915883989394
2021 159 1163 13.7009330749512 744.763653767377
2021 160 1164 13.6679168701172 763.074826193988
2021 161 1165 13.8360076904297 762.313896354437
2021 162 1166 14.85439453125 753.366446824014
2021 163 1167 18.5511070251465 697.627344880432
2021 164 1168 18.5617156982422 611.684468579471
2021 165 1169 18.8400741577149 579.735088504702
2021 166 1170 17.003621673584 723.176120203912
2021 167 1171 19.8220420837403 740.072868653238
