Year DOY_disc DOY TA_C PAR_umol_m2_day
2018 93 1 13.227914428711 590.327717948913
2018 94 2 13.6720329284668 546.789051976442
2018 95 3 13.6871276855469 382.795040952206
2018 96 4 13.9226280212403 167.13473347044
2018 97 5 15.9743019104004 310.278057930887
2018 98 6 13.4565826416016 595.443642463684
2018 99 7 14.399617767334 619.395024406433
2018 100 8 17.1137519836426 583.236618834495
2018 101 9 12.4784141540528 437.87343312645
2018 102 10 11.010213470459 533.598891768455
2018 103 11 11.4264198303223 617.063942321777
2018 104 12 14.6125885009766 636.144086838722
2018 105 13 14.463094329834 635.458985771179
2018 106 14 10.3552032470703 522.028023119926
2018 107 15 9.78661117553713 590.105291269302
2018 108 16 11.0765892028809 487.778093074322
2018 109 17 11.1173149108887 605.555367135048
2018 110 18 13.5099388122559 656.883566803932
2018 111 19 15.1197639465332 660.744963072776
2018 112 20 16.9719177246094 666.919655678749
2018 113 21 17.8558135986328 666.599352953911
2018 114 22 15.5525108337403 649.961487732887
2018 115 23 13.5597625732422 613.549538487434
2018 116 24 13.1516242980957 615.386816085815
2018 117 25 13.1758171081543 624.617700703621
2018 118 26 13.6540466308594 584.459975652695
2018 119 27 12.9214950561524 486.563595360756
2018 120 28 12.8201805114746 503.161412408829
2018 121 29 12.7339683532715 608.019883655548
2018 122 30 13.8316513061524 657.426283103943
2018 123 31 13.2537628173828 654.147673484802
2018 124 32 14.0394454956055 661.968334003448
2018 125 33 15.0525680541992 559.418691488266
2018 126 34 13.33046875 586.088186042786
2018 127 35 14.5997596740723 672.876364009857
2018 128 36 15.5595451354981 674.077494691849
2018 129 37 15.8308082580567 641.558059717178
2018 130 38 14.3884635925293 702.517511825561
2018 131 39 15.1954322814942 682.925791187286
2018 132 40 20.4363761901856 724.98752483229
2018 133 41 14.7498718261719 620.787444782775
2018 134 42 13.660661315918 606.658625473186
2018 135 43 13.4689956665039 535.845446198709
2018 136 44 13.9050537109375 575.482671174813
2018 137 45 14.0177360534668 639.507244965963
2018 138 46 14.3100982666016 669.628861150715
2018 139 47 13.6705871582031 685.732889841054
2018 140 48 12.8191505432129 632.611884337481
2018 141 49 13.7129722595215 638.377295752622
2018 142 50 13.9375129699707 598.397519411906
2018 143 51 13.4855323791504 548.381666284904
2018 144 52 13.3910499572754 505.732720056563
2018 145 53 13.3682991027832 419.006833535224
2018 146 54 13.7849250793457 428.073118337661
2018 147 55 15.6701522827149 642.2431467195
2018 148 56 18.6534896850586 733.426546413481
2018 149 57 20.2248588562012 732.959444914564
2018 150 58 15.3680854797364 678.930928131014
2018 151 59 12.9787727355957 697.842033136934
2018 152 60 14.4258819580078 731.317902128309
2018 153 61 19.3196655273438 748.516276957124
2018 154 62 20.623910522461 744.241150056153
2018 155 63 18.6456352233887 742.604061062276
2018 156 64 15.2460952758789 747.101602577955
2018 157 65 13.7690101623535 725.094300260186
2018 158 66 14.1287704467774 710.293720386803
2018 159 67 15.4818016052246 751.194356579453
2018 160 68 16.1860176086426 683.192718493432
2018 161 69 15.3984809875489 740.9669571684
2018 162 70 16.5091949462891 741.224994656384
2018 163 71 19.4468246459961 752.87147761774
2018 164 72 18.8007026672364 760.5186617648
2018 165 73 17.4830184936524 751.616968398452
2018 166 74 16.3357177734375 731.575927425384
2018 167 75 15.5674034118653 696.071471023917
2018 168 76 15.050912475586 683.71764353323
2018 169 77 17.2702690124512 684.091333930671
2018 170 78 16.3142143249512 697.027939439773
2018 171 79 15.4301124572754 734.979129386306
2018 172 80 15.6170135498047 748.329436672568
2018 173 81 18.6321922302246 772.31641720128
2018 174 82 22.4324356079102 763.993036137819
2018 175 83 20.9791198730469 694.336496124983
2018 176 84 17.5574584960938 632.318267294109
2018 177 85 17.4979110717774 750.371340460539
2018 178 86 16.8941780090332 671.733059121072
2018 179 87 16.1208892822266 727.923612918317
2018 180 88 18.018327331543 746.216335397661
2018 181 89 20.8048301696778 752.929305049002
2018 182 90 20.1810317993164 701.009442804217
2018 183 91 17.5996376037598 661.874912018359
2018 184 92 16.9735694885254 734.142784131586
2018 185 93 17.0283599853516 680.136501690268
2018 186 94 17.6660095214844 709.573036798835
2018 187 95 21.0196472167969 635.975041909516
2018 188 96 21.7379356384278 692.178926701128
2018 189 97 19.7333999633789 737.434765633464
2018 190 98 19.9966026306153 747.684393354297
2018 191 99 21.5656944274903 742.982196951568
2018 192 100 19.0275131225586 694.131876298606
2018 193 101 19.1484733581543 682.116146919608
2018 194 102 20.2083221435547 582.253478853583
2018 195 103 18.8286148071289 664.27716525507
2018 196 104 17.5206581115723 652.670713141084
2018 197 105 18.0857254028321 663.480850658715
2018 198 106 18.6439796447754 685.741772095024
2018 199 107 18.7903686523438 720.227496355831
2018 200 108 19.8084465026856 704.648425592393
2018 201 109 19.8138252258301 637.233990383446
2018 202 110 20.6619506835938 608.851793183744
2018 203 111 19.7404228210449 605.871206380933
2018 204 112 18.9233108520508 669.597719708055
2018 205 113 18.7897506713867 682.116139579862
2018 206 114 19.7598587036133 705.951877874464
2018 207 115 19.4553047180176 704.457131972223
2018 208 116 17.9550605773926 711.103368151098
2018 209 117 17.474137878418 723.047899617895
2018 210 118 17.4935737609864 710.218093914568
2018 211 119 17.1792922973633 611.716701151728
2018 212 120 17.8132225036621 680.127617888808
2018 213 121 17.4346366882324 681.720220148116
2018 214 122 16.9673667907715 683.802171557769
2018 215 123 17.6645599365235 712.865021498069
2018 216 124 20.5101905822754 704.528298265241
2018 217 125 18.7872673034668 705.25787327005
2018 218 126 19.1093955993653 704.839709955189
2018 219 127 18.396688079834 694.367648998588
2018 220 128 17.0893569946289 679.033254747637
2018 221 129 18.8751350402832 684.843150519017
2018 222 130 20.7033058166504 681.778054206412
2018 223 131 20.7814575195313 647.563704054832
2018 224 132 19.9531761169434 654.654810225487
2018 225 133 18.406209564209 645.575174015999
2018 226 134 16.7800422668457 619.114751709938
2018 227 135 16.6580558776856 573.49856925106
2018 228 136 17.7551170349121 641.842765746116
2018 229 137 18.4665809631348 646.424846673965
2018 230 138 20.0675178527832 664.237136738777
2018 231 139 18.7986312866211 674.015205262184
2018 232 140 17.3184448242188 623.265327661514
2018 233 141 15.939771270752 552.274220010757
2018 234 142 16.8832145690918 572.088373376846
2018 235 143 17.0031295776367 573.885625987053
2018 236 144 16.5069175720215 566.607669672012
2018 237 145 16.9959007263184 603.36663655281
2018 238 146 16.6082321166992 575.527157543182
2018 239 147 16.6214576721192 553.377471623421
2018 240 148 16.8931365966797 542.029030662536
2018 241 149 17.451806640625 540.645496273041
2018 242 150 17.7931610107422 532.259849972725
2018 243 151 16.8788772583008 592.018203656196
2018 244 152 17.6827522277832 611.414191356659
2018 245 153 17.7958503723145 605.920144309044
2018 246 154 17.8030944824219 574.641877100944
2018 247 155 17.9794555664063 565.811375425339
2018 248 156 17.7468467712403 559.965857753277
2018 249 157 16.0917411804199 553.399700783729
2018 250 158 17.2967315673828 591.350902448654
2018 251 159 18.7955299377442 593.112553322792
2018 252 160 18.0334220886231 586.186036887169
2018 253 161 17.8963371276856 593.962257229805
2018 254 162 18.3243270874024 585.220705460548
2018 255 163 16.3125625610352 576.706053016663
2018 256 164 16.0441909790039 546.60667220974
2018 257 165 15.6604400634766 516.889868436813
2018 258 166 16.3121467590332 535.578544054031
2018 259 167 15.4205986022949 562.390391119003
2018 260 168 16.2662483215332 499.971754208088
2018 261 169 15.566365814209 494.077326738357
2018 262 170 15.589315032959 541.379522258758
2018 263 171 18.9268280029297 549.315874811172
2018 264 172 19.9914337158203 541.735432767868
2018 265 173 17.5607696533203 530.25352813816
2018 266 174 17.1898323059082 525.408976389885
2018 267 175 17.0074783325196 520.644501834869
2018 268 176 16.9165092468262 515.586416784763
2018 269 177 17.1098266601563 500.32764657259
2018 270 178 17.8097091674805 484.717424888611
2018 271 179 15.5349403381348 408.5036419487
2018 272 180 16.1703125 455.850306374073
2018 273 181 17.5562187194824 389.249996678352
2018 274 182 17.797509765625 384.63231955862
2018 275 183 18.9735542297364 349.154570129394
2018 276 184 19.2853446960449 385.446422233581
2018 277 185 18.0183235168457 272.718334553003
2018 278 186 15.6052375793457 416.137468703508
2018 279 187 16.8408294677735 442.967118652582
2018 280 188 19.0517059326172 469.445320657968
2018 281 189 19.9680686950684 460.846116358995
2018 282 190 18.2405906677246 437.677686328173
2018 283 191 15.3141227722168 373.003625557899
2018 284 192 14.7738548278809 376.682629963636
2018 285 193 16.7941032409668 393.685280170917
2018 286 194 18.3917366027832 438.691976442099
2018 287 195 16.2501197814942 418.424063108563
2018 288 196 17.7075668334961 437.063796545029
2018 289 197 17.1621376037598 433.558275756121
2018 290 198 15.8448692321778 414.584912380576
2018 291 199 15.1871658325196 416.101872133613
2018 292 200 16.2856765747071 412.78320237112
2018 293 201 17.2582756042481 403.369931308389
2018 294 202 15.8665786743164 394.948677349806
2018 295 203 14.4951454162598 390.001814837813
2018 296 204 13.8455024719239 355.32035423708
2018 297 205 13.7874046325684 336.725116922498
2018 298 206 15.8225379943848 358.94597682941
2018 299 207 16.5395790100098 368.657312951386
2018 300 208 17.5043235778809 357.620300805211
2018 301 209 16.8892189025879 317.951929519534
2018 302 210 15.3701492309571 285.846223853946
2018 303 211 15.0982566833496 361.116916119933
2018 304 212 15.2849594116211 360.333951607585
2018 305 213 17.5068031311035 330.421418739974
2018 306 214 17.6099792480469 345.582322798252
2018 307 215 17.5123802185059 346.641097095162
2018 308 216 16.5625320434571 327.743346488893
2018 309 217 15.2289329528809 339.10068536371
2018 310 218 14.6194129943848 344.652559779584
2018 311 219 14.7537971496582 339.03839489451
2018 312 220 14.7258888244629 343.255681338534
2018 313 221 13.8465400695801 345.168592544138
2018 314 222 12.0404983520508 337.64597835736
2018 315 223 11.5184341430664 334.878936622024
2018 316 224 11.9704071044922 329.887587091953
2018 317 225 12.0727478027344 263.585315506324
2018 318 226 11.5302139282227 276.094848292686
2018 319 227 10.7652030944824 307.733434224185
2018 320 228 10.9953247070313 308.142713564329
2018 321 229 11.3780418395996 287.852550106533
2018 322 230 10.1887641906739 280.054123449728
2018 323 231 10.7302604675293 255.390953584555
2018 324 232 11.2748657226563 266.961825674575
2018 325 233 13.433438873291 128.685297262907
2018 326 234 13.3883605957031 193.973275033235
2018 327 235 13.7532897949219 137.231098201752
2018 328 236 14.941537475586 127.40409102571
2018 329 237 11.5872817993164 227.676036041736
2018 330 238 12.2354675292969 243.935750756979
2018 331 239 12.7471977233887 185.365194115043
2018 332 240 14.7790275573731 111.669313919187
2018 333 241 13.8818984985352 129.583915755749
2018 334 242 12.1403633117676 225.340510166287
2018 335 243 11.0143447875977 138.59682743907
2018 336 244 9.24510726928713 256.160566433906
2018 337 245 9.18493804931643 251.925477184534
2018 338 246 10.3979965209961 144.602464090466
2018 339 247 10.6537605285645 124.970697295308
2018 340 248 11.6052680969239 222.466700189233
2018 341 249 10.1075035095215 235.443328229427
2018 342 250 10.3326698303223 215.740383666992
2018 343 251 9.73285827636721 168.985365499973
2018 344 252 9.61976394653323 116.442687522173
2018 345 253 9.24056396484377 223.098401928782
2018 346 254 11.3244873046875 216.776911005497
2018 347 255 10.0341049194336 252.223537140608
2018 348 256 11.6513801574707 171.307542362451
2018 349 257 12.3138328552246 157.623586236477
2018 350 258 12.8975196838379 144.037493303299
2018 351 259 12.1542106628418 165.751218139082
2018 352 260 10.8189598083496 199.921082174301
2018 353 261 12.1757179260254 165.181793827295
2018 354 262 10.300611114502 145.897016190529
2018 355 263 11.8653732299805 134.628655825019
2018 356 264 10.6632629394531 184.973713748932
2018 357 265 10.8423248291016 213.40930737853
2018 358 266 11.5788017272949 130.909607656479
2018 359 267 10.7579704284668 176.352282557726
2018 360 268 10.0502296447754 252.121219194651
2018 361 269 10.2433448791504 253.215578437567
2018 362 270 10.0591217041016 258.171347053766
2018 363 271 8.15135345458987 252.539388892412
2018 364 272 8.3215156555176 248.695780387163
2018 365 273 9.6813789367676 260.951736998796
2019 1 274 8.06074676513674 268.978126369953
2019 2 275 6.54986724853518 260.221840171337
2019 3 276 6.85007247924807 260.980148682117
2019 4 277 7.18959579467776 237.334162409067
2019 5 278 10.119718170166 136.781847799301
2019 6 279 9.76094589233401 76.0766477601528
2019 7 280 11.730069732666 107.497576504052
2019 8 281 12.654370880127 127.164650626421
2019 9 282 13.9406410217285 109.919717490673
2019 10 283 11.0630699157715 171.980959058762
2019 11 284 11.1310516357422 183.27982340765
2019 12 285 12.6477523803711 206.890124025822
2019 13 286 11.1639305114746 244.587205925941
2019 14 287 11.2642112731934 179.635456805706
2019 15 288 10.7357803344727 66.5442065691948
2019 16 289 12.441796875 50.1244982488155
2019 17 290 13.5959144592285 112.939586833298
2019 18 291 12.4965454101563 174.621668790817
2019 19 292 13.3871475219727 212.800510181904
2019 20 293 14.0366989135742 178.109913141251
2019 21 294 10.024259185791 235.103833549976
2019 22 295 9.85118637084963 276.244550274849
2019 23 296 9.05705032348635 303.838221261978
2019 24 297 10.6353050231934 304.444877142906
2019 25 298 10.5302291870117 297.776178443909
2019 26 299 11.3335968017578 283.863367155075
2019 27 300 11.8126922607422 282.083552520752
2019 28 301 12.1981330871582 243.802133111
2019 29 302 12.5763641357422 216.168308107376
2019 30 303 11.859822845459 267.176015541077
2019 31 304 12.5909934997559 223.439195081711
2019 32 305 12.546273803711 193.793605869293
2019 33 306 12.4255500793457 191.054764555454
2019 34 307 11.6895614624024 209.566518656731
2019 35 308 9.71322021484377 207.438784196854
2019 36 309 5.93860778808596 304.047875145912
2019 37 310 6.11488494873049 326.257536049843
2019 38 311 7.81408462524416 304.302135531426
2019 39 312 8.75161514282229 244.065305522919
2019 40 313 8.12532577514651 201.332137901306
2019 41 314 7.85880432128909 303.695492754936
2019 42 315 7.23491821289065 353.53450299263
2019 43 316 7.09073028564455 245.367820207596
2019 44 317 10.4570251464844 103.549887190819
2019 45 318 14.1325622558594 129.051508112907
2019 46 319 9.6181579589844 244.065311571121
2019 47 320 8.24405059814455 311.938796625137
2019 48 321 7.6927543640137 331.186574131012
2019 49 322 7.03658065795901 375.806595575145
2019 50 323 7.64442596435549 419.654944113167
2019 51 324 9.64884338378909 340.924203712853
2019 52 325 8.0589424133301 390.482192633454
2019 53 326 7.99377212524416 424.802541975752
2019 54 327 7.39734802246096 413.441237960793
2019 55 328 9.63680801391604 363.423800708748
2019 56 329 10.5691314697266 305.149662046157
2019 57 330 11.8854881286621 184.577876101799
2019 58 331 12.8877922058106 169.875520442989
2019 59 332 10.8290344238281 315.025569923937
2019 60 333 9.75954208374026 334.572211607814
2019 61 334 11.8002563476563 177.503256323166
2019 62 335 12.9303108215332 209.249815683424
2019 63 336 11.3137413024903 308.053556136906
2019 64 337 11.0432182312012 173.823207807094
2019 65 338 13.2034507751465 157.372277720302
2019 66 339 11.0043006896973 284.991922903508
2019 67 340 8.86632308959963 345.964753415346
2019 68 341 8.31944808959963 289.573015422761
2019 69 342 9.04520950317385 338.66709615165
2019 70 343 9.09935150146487 427.94730838561
2019 71 344 11.3039222717285 499.255515985966
2019 72 345 9.9612861633301 488.871092353701
2019 73 346 10.8095832824707 530.555998619914
2019 74 347 10.969815826416 520.274176947117
2019 75 348 12.584977722168 515.701997178793
2019 76 349 13.1396842956543 522.611562266827
2019 77 350 14.6373191833496 512.695501482964
2019 78 351 13.650464630127 479.249436269522
2019 79 352 13.0929504394531 318.313079662085
2019 80 353 10.9335151672364 468.445697939157
2019 81 354 11.5463691711426 396.205228719473
2019 82 355 12.4907241821289 363.856487754226
2019 83 356 10.8222137451172 496.699552407503
2019 84 357 12.715535736084 379.120878636599
2019 85 358 13.1454940795899 352.794018786669
2019 86 359 14.4317680358887 289.541793908358
2019 87 360 12.4012809753418 464.239296322346
2019 88 361 11.5317283630371 500.223485940933
2019 89 362 12.4000755310059 547.742952048302
2019 90 363 13.4980484008789 588.651712646484
2019 91 364 14.9297157287598 464.676442255497
2019 92 365 13.2854705810547 298.944877151966
2019 93 366 13.2321296691895 337.899865219116
2019 94 367 13.2838684082031 285.942032799959
2019 95 368 12.7069107055664 250.479748876572
2019 96 369 14.3060317993164 344.938798586845
2019 97 370 15.4483200073242 448.823226979256
2019 98 371 16.1907287597656 464.190208102703
2019 99 372 14.7943511962891 480.083578403473
2019 100 373 12.9531761169434 635.46193830204
2019 101 374 13.5678344726563 531.925434271336
2019 102 375 13.0127349853516 562.855690426827
2019 103 376 14.5705467224121 628.864600328445
2019 104 377 13.8911109924317 613.760814297676
2019 105 378 12.2633071899414 587.795272049904
2019 106 379 11.8664337158203 463.311481895924
2019 107 380 13.3448348999024 605.820818711281
2019 108 381 15.9173828125 648.558449906349
2019 109 382 16.9495826721192 601.324461981773
2019 110 383 13.8708587646485 536.783091970444
2019 111 384 12.529428100586 666.445733650207
2019 112 385 15.1870132446289 673.62293396759
2019 113 386 18.8278556823731 663.684564892769
2019 114 387 20.5533233642578 655.981003623009
2019 115 388 18.4574562072754 649.811900564194
2019 116 389 15.3544631958008 668.698366516113
2019 117 390 15.5151077270508 617.31595680809
2019 118 391 13.5315338134766 633.94084057045
2019 119 392 13.9767433166504 620.746195872307
2019 120 393 14.073201751709 655.887340150833
2019 121 394 13.909555053711 691.822461206436
2019 122 395 15.3301979064942 709.549131908417
2019 123 396 15.0506416320801 686.00127394104
2019 124 397 14.1117073059082 672.315949661255
2019 125 398 12.7770973205567 645.226330831528
2019 126 399 13.1685539245606 542.367851975441
2019 127 400 13.4932304382324 593.085612612724
2019 128 401 14.257901763916 649.526413309097
2019 129 402 14.2252136230469 561.798516036987
2019 130 403 14.7484298706055 599.589262921333
2019 131 404 15.1968399047852 649.392588764191
2019 132 405 14.7253662109375 659.826098978043
2019 133 406 14.8627296447754 686.616853052905
2019 134 407 14.5396629333496 590.485046157272
2019 135 408 14.5001617431641 311.818354852488
2019 136 409 13.4035888671875 473.42380495148
2019 137 410 12.845288848877 484.678058959598
2019 138 411 12.0617652893067 379.714155909315
2019 139 412 11.823316192627 422.49638473054
2019 140 413 12.0878387451172 547.586832431067
2019 141 414 13.1685615539551 471.153329732619
2019 142 415 13.9905792236328 542.336625724066
2019 143 416 15.6063438415528 678.685787403233
2019 144 417 15.6250015258789 626.834993685976
2019 145 418 14.1843009948731 629.159011036955
2019 146 419 12.8372627258301 550.941250295341
2019 147 420 13.0025077819824 567.05762719439
2019 148 421 14.2155853271485 633.396643657863
2019 149 422 15.3247886657715 675.398265718311
2019 150 423 14.5480895996094 674.25635057731
2019 151 424 15.2219100952149 677.860564249545
2019 152 425 16.9734436035156 725.96883556664
2019 153 426 16.4211441040039 623.248639788747
2019 154 427 15.8307548522949 684.948560384065
2019 155 428 17.990193939209 725.509374538302
2019 156 429 20.6890884399414 737.963569303632
2019 157 430 17.1430984497071 732.699994746029
2019 158 431 14.5573097229004 764.812301489144
2019 159 432 19.1906372070313 777.427087497622
2019 160 433 22.8451133728028 743.757975474805
2019 161 434 26.2388931274414 695.12778772065
2019 162 435 27.268270111084 741.491933239907
2019 163 436 25.8757110595703 733.400315737188
2019 164 437 18.7081314086914 696.564140968203
2019 165 438 16.1020866394043 678.12820889771
2019 166 439 14.7486358642578 655.664287923276
2019 167 440 14.839070892334 598.706050145328
2019 168 441 16.4750991821289 703.567384270906
2019 169 442 19.1413017272949 732.334221634686
2019 170 443 17.9843727111817 693.365836798966
2019 171 444 16.7959648132324 719.759593359828
2019 172 445 16.572354888916 758.772591438353
2019 173 446 19.0933738708496 762.394619130313
2019 174 447 20.4039131164551 758.835020984709
2019 175 448 19.6962028503418 721.869488520384
2019 176 449 18.0742202758789 721.3877345106
2019 177 450 16.9429641723633 744.592134902835
2019 178 451 16.1943336486817 753.348407997012
2019 179 452 16.3323112487793 659.397858519077
2019 180 453 16.7775131225586 719.246623064816
2019 181 454 17.2134910583496 724.019534484327
2019 182 455 16.7867408752442 759.472898317039
2019 183 456 17.0434280395508 752.67930858326
2019 184 457 16.6712242126465 743.240541259825
2019 185 458 16.6902709960938 742.031696032524
2019 186 459 17.262223815918 734.176457499087
2019 187 460 17.4126335144043 748.156193912804
2019 188 461 16.8246360778809 694.646051571965
2019 189 462 16.0936599731446 701.038201692164
2019 190 463 15.5383583068848 662.274997779608
2019 191 464 17.9055572509766 677.793654213667
2019 192 465 18.3623977661133 699.98546964407
2019 193 466 17.759969329834 694.476536017001
2019 194 467 18.2049728393555 733.877594770134
2019 195 468 18.4829193115235 737.316776731789
2019 196 469 19.4978652954102 736.219449396491
2019 197 470 18.9319358825684 700.293255582303
2019 198 471 18.2601257324219 673.58723331821
2019 199 472 19.3306175231934 687.972902876466
2019 200 473 17.9687362670899 643.504524035007
2019 201 474 17.94326171875 661.721866537869
2019 202 475 18.1658683776856 679.600228899509
2019 203 476 19.3474594116211 688.079954580426
2019 204 477 19.4551559448242 690.386116968185
2019 205 478 19.9418655395508 703.915301040858
2019 206 479 22.2013793945313 658.282696767121
2019 207 480 19.6442619323731 640.752289071202
2019 208 481 19.0069404602051 710.004108619854
2019 209 482 22.0690132141114 719.188634552911
2019 210 483 19.2516036987305 715.811901337504
2019 211 484 17.3901687622071 702.41207370013
2019 212 485 17.5237289428711 665.77661735189
2019 213 486 17.9859786987305 653.054797248542
2019 214 487 18.3134628295899 648.049924205407
2019 215 488 19.2929130554199 674.077923641711
2019 216 489 19.4655776977539 652.162677572928
2019 217 490 18.5138069152832 606.717408008553
2019 218 491 19.1767974853516 595.596955592886
2019 219 492 18.4809127807617 643.616020018026
2019 220 493 17.3502632141114 651.087636521164
2019 221 494 17.7968727111817 626.156978788577
2019 222 495 19.7515579223633 578.508159929564
2019 223 496 18.7382141113281 629.984242569923
2019 224 497 20.7602745056153 675.817580699921
2019 225 498 20.8489204406739 683.173225168228
2019 226 499 22.9004608154297 675.60792782402
2019 227 500 24.7366348266602 674.086842188835
2019 228 501 23.7559829711914 676.040616231918
2019 229 502 19.4453254699707 645.440445264816
2019 230 503 18.156640625 600.664295637131
2019 231 504 17.8123107910156 550.240924201012
2019 232 505 17.8431983947754 603.737679664612
2019 233 506 18.6146789550781 633.606293320656
2019 234 507 21.6326347351074 620.447349145889
2019 235 508 20.9834800720215 599.446533406258
2019 236 509 19.6452651977539 596.756753599167
2019 237 510 20.3646064758301 623.159426659584
2019 238 511 20.8757873535156 611.120090453148
2019 239 512 20.7424255371094 615.295275532722
2019 240 513 19.9069725036621 535.609949345589
2019 241 514 19.3639083862305 548.255929336548
2019 242 515 19.1433120727539 611.244983819008
2019 243 516 19.3300186157227 596.689835278511
2019 244 517 21.8634582519531 612.333387094498
2019 245 518 21.0741249084473 601.351225277901
2019 246 519 19.012353515625 587.251061843872
2019 247 520 19.38857421875 552.145621112824
2019 248 521 18.7380157470703 535.739301244736
2019 249 522 18.0284973144531 544.500041944504
2019 250 523 17.3953834533692 510.456251777172
2019 251 524 17.3935791015625 570.9874876194
2019 252 525 18.3387313842774 581.586019006729
2019 253 526 17.777417755127 560.322034887314
2019 254 527 18.3690200805664 566.642790575981
2019 255 528 21.5203338623047 573.654948551178
2019 256 529 23.9350639343262 568.904344540596
2019 257 530 22.7975822448731 571.61643667078
2019 258 531 19.1441093444824 536.368258360386
2019 259 532 18.4626670837403 371.894596651793
2019 260 533 16.9399543762207 539.07142636776
2019 261 534 17.8764854431153 383.304970954418
2019 262 535 17.2136932373047 468.142372770786
2019 263 536 18.6216979980469 531.135883266449
2019 264 537 20.8045936584473 534.334195940971
2019 265 538 20.2294479370117 515.661849966526
2019 266 539 18.8934379577637 502.801751006126
2019 267 540 22.6832824707031 518.173210823536
2019 268 541 24.3032585144043 498.907594648361
2019 269 542 23.3356376647949 471.715366550922
2019 270 543 18.8366752624512 356.068159792185
2019 271 544 15.0969673156739 480.288775770187
2019 272 545 13.7078147888184 496.73969961977
2019 273 546 14.0094276428223 459.787550630569
2019 274 547 12.9890686035156 500.593719097614
2019 275 548 14.6014305114746 496.489909359932
2019 276 549 14.8777786254883 486.087637608051
2019 277 550 14.2819686889649 488.572230632782
2019 278 551 15.786637878418 480.266459414959
2019 279 552 18.5282493591309 471.291601761818
2019 280 553 20.6902900695801 457.682128745794
2019 281 554 19.7667938232422 459.8410794909
2019 282 555 16.3355194091797 419.155357700825
2019 283 556 16.3463417053223 474.793232044458
2019 284 557 16.1849075317383 437.88121489501
2019 285 558 16.65859375 448.283499247313
2019 286 559 16.2514892578125 437.047074777126
2019 287 560 14.3705993652344 439.973271260262
2019 288 561 13.8965202331543 432.885280417919
2019 289 562 13.9318176269531 334.795246257782
2019 290 563 15.2860771179199 348.48057330966
2019 291 564 14.7682777404785 411.478552544951
2019 292 565 13.778207397461 398.1456093961
2019 293 566 14.7289749145508 356.581130906224
2019 294 567 16.7556549072266 397.012594830871
2019 295 568 19.3231903076172 401.834587161779
2019 296 569 20.0672050476074 389.456238872051
2019 297 570 21.7439323425293 389.411631992459
2019 298 571 21.7106452941895 390.036131960869
2019 299 572 19.2373634338379 387.043024843335
2019 300 573 15.7754035949707 394.925013001442
2019 301 574 14.5575119018555 392.650079782844
2019 302 575 12.6443382263184 377.537354823768
2019 303 576 13.7164360046387 377.889730032504
2019 304 577 12.9411445617676 374.981380471945
2019 305 578 12.4171272277832 373.174811487794
2019 306 579 13.7236534118653 365.899464027107
2019 307 580 14.2613121032715 358.575054398149
2019 308 581 14.7436195373535 344.314296602368
2019 309 582 14.197339630127 338.560035123378
2019 310 583 13.4657608032227 327.667095634252
2019 311 584 13.1242385864258 319.107084034085
2019 312 585 13.2439628601074 318.219405810311
2019 313 586 12.754842376709 313.02719550623
2019 314 587 13.026570892334 318.371068945765
2019 315 588 14.6810432434082 310.382019964144
2019 316 589 15.6829467773438 271.997998027906
2019 317 590 14.0908561706543 244.18574193842
2019 318 591 13.6231819152832 221.458648433939
2019 319 592 13.4996505737305 229.527999101087
2019 320 593 13.8263336181641 274.304168617751
2019 321 594 14.414926147461 293.030037191693
2019 322 595 15.1206375122071 293.779429411612
2019 323 596 14.9952903747559 280.227924016388
2019 324 597 12.9255043029785 279.152902912667
2019 325 598 12.6106468200684 289.457033758452
2019 326 599 11.3448310852051 267.180482138634
2019 327 600 11.6731239318848 271.458255317211
2019 328 601 12.4804931640625 279.741711187839
2019 329 602 11.6069351196289 284.657369385004
2019 330 603 10.0413032531739 254.275769620418
2019 331 604 8.00379714965823 154.954596085995
2019 332 605 6.09061584472659 182.030830275059
2019 333 606 6.70628509521487 239.671556801081
2019 334 607 6.86511383056643 126.990681137323
2019 335 608 10.683236694336 29.5875935655236
2019 336 609 12.4552284240723 37.7729151059017
2019 337 610 12.3964706420899 140.591253593326
2019 338 611 12.7821098327637 126.803335040331
2019 339 612 12.3533531188965 124.546240365028
2019 340 613 13.194425201416 157.167087693334
2019 341 614 14.6906753540039 174.49230731535
2019 342 615 13.671517944336 146.189384032011
2019 343 616 11.1234260559082 155.266841250539
2019 344 617 11.1519027709961 185.126536705971
2019 345 618 12.2480674743653 117.239667609811
2019 346 619 14.3064361572266 72.2003327177763
2019 347 620 13.8971267700196 103.741695979238
2019 348 621 12.312646484375 173.319157602757
2019 349 622 9.4852005004883 241.20602232027
2019 350 623 8.64653549194338 231.017866891742
2019 351 624 8.77227554321291 201.00650545001
2019 352 625 10.6461349487305 164.072194878101
2019 353 626 10.9730201721192 154.459460144639
2019 354 627 11.0055099487305 185.69303756237
2019 355 628 10.6924606323242 184.461898723602
2019 356 629 11.8227210998535 113.457023347855
2019 357 630 7.98594818115237 130.059618979931
2019 358 631 7.69777450561526 199.240085820198
2019 359 632 8.6888481140137 170.009345338345
2019 360 633 9.41942367553713 194.440405182362
2019 361 634 7.74208602905276 257.82199808836
2019 362 635 8.07999954223635 244.234821014881
2019 363 636 9.27643356323244 170.892552255154
2019 364 637 9.63159332275393 189.471225181103
2019 365 638 9.16292724609377 227.511779461861
2020 1 639 9.93055114746096 208.106435501889
2020 2 640 10.7557197570801 227.427057054833
2020 3 641 9.99628601074221 244.328717148618
2020 4 642 10.8773132324219 182.121366632298
2020 5 643 8.83684692382815 237.02723256977
2020 6 644 9.29443511962893 256.521606632546
2020 7 645 8.08257446289065 246.333392864064
2020 8 646 9.3429885864258 186.7944911526
2020 9 647 9.88930282592776 162.488901269749
2020 10 648 8.29181823730471 221.519943984345
2020 11 649 9.64095840454104 240.564377897576
2020 12 650 7.78932342529299 197.490556861714
2020 13 651 8.87121734619143 234.790908933953
2020 14 652 9.73934707641604 244.408903209523
2020 15 653 7.2009101867676 236.929222708062
2020 16 654 8.95929870605471 125.201909172849
2020 17 655 6.50055847167971 188.97735951455
2020 18 656 7.4219680786133 227.934910507516
2020 19 657 7.65656814575198 227.444876571492
2020 20 658 8.51309738159182 147.444910037116
2020 21 659 10.1563430786133 170.298222416714
2020 22 660 11.9493156433106 187.435978379802
2020 23 661 10.6773010253906 166.168595926598
2020 24 662 10.6891189575196 237.93156459792
2020 25 663 12.3965965270996 220.054305245713
2020 26 664 13.6262908935547 185.444672468022
2020 27 665 10.5363708496094 268.612036037759
2020 28 666 11.2496162414551 226.28217112811
2020 29 667 10.4809471130371 236.996052825764
2020 30 668 11.2339340209961 221.261572837189
2020 31 669 11.4814163208008 253.652685115174
2020 32 670 11.5527435302735 286.435843896226
2020 33 671 11.5929161071778 305.809923999146
2020 34 672 7.50080642700198 352.1714173816
2020 35 673 7.75624618530276 356.002581710175
2020 36 674 7.89760360717776 342.143573214844
2020 37 675 9.80143890380862 336.436940921143
2020 38 676 10.2785774230957 341.916383575753
2020 39 677 10.5898681640625 356.470344652489
2020 40 678 11.0532546997071 374.868824488953
2020 41 679 12.2288108825684 378.174302239732
2020 42 680 13.3459373474121 378.285675856904
2020 43 681 12.7231384277344 376.387919257478
2020 44 682 10.5825630187989 343.662684111909
2020 45 683 9.70755920410159 331.670259780244
2020 46 684 10.6087776184082 338.120867352799
2020 47 685 11.471753692627 370.253600419358
2020 48 686 11.5578971862793 382.103468617753
2020 49 687 12.6612678527832 409.032961285905
2020 50 688 10.3965202331543 404.930069699452
2020 51 689 10.8856903076172 387.694305388185
2020 52 690 13.1156288146973 396.27877189703
2020 53 691 14.5885177612305 399.717893419974
2020 54 692 10.5245567321778 404.301941021674
2020 55 693 11.60537109375 425.466863652107
2020 56 694 13.9448791503906 435.597166724164
2020 57 695 14.5861526489258 432.995545855564
2020 58 696 15.3814598083496 434.89329976165
2020 59 697 16.0704208374024 390.162267047134
2020 60 698 12.9328170776367 408.970603657764
2020 61 699 9.96771392822268 265.613937689659
2020 62 700 12.6913429260254 373.082428104308
2020 63 701 15.0570617675781 468.616407049414
2020 64 702 14.4329811096192 466.157357788977
2020 65 703 14.3214813232422 399.37042223638
2020 66 704 12.4795204162598 350.460764999625
2020 67 705 10.5890022277832 260.245852870193
2020 68 706 9.59648666381838 293.933330165442
2020 69 707 11.3449913024903 352.750539562162
2020 70 708 14.0935455322266 442.867457737919
2020 71 709 15.1318298339844 443.108014912602
2020 72 710 13.3749366760254 482.528876362797
2020 73 711 12.9119697570801 490.543134425756
2020 74 712 11.1787200927735 350.990888626989
2020 75 713 9.78424606323244 239.79814566004
2020 76 714 7.67074356079104 301.301631568548
2020 77 715 7.81403503417971 413.661550671574
2020 78 716 8.4954772949219 352.982192207691
2020 79 717 10.1679397583008 386.763241905567
2020 80 718 10.5447555541992 482.12349760532
2020 81 719 11.4455352783203 485.812094208237
2020 82 720 12.280591583252 449.990741858002
2020 83 721 12.0590950012207 455.924591007706
2020 84 722 10.530362701416 355.196258332249
2020 85 723 9.1666084289551 463.471081718203
2020 86 724 8.20997009277346 528.449341874119
2020 87 725 9.63880691528323 554.478957771298
2020 88 726 10.6117797851563 361.067727833268
2020 89 727 11.6055923461914 338.79355125713
2020 90 728 12.5557914733887 470.857215427395
2020 91 729 12.8612800598145 444.965683017727
2020 92 730 11.8659683227539 550.598783849713
2020 93 731 10.9402557373047 620.40164903402
2020 94 732 11.1937576293946 611.46968573713
2020 95 733 10.2643981933594 433.997874593731
2020 96 734 11.5471473693848 251.313899181124
2020 97 735 8.57948074340823 314.07365244579
2020 98 736 8.70558319091799 471.03539496946
2020 99 737 11.838037109375 525.019133050915
2020 100 738 12.3463264465332 383.159264569994
2020 101 739 13.6505676269531 467.859097752091
2020 102 740 12.4573875427246 450.672330935952
2020 103 741 12.1471801757813 426.42465410423
2020 104 742 12.8969398498535 553.9622069087
2020 105 743 14.8476005554199 656.182889705178
2020 106 744 15.8278747558594 657.501522849557
2020 107 745 14.3749748229981 548.950514091965
2020 108 746 12.8101440429688 437.552844730374
2020 109 747 12.8896308898926 428.309049720284
2020 110 748 12.7523590087891 544.803044900414
2020 111 749 13.3061920166016 522.662518983361
2020 112 750 12.3721099853516 555.815404384133
2020 113 751 14.2155738830567 657.938084123131
2020 114 752 16.4738746643067 633.997786519524
2020 115 753 17.5918556213379 656.566012085435
2020 116 754 18.4281898498535 650.324784211632
2020 117 755 16.5331665039063 633.472124134537
2020 118 756 15.3442932128906 648.654198098656
2020 119 757 17.7276245117188 642.341713326928
2020 120 758 15.6461311340332 555.214010439393
2020 121 759 15.0613571166992 592.309429753777
2020 122 760 14.5872283935547 687.642941688058
2020 123 761 15.184888458252 560.430626437661
2020 124 762 15.156095123291 661.925200345513
2020 125 763 14.1072975158692 723.575689832207
2020 126 764 15.6179901123047 705.217288409707
2020 127 765 15.7752433776856 708.678702933785
2020 128 766 19.16591796875 727.335560973641
2020 129 767 19.7910781860352 702.370665606972
2020 130 768 17.7024856567383 676.951346608636
2020 131 769 14.6050659179688 641.250284942147
2020 132 770 15.1157127380371 680.844867905137
2020 133 771 15.0693031311035 481.655735503522
2020 134 772 14.2076202392578 512.376292582386
2020 135 773 14.9823051452637 388.108595127933
2020 136 774 15.499829864502 575.746358622425
2020 137 775 16.088037109375 660.668916779433
2020 138 776 17.4449096679688 457.203112810983
2020 139 777 15.4751182556153 571.955283461485
2020 140 778 14.1945167541504 618.557351155196
2020 141 779 14.3852859497071 632.033214758829
2020 142 780 15.7771774291992 725.090310956121
2020 143 781 14.9150672912598 731.099901076518
2020 144 782 16.1226173400879 752.474199038871
2020 145 783 16.8040672302246 743.065578240596
2020 146 784 20.9157196044922 732.075508399211
2020 147 785 22.2517524719239 726.89007726387
2020 148 786 23.4088340759278 732.792737187751
2020 149 787 19.6944023132324 708.188671534904
2020 150 788 16.7963348388672 612.45420341798
2020 151 789 17.4648872375489 596.488067696773
2020 152 790 16.4736572265625 476.764315583758
2020 153 791 16.0839553833008 547.141833073654
2020 154 792 19.3087821960449 713.178083120086
2020 155 793 23.3319259643555 738.022728124358
2020 156 794 22.1544357299805 745.827591399558
2020 157 795 17.4195571899414 727.037089599349
2020 158 796 14.5457664489746 725.366515582778
2020 159 797 14.7739196777344 761.686811060347
2020 160 798 15.8633247375489 760.038527347632
2020 161 799 18.1901527404785 764.640375470855
2020 162 800 19.9889389038086 748.785599254348
2020 163 801 18.9377723693848 703.59127961389
2020 164 802 16.7656112670899 638.278899173476
2020 165 803 15.263516998291 701.4039451584
2020 166 804 16.8775344848633 691.033091613509
2020 167 805 17.5370727539063 677.347827185728
2020 168 806 16.26162109375 705.791980596938
2020 169 807 17.8535171508789 773.603508557417
2020 170 808 20.5215049743653 774.42320329962
2020 171 809 20.0074172973633 740.005122639753
2020 172 810 17.0425277709961 703.649200540282
2020 173 811 17.5937896728516 728.712104382612
2020 174 812 17.5001235961914 649.85703574536
2020 175 813 18.1325813293457 621.497535685636
2020 176 814 17.5486694335938 666.647314346709
2020 177 815 18.0120635986328 709.275640409865
2020 178 816 17.7207504272461 645.504654460646
2020 179 817 18.2591262817383 676.594970436491
2020 180 818 16.2768760681153 735.69729443083
2020 181 819 16.6693702697754 755.360956421949
2020 182 820 19.0234886169434 756.853322167494
2020 183 821 17.475846862793 745.288559494414
2020 184 822 16.1836410522461 720.715671695508
2020 185 823 15.9591346740723 694.120295846738
2020 186 824 17.9736152648926 752.777121970274
2020 187 825 20.161450958252 762.542134440519
2020 188 826 18.1123901367188 763.076722964384
2020 189 827 16.0145660400391 763.771670127608
2020 190 828 17.4139762878418 748.255489802458
2020 191 829 18.2146507263184 743.854099932768
2020 192 830 19.7210403442383 736.316516082503
2020 193 831 19.4739814758301 747.226391483702
2020 194 832 20.3064590454102 754.608072140791
2020 195 833 19.0249839782715 727.77212097273
2020 196 834 16.6766716003418 693.015491484084
2020 197 835 17.4904571533203 664.321872525908
2020 198 836 17.8586746215821 664.647083367087
2020 199 837 17.5014053344727 634.207173984595
2020 200 838 18.1862884521485 654.752881637641
2020 201 839 18.2881217956543 645.437821161337
2020 202 840 16.8661552429199 614.147051972129
2020 203 841 16.172250366211 604.016749238707
2020 204 842 16.4291854858399 582.446426686026
2020 205 843 16.9759307861328 619.412667136558
2020 206 844 17.0141693115235 686.297592988707
2020 207 845 17.1649833679199 644.422127675422
2020 208 846 18.6292739868164 652.810586059146
2020 209 847 18.1768394470215 658.053942499526
2020 210 848 17.4923835754395 652.877414995559
2020 211 849 17.5529647827149 659.82696903456
2020 212 850 17.3673568725586 630.656670083247
2020 213 851 17.2103057861328 682.76938310834
2020 214 852 17.5707984924317 671.725820617087
2020 215 853 18.141187286377 699.933852887273
2020 216 854 19.8151374816895 701.813791482091
2020 217 855 18.2120681762696 687.65631964393
2020 218 856 16.5709815979004 600.822628952936
2020 219 857 16.5022293090821 629.003933550749
2020 220 858 17.7377220153809 648.346827776803
2020 221 859 19.6628204345703 657.572798230065
2020 222 860 20.1539283752442 644.190479822484
2020 223 861 19.6806541442871 628.398069646206
2020 224 862 18.2253814697266 608.542853688714
2020 225 863 18.5910354614258 612.28939055967
2020 226 864 20.7464347839356 661.194591594216
2020 227 865 26.2675872802735 578.437060779091
2020 228 866 27.3344398498535 640.372680676934
2020 229 867 26.655362701416 568.409230724808
2020 230 868 25.6166549682617 572.240382956978
2020 231 869 23.9123931884766 590.420583164689
2020 232 870 24.184587097168 638.697651151177
2020 233 871 20.895093536377 661.911821721551
2020 234 872 19.1908355712891 636.60387734842
2020 235 873 20.1384597778321 603.651460628029
2020 236 874 20.9528823852539 575.737443570611
2020 237 875 21.4184204101563 603.771737199303
2020 238 876 19.8750701904297 588.603008594033
2020 239 877 17.8745704650879 596.938018334862
2020 240 878 16.4062057495117 603.785096670624
2020 241 879 18.0756546020508 597.539403207299
2020 242 880 17.9869247436524 597.240948606011
2020 243 881 17.7194648742676 585.903376265046
2020 244 882 17.9357925415039 574.467818003174
2020 245 883 17.3858276367188 542.366247292039
2020 246 884 16.9690605163574 515.859964994427
2020 247 885 16.6983695983887 542.998851473805
2020 248 886 17.1183639526367 546.010316524025
2020 249 887 21.1720100402832 591.725854821679
2020 250 888 26.9720169067383 584.148171766755
2020 251 889 29.3018585205078 582.54888690519
2020 252 890 24.189527130127 582.19696014547
2020 253 891 18.9431396484375 520.18116426706
2020 254 892 16.3853660583496 565.874438123223
2020 255 893 15.9138046264649 572.806151980874
2020 256 894 17.5323463439942 567.20642469072
2020 257 895 17.7519050598145 511.520956285473
2020 258 896 16.5469108581543 528.502788327691
2020 259 897 17.4601608276367 527.674206759926
2020 260 898 18.5839401245117 484.671644638058
2020 261 899 19.0887924194336 412.846300350186
2020 262 900 19.2989059448242 420.931839881894
2020 263 901 18.7409797668457 454.454494743821
2020 264 902 19.8551002502442 521.268147222993
2020 265 903 19.571305847168 519.499563596722
2020 266 904 18.7351890563965 518.880354167458
2020 267 905 18.5388275146485 515.940160631653
2020 268 906 20.038777923584 447.415862022158
2020 269 907 18.2185150146485 479.566410321232
2020 270 908 19.6800094604492 493.99117473602
2020 271 909 22.1372467041016 493.706066501614
2020 272 910 25.4147087097168 496.895715126034
2020 273 911 21.3640762329102 469.845955210921
2020 274 912 20.2334190368653 479.481757158753
2020 275 913 23.6408554077149 485.366611835953
2020 276 914 23.9132553100586 485.001317792651
2020 277 915 21.7677398681641 484.894387588259
2020 278 916 20.2018333435059 480.493013343092
2020 279 917 19.4183479309082 470.928483161685
2020 280 918 18.5418296813965 456.352243782994
2020 281 919 17.1396385192871 415.251927034852
2020 282 920 16.1930938720703 341.502088934299
2020 283 921 15.5941444396973 377.809006480929
2020 284 922 17.3069892883301 347.930415936824
2020 285 923 17.5585571289063 337.01606442475
2020 286 924 19.067529296875 435.735262599465
2020 287 925 19.9158950805664 435.69961676192
2020 288 926 21.9398246765137 425.128288173434
2020 289 927 24.0617080688477 422.633580034014
2020 290 928 24.3179985046387 421.074402441379
2020 291 929 23.3128028869629 420.205700374242
2020 292 930 21.5092979431153 414.245124973651
2020 293 931 18.5704093933106 400.77814811289
2020 294 932 18.0253768920899 398.720024179813
2020 295 933 19.2787071228028 396.171855852362
2020 296 934 18.4531150817871 391.90411613774
2020 297 935 15.9773956298828 378.526240136382
2020 298 936 14.5485549926758 358.114184402463
2020 299 937 14.6574798583985 331.202499280569
2020 300 938 16.1434646606446 384.727380901929
2020 301 939 16.2091995239258 382.722698760268
2020 302 940 15.8680473327637 378.668796269652
2020 303 941 15.2484832763672 376.726489492532
2020 304 942 14.6499610900879 367.188678694781
2020 305 943 14.512036895752 356.100580469069
2020 306 944 16.3593650817871 356.750994087156
2020 307 945 17.1793800354004 353.316308712062
2020 308 946 15.6042419433594 337.185351912078
2020 309 947 14.0269523620606 328.24894857302
2020 310 948 16.9222274780274 330.137788263377
2020 311 949 15.7034889221192 327.344609220874
2020 312 950 10.7565666198731 295.71526568703
2020 313 951 11.5903335571289 327.553985549014
2020 314 952 8.38355407714846 325.081558656898
2020 315 953 8.93051681518557 319.366001059097
2020 316 954 11.8101020812989 232.585759168502
2020 317 955 10.8311248779297 244.119339097102
2020 318 956 10.8644195556641 248.823649535615
2020 319 957 11.4356552124024 210.471953997527
2020 320 958 10.5529190063477 297.105175964825
2020 321 959 13.4488464355469 274.43896439335
2020 322 960 14.7749877929688 240.702475079509
2020 323 961 14.6211753845215 168.119812337351
2020 324 962 11.9271865844727 223.288518035602
2020 325 963 10.8637710571289 285.05038298671
2020 326 964 10.6014686584473 281.027660407618
2020 327 965 9.72538909912112 268.135362329081
2020 328 966 11.3172813415528 280.087690354184
2020 329 967 10.6354080200196 279.726850056008
2020 330 968 11.4504791259766 278.198844773129
2020 331 969 10.8356300354004 286.288831245736
2020 332 970 10.7368103027344 283.433279784039
2020 333 971 9.67533645629885 280.871751103238
2020 334 972 9.78811416625979 277.650901818112
2020 335 973 9.70798263549807 269.222349317149
2020 336 974 9.8340888977051 267.725522770242
2020 337 975 10.2624641418457 263.422146542386
2020 338 976 10.4888931274414 255.336621879176
2020 339 977 10.3400207519531 256.967089508847
2020 340 978 10.2448402404785 260.88734764059
2020 341 979 9.82098922729494 230.113328400449
2020 342 980 11.5845352172852 251.959849177197
2020 343 981 13.5429397583008 264.228471480922
2020 344 982 11.7473770141602 264.2462975498
2020 345 983 11.0347763061524 246.95261968191
2020 346 984 9.89338455200198 209.046401523188
2020 347 985 10.853890991211 144.241880457655
2020 348 986 10.8270393371582 98.1476800140894
2020 349 987 9.22332534790041 174.156119422392
2020 350 988 8.49161300659182 243.758498159722
2020 351 989 8.74747619628909 210.761511730984
2020 352 990 11.6163307189942 207.322382817105
2020 353 991 9.15801391601565 236.635209503487
2020 354 992 7.59963760375979 251.353997455195
2020 355 993 8.26733169555666 245.571618733243
2020 356 994 8.34573898315432 241.477616659955
2020 357 995 9.11999282836916 216.249878004388
2020 358 996 8.2209297180176 257.10964034994
2020 359 997 8.2503601074219 193.588117994622
2020 360 998 10.3193946838379 165.317717786268
2020 361 999 12.0101219177246 171.732681285337
2020 362 1000 9.37951431274416 180.187965707377
2020 363 1001 10.1943641662598 195.574979989604
2020 364 1002 8.46927032470705 227.676530540065
2020 365 1003 8.12510833740237 213.376504001931
2020 366 1004 10.0057426452637 216.044951294736
2021 1 1005 9.4497009277344 242.758077776432
2021 2 1006 9.9952102661133 114.929185072899
2021 3 1007 10.5829483032227 126.302589485645
2021 4 1008 11.3131652832031 125.470066505909
2021 5 1009 8.84635314941409 145.455222717762
2021 6 1010 8.07871398925784 163.784263645172
2021 7 1011 9.60478363037112 161.532859068394
2021 8 1012 9.67742691040041 174.034209904671
2021 9 1013 8.85115585327151 237.955373541355
2021 10 1014 8.38048324584963 218.57000144434
2021 11 1015 9.17834243774416 163.287438585758
2021 12 1016 10.1170783996582 215.051896110058
2021 13 1017 11.7250038146973 169.441883321762
2021 14 1018 13.0835777282715 194.932465266228
2021 15 1019 11.5573020935059 246.652163571835
2021 16 1020 12.9549041748047 255.402659624577
2021 17 1021 13.5790649414063 274.595568845272
2021 18 1022 15.1513648986817 287.947362477303
2021 19 1023 15.9476181030274 305.323030786514
2021 20 1024 12.1580520629883 302.982103236198
2021 21 1025 10.5843444824219 281.819767224312
2021 22 1026 10.1288925170899 198.54456571579
2021 23 1027 8.51936111450198 246.611875486851
2021 24 1028 8.17757186889651 224.518543190002
2021 25 1029 7.6170593261719 210.929538299322
2021 26 1030 6.17562255859377 289.97943655014
2021 27 1031 9.13791809082034 184.534818373203
2021 28 1032 9.89615402221682 109.85792149353
2021 29 1033 7.97565231323244 225.888197962761
2021 30 1034 8.61861953735354 250.215030140877
2021 31 1035 11.129655456543 302.731441531181
2021 32 1036 11.7242027282715 298.926884757519
2021 33 1037 12.6933532714844 197.358436592102
2021 34 1038 9.22176513671877 300.762019780159
2021 35 1039 9.21075973510744 324.189192922592
2021 36 1040 9.61659393310549 346.112441196442
2021 37 1041 10.6063629150391 360.547407920837
2021 38 1042 11.411019897461 360.269889172554
2021 39 1043 10.4524742126465 318.849373023033
2021 40 1044 11.6061340332031 233.363043430328
2021 41 1045 10.9549575805664 293.752670186996
2021 42 1046 10.6407829284668 256.776777466774
2021 43 1047 11.048413848877 251.302688479424
2021 44 1048 11.9921546936035 296.2860626297
2021 45 1049 10.1236854553223 316.490542793274
2021 46 1050 11.8176513671875 108.197343643665
2021 47 1051 10.1260887145996 298.873163110733
2021 48 1052 9.68963394165041 364.754811775207
2021 49 1053 10.2029281616211 385.630678995554
2021 50 1054 11.8646789550781 222.862446842615
2021 51 1055 10.6750045776367 260.021844477324
2021 52 1056 10.2249389648438 388.96973435358
2021 53 1057 11.8476692199707 417.996331805084
2021 54 1058 14.1341758728028 410.47222992193
2021 55 1059 13.7201477050781 448.473128950268
2021 56 1060 12.9068809509278 451.163182517275
2021 57 1061 11.1774879455567 448.106080534473
2021 58 1062 10.5249114990235 454.591754451171
2021 59 1063 11.7534156799317 459.640638090432
2021 60 1064 11.5056739807129 460.500030934364
2021 61 1065 12.0345741271973 460.665641681582
2021 62 1066 11.8734832763672 402.670639425188
2021 63 1067 9.83411941528323 410.588610324621
2021 64 1068 10.698819732666 437.520456058562
2021 65 1069 11.5322967529297 470.602269031584
2021 66 1070 9.50172576904299 483.510929261982
2021 67 1071 10.0656524658203 445.836792730153
2021 68 1072 9.68243560791018 422.884074173093
2021 69 1073 8.58300552368166 366.840606234789
2021 70 1074 7.4765678405762 404.255123421669
2021 71 1075 9.30501708984377 499.221539200306
2021 72 1076 10.7014175415039 465.011781945825
2021 73 1077 9.30401382446291 355.346333282948
2021 74 1078 8.78351745605471 351.398537559152
2021 75 1079 7.80755767822268 488.215156096697
2021 76 1080 7.86739883422854 486.720181559801
2021 77 1081 10.9015289306641 237.950905337244
2021 78 1082 11.8782936096192 225.409261974335
2021 79 1083 9.8975540161133 410.508052047253
2021 80 1084 9.75427017211916 544.527199381828
2021 81 1085 10.7156234741211 531.743861183643
2021 82 1086 11.4414382934571 564.973361181736
2021 83 1087 13.8218017578125 569.964071775913
2021 84 1088 11.0556159973145 450.178470397472
2021 85 1089 11.4236312866211 514.771030882835
2021 86 1090 13.2514778137207 568.854021983624
2021 87 1091 15.0290924072266 575.465018310547
2021 88 1092 12.7019630432129 573.347900462151
2021 89 1093 14.043531036377 604.505041326523
2021 90 1094 17.1729217529297 608.354372943401
2021 91 1095 18.346395111084 608.537887000084
2021 92 1096 15.3772903442383 600.593047307491
2021 93 1097 11.6881843566895 505.129819069862
2021 94 1098 11.3409820556641 549.759583548069
2021 95 1099 11.057015991211 480.109215725899
2021 96 1100 11.1086517333985 536.586833847046
2021 97 1101 11.1946998596192 580.357231910705
2021 98 1102 10.7844596862793 625.134739359856
2021 99 1103 11.93251953125 630.362635255814
2021 100 1104 10.7272354125977 634.265677431106
2021 101 1105 12.2967315673828 622.368595955849
2021 102 1106 12.496842956543 590.795168400764
2021 103 1107 12.2603050231934 625.421191303253
2021 104 1108 11.5230842590332 652.420166729927
2021 105 1109 12.6889511108399 630.331308590889
2021 106 1110 11.7856384277344 631.803894698143
2021 107 1111 12.350961303711 635.487620985985
2021 108 1112 15.7953353881836 669.867448781014
2021 109 1113 14.0447288513184 664.621626012802
2021 110 1114 12.4652267456055 664.975230140686
2021 111 1115 11.7804313659668 635.935227285385
2021 112 1116 11.7678276062012 618.29097241497
2021 113 1117 11.3253723144531 604.625895501137
2021 114 1118 11.6983848571778 591.547145451546
2021 115 1119 12.5194526672364 439.458539489269
2021 116 1120 10.9179397583008 505.78776774025
2021 117 1121 11.7512184143067 656.291874176025
2021 118 1122 15.7707153320313 694.207715024948
2021 119 1123 16.3256317138672 688.769421316147
2021 120 1124 14.6156555175781 672.275524483681
2021 121 1125 13.5510459899903 644.819982345581
2021 122 1126 13.9390655517578 662.683548063278
2021 123 1127 16.6428161621094 702.058554058075
2021 124 1128 18.785245513916 696.10999971199
2021 125 1129 17.7894798278809 689.942129478454
2021 126 1130 14.3897262573242 665.436246313095
2021 127 1131 13.7045341491699 688.957431707382
2021 128 1132 16.3734565734864 727.379051475525
2021 129 1133 19.0584007263184 713.892983211517
2021 130 1134 17.2051368713379 702.734426576614
2021 131 1135 17.9415603637696 710.446503715515
2021 132 1136 16.0498825073242 645.473470755045
2021 133 1137 14.6891036987305 651.55183421643
2021 134 1138 13.0009323120117 665.928605424661
2021 135 1139 12.2454963684082 558.997969163565
2021 136 1140 12.6167198181153 557.28366995633
2021 137 1141 12.6975570678711 612.011211734332
2021 138 1142 13.634896850586 685.609406009577
2021 139 1143 13.0393539428711 723.202989705846
2021 140 1144 12.1384407043457 747.655139482401
2021 141 1145 13.1680274963379 750.005000086077
2021 142 1146 13.061971282959 715.848984875314
2021 143 1147 13.6909271240235 676.12484149982
2021 144 1148 13.9875007629395 708.065278299138
2021 145 1149 15.4391304016114 686.343453030124
2021 146 1150 14.3965316772461 758.47801771976
2021 147 1151 14.07314453125 724.733765002474
2021 148 1152 15.311051940918 668.605228245273
2021 149 1153 14.0127159118653 673.166231344864
2021 150 1154 14.2574516296387 722.473405132592
2021 151 1155 18.4478584289551 740.328005398095
2021 152 1156 18.5931373596192 727.356672307193
2021 153 1157 15.8033348083496 674.759680415526
2021 154 1158 15.8479629516602 692.717218205482
2021 155 1159 17.08046875 713.329000171423
2021 156 1160 15.6148277282715 738.859886927932
2021 157 1161 16.5003372192383 743.93113107115
2021 158 1162 14.7785507202149 753.276948673308
2021 159 1163 13.4934173583985 755.9893635948
2021 160 1164 14.0245185852051 763.258319176465
2021 161 1165 14.0723472595215 757.296366014242
2021 162 1166 15.2141929626465 750.121382552087
2021 163 1167 18.2877593994141 666.246403984964
2021 164 1168 18.7364135742188 640.720015642077
2021 165 1169 18.846883392334 573.513488056093
2021 166 1170 17.1813255310059 735.784889762938
2021 167 1171 20.0709815979004 744.154947136283
