47 47 2021 10.5882164001465 NA 402.146555715561 NA NA NA NA 1000 NA NA NA 1
48 48 2021 11.393758392334 NA 402.578068756103 NA NA NA NA 1000 NA NA NA 1
49 49 2021 11.7985816955567 NA 350.36904835562 NA NA NA NA 1000 NA NA NA 1
50 50 2021 7.2560859680176 NA 407.351438708905 NA NA NA NA 1000 NA NA NA 1
51 51 2021 6.09905776977541 NA 408.46804122854 NA NA NA NA 1000 NA NA NA 1
52 52 2021 7.14856872558596 NA 410.852505925942 NA NA NA NA 1000 NA NA NA 1
53 53 2021 8.43440399169924 NA 423.753520141575 NA NA NA NA 1000 NA NA NA 1
54 54 2021 6.37363586425784 NA 422.556816921018 NA NA NA NA 1000 NA NA NA 1
55 55 2021 6.57770690917971 NA 427.508150700599 NA NA NA NA 1000 NA NA NA 1
56 56 2021 8.34694061279299 NA 402.182154459029 NA NA NA NA 1000 NA NA NA 1
57 57 2021 9.22257003784182 NA 274.257559353925 NA NA NA NA 1000 NA NA NA 1
58 58 2021 7.64085922241213 NA 403.881510548323 NA NA NA NA 1000 NA NA NA 1
59 59 2021 7.55485305786135 NA 400.117984969527 NA NA NA NA 1000 NA NA NA 1
60 60 2021 11.0499092102051 NA 163.344511121806 NA NA NA NA 1000 NA NA NA 1
61 61 2021 9.03918228149416 NA 345.475555485815 NA NA NA NA 1000 NA NA NA 1
62 62 2021 7.35347137451174 NA 371.753565862596 NA NA NA NA 1000 NA NA NA 1
63 63 2021 6.89177474975588 NA 389.766032309502 NA NA NA NA 1000 NA NA NA 1
64 64 2021 8.45673904418948 NA 466.860658043563 NA NA NA NA 1000 NA NA NA 1
65 65 2021 10.6762977600098 NA 460.338986107528 NA NA NA NA 1000 NA NA NA 1
66 66 2021 12.7701469421387 NA 354.968917665273 NA NA NA NA 1000 NA NA NA 1
67 67 2021 14.6464935302735 NA 409.80707986629 NA NA NA NA 1000 NA NA NA 1
68 68 2021 12.999658203125 NA 348.029066675663 NA NA NA NA 1000 NA NA NA 1
69 69 2021 12.5604988098145 NA 288.76451728946 NA NA NA NA 1000 NA NA NA 1
70 70 2021 11.4107070922852 NA 387.710771475792 NA NA NA NA 1000 NA NA NA 1
71 71 2021 14.4972129821778 NA 453.136657209754 NA NA NA NA 1000 NA NA NA 1
72 72 2021 14.9686218261719 NA 196.388873376787 NA NA NA NA 1000 NA NA NA 1
73 73 2021 10.8108917236328 NA 230.32296370399 NA NA NA NA 1000 NA NA NA 1
74 74 2021 9.2078910827637 NA 390.095239531994 NA NA NA NA 1000 NA NA NA 1
75 75 2021 10.0719429016114 NA 295.851174944162 NA NA NA NA 1000 NA NA NA 1
76 76 2021 8.68044815063479 NA 375.290225003123 NA NA NA NA 1000 NA NA NA 1
77 77 2021 8.36576232910159 NA 400.932083454847 NA NA NA NA 1000 NA NA NA 1
78 78 2021 9.8817192077637 NA 475.94473999691 NA NA NA NA 1000 NA NA NA 1
79 79 2021 12.5822082519531 NA 290.441650266647 NA NA NA NA 1000 NA NA NA 1
80 80 2021 13.2550025939942 NA 153.99795715493 NA NA NA NA 1000 NA NA NA 1
81 81 2021 15.0029388427735 NA 171.263058588982 NA NA NA NA 1000 NA NA NA 1
82 82 2021 9.2081008911133 NA 488.658906919002 NA NA NA NA 1000 NA NA NA 1
83 83 2021 10.1889625549317 NA 425.666418065548 NA NA NA NA 1000 NA NA NA 1
84 84 2021 9.08673248291018 NA 529.715241642475 NA NA NA NA 1000 NA NA NA 1
85 85 2021 10.2131553649903 NA 551.669183032036 NA NA NA NA 1000 NA NA NA 1
86 86 2021 13.2880798339844 NA 577.760375174999 NA NA NA NA 1000 NA NA NA 1
87 87 2021 15.2016426086426 NA 561.936631781578 NA NA NA NA 1000 NA NA NA 1
88 88 2021 17.2814308166504 NA 575.865242991447 NA NA NA NA 1000 NA NA NA 1
89 89 2021 18.2267395019531 NA 570.816072487831 NA NA NA NA 1000 NA NA NA 1
90 90 2021 17.3963905334473 NA 533.821325000286 NA NA NA NA 1000 NA NA NA 1
91 91 2021 13.9896179199219 NA 571.563429719925 NA NA NA NA 1000 NA NA NA 1
92 92 2021 14.1608139038086 NA 581.879780202866 NA NA NA NA 1000 NA NA NA 1
93 93 2021 13.2432113647461 NA 600.168072877884 NA NA NA NA 1000 NA NA NA 1
94 94 2021 13.6557022094727 NA 563.751653254747 NA NA NA NA 1000 NA NA NA 1
95 95 2021 13.3625122070313 NA 400.771917727947 NA NA NA NA 1000 NA NA NA 1
96 96 2021 13.7952705383301 NA 179.764377518415 NA NA NA NA 1000 NA NA NA 1
97 97 2021 15.7609230041504 NA 303.031253575921 NA NA NA NA 1000 NA NA NA 1
98 98 2021 13.4135871887207 NA 591.110683973312 NA NA NA NA 1000 NA NA NA 1
99 99 2021 14.0216613769531 NA 615.653727294922 NA NA NA NA 1000 NA NA NA 1
100 100 2021 17.0163665771485 NA 556.99863228035 NA NA NA NA 1000 NA NA NA 1
101 101 2021 12.4844146728516 NA 452.896438356399 NA NA NA NA 1000 NA NA NA 1
102 102 2021 10.7302604675293 NA 536.058986044884 NA NA NA NA 1000 NA NA NA 1
103 103 2021 11.6224304199219 NA 613.082430767059 NA NA NA NA 1000 NA NA NA 1
104 104 2021 14.4976249694824 NA 636.815820370674 NA NA NA NA 1000 NA NA NA 1
105 105 2021 14.432504272461 NA 635.788192458153 NA NA NA NA 1000 NA NA NA 1
106 106 2021 10.1556755065918 NA 486.879463745117 NA NA NA NA 1000 NA NA NA 1
107 107 2021 9.65366516113284 NA 594.402656087875 NA NA NA NA 1000 NA NA NA 1
108 108 2021 11.0253120422364 NA 504.878582281589 NA NA NA NA 1000 NA NA NA 1
109 109 2021 11.0803085327149 NA 616.814818876266 NA NA NA NA 1000 NA NA NA 1
110 110 2021 13.5239959716797 NA 660.762759908676 NA NA NA NA 1000 NA NA NA 1
111 111 2021 14.9948860168457 NA 658.6630094738 NA NA NA NA 1000 NA NA NA 1
112 112 2021 16.8590293884278 NA 670.785503424644 NA NA NA NA 1000 NA NA NA 1
113 113 2021 17.7106719970703 NA 664.793203437805 NA NA NA NA 1000 NA NA NA 1
114 114 2021 15.1910987854004 NA 634.658223918915 NA NA NA NA 1000 NA NA NA 1
115 115 2021 13.568864440918 NA 632.473971022606 NA NA NA NA 1000 NA NA NA 1
116 116 2021 13.1981407165528 NA 638.132633006096 NA NA NA NA 1000 NA NA NA 1
117 117 2021 13.3000770568848 NA 616.53011083126 NA NA NA NA 1000 NA NA NA 1
118 118 2021 13.4410835266114 NA 555.423834574699 NA NA NA NA 1000 NA NA NA 1
119 119 2021 13.0079208374024 NA 504.936414690018 NA NA NA NA 1000 NA NA NA 1
120 120 2021 12.7321029663086 NA 508.050458766937 NA NA NA NA 1000 NA NA NA 1
121 121 2021 12.7860733032227 NA 636.740192638397 NA NA NA NA 1000 NA NA NA 1
122 122 2021 13.7390228271485 NA 667.626995986938 NA NA NA NA 1000 NA NA NA 1
123 123 2021 13.3062759399414 NA 641.98512934494 NA NA NA NA 1000 NA NA NA 1
124 124 2021 14.1221519470215 NA 666.336888181686 NA NA NA NA 1000 NA NA NA 1
125 125 2021 14.9589057922364 NA 552.443247110367 NA NA NA NA 1000 NA NA NA 1
126 126 2021 13.247144317627 NA 588.490452446938 NA NA NA NA 1000 NA NA NA 1
127 127 2021 14.7475982666016 NA 659.975366600036 NA NA NA NA 1000 NA NA NA 1
128 128 2021 15.4402442932129 NA 685.514909751892 NA NA NA NA 1000 NA NA NA 1
129 129 2021 15.6461769104004 NA 656.34973128128 NA NA NA NA 1000 NA NA NA 1
130 130 2021 14.5871482849121 NA 703.829872983932 NA NA NA NA 1000 NA NA NA 1
131 131 2021 15.2783523559571 NA 656.594399217605 NA NA NA NA 1000 NA NA NA 1
132 132 2021 20.3549209594727 NA 724.587129793685 NA NA NA NA 1000 NA NA NA 1
133 133 2021 14.8205810546875 NA 642.874857401412 NA NA NA NA 1000 NA NA NA 1
134 134 2021 13.5382629394531 NA 642.069637523815 NA NA NA NA 1000 NA NA NA 1
135 135 2021 13.8012634277344 NA 562.844136351831 NA NA NA NA 1000 NA NA NA 1
136 136 2021 13.7998138427735 NA 552.643439766694 NA NA NA NA 1000 NA NA NA 1
137 137 2021 13.8593574523926 NA 610.066266444616 NA NA NA NA 1000 NA NA NA 1
138 138 2021 13.9650131225586 NA 661.866005319569 NA NA NA NA 1000 NA NA NA 1
139 139 2021 13.766934967041 NA 683.10819003969 NA NA NA NA 1000 NA NA NA 1
140 140 2021 13.0317016601563 NA 631.31732623253 NA NA NA NA 1000 NA NA NA 1
141 141 2021 13.4832702636719 NA 639.480564501859 NA NA NA NA 1000 NA NA NA 1
142 142 2021 13.7962966918946 NA 619.653043269418 NA NA NA NA 1000 NA NA NA 1
143 143 2021 13.4964996337891 NA 558.87151550518 NA NA NA NA 1000 NA NA NA 1
144 144 2021 13.3573394775391 NA 560.379592638045 NA NA NA NA 1000 NA NA NA 1
145 145 2021 13.3532081604004 NA 424.30958367081 NA NA NA NA 1000 NA NA NA 1
146 146 2021 13.9277931213379 NA 429.710211686559 NA NA NA NA 1000 NA NA NA 1
147 147 2021 15.4724975585938 NA 613.932120451346 NA NA NA NA 1000 NA NA NA 1
148 148 2021 18.9797607421875 NA 720.040650149077 NA NA NA NA 1000 NA NA NA 1
149 149 2021 20.3586402893067 NA 731.562582633555 NA NA NA NA 1000 NA NA NA 1
150 150 2021 15.2781387329102 NA 707.575616437822 NA NA NA NA 1000 NA NA NA 1
151 151 2021 13.1108909606934 NA 709.710959536463 NA NA NA NA 1000 NA NA NA 1
152 152 2021 14.1281486511231 NA 733.315347217649 NA NA NA NA 1000 NA NA NA 1
153 153 2021 19.172868347168 NA 748.396159308672 NA NA NA NA 1000 NA NA NA 1
154 154 2021 20.9900756835938 NA 746.621163264692 NA NA NA NA 1000 NA NA NA 1
155 155 2021 18.4531379699707 NA 748.471793278158 NA NA NA NA 1000 NA NA NA 1
156 156 2021 15.1253524780274 NA 748.10255473578 NA NA NA NA 1000 NA NA NA 1
157 157 2021 14.099195098877 NA 718.461397847771 NA NA NA NA 1000 NA NA NA 1
158 158 2021 14.1118103027344 NA 731.642665623009 NA NA NA NA 1000 NA NA NA 1
159 159 2021 15.6333557128906 NA 750.753950665146 NA NA NA NA 1000 NA NA NA 1
160 160 2021 16.1707244873047 NA 675.234130732506 NA NA NA NA 1000 NA NA NA 1
161 161 2021 15.0997100830078 NA 741.367358255207 NA NA NA NA 1000 NA NA NA 1
162 162 2021 16.458325958252 NA 751.051989105999 NA NA NA NA 1000 NA NA NA 1
163 163 2021 19.3122268676758 NA 756.247983442783 NA NA NA NA 1000 NA NA NA 1
164 164 2021 18.747159576416 NA 761.817650032401 NA NA NA NA 1000 NA NA NA 1
165 165 2021 17.4445701599121 NA 746.016136114299 NA NA NA NA 1000 NA NA NA 1
166 166 2021 16.3979507446289 NA 746.710126842499 NA NA NA NA 1000 NA NA NA 1
167 167 2021 15.285173034668 NA 694.03400863266 NA NA NA NA 1000 NA NA NA 1
168 168 2021 15.0542198181153 NA 699.35901616925 NA NA NA NA 1000 NA NA NA 1
169 169 2021 17.0347724914551 NA 698.473723819613 NA NA NA NA 1000 NA NA NA 1
170 170 2021 16.0129638671875 NA 690.715325765729 NA NA NA NA 1000 NA NA NA 1
171 171 2021 15.4348655700684 NA 740.958054592311 NA NA NA NA 1000 NA NA NA 1
172 172 2021 15.4609123229981 NA 763.930748850226 NA NA NA NA 1000 NA NA NA 1
173 173 2021 18.3063369750977 NA 775.59949556005 NA NA NA NA 1000 NA NA NA 1
174 174 2021 21.8053298950196 NA 764.891661056876 NA NA NA NA 1000 NA NA NA 1
175 175 2021 20.8976531982422 NA 687.992792547941 NA NA NA NA 1000 NA NA NA 1
176 176 2021 17.4284416198731 NA 640.695017696559 NA NA NA NA 1000 NA NA NA 1
177 177 2021 17.1646133422852 NA 747.946869907915 NA NA NA NA 1000 NA NA NA 1
178 178 2021 16.7721878051758 NA 699.803867575407 NA NA NA NA 1000 NA NA NA 1
179 179 2021 16.2755523681641 NA 736.660705146253 NA NA NA NA 1000 NA NA NA 1
180 180 2021 17.7017761230469 NA 746.598940656602 NA NA NA NA 1000 NA NA NA 1
181 181 2021 20.9603096008301 NA 753.120615742743 NA NA NA NA 1000 NA NA NA 1
182 182 2021 19.8793655395508 NA 706.338888713419 NA NA NA NA 1000 NA NA NA 1
183 183 2021 17.3221641540528 NA 665.558373508334 NA NA NA NA 1000 NA NA NA 1
184 184 2021 16.7728096008301 NA 740.708955528617 NA NA NA NA 1000 NA NA NA 1
185 185 2021 17.0080963134766 NA 689.438591166258 NA NA NA NA 1000 NA NA NA 1
186 186 2021 17.2208610534668 NA 706.774860980272 NA NA NA NA 1000 NA NA NA 1
187 187 2021 20.7868324279785 NA 632.656368681907 NA NA NA NA 1000 NA NA NA 1
188 188 2021 21.6196609497071 NA 703.393908844352 NA NA NA NA 1000 NA NA NA 1
189 189 2021 19.8467002868653 NA 739.921551824629 NA NA NA NA 1000 NA NA NA 1
190 190 2021 19.8675819396973 NA 750.469230555236 NA NA NA NA 1000 NA NA NA 1
191 191 2021 21.5685935974121 NA 744.25894024533 NA NA NA NA 1000 NA NA NA 1
192 192 2021 19.0370231628418 NA 700.088577951491 NA NA NA NA 1000 NA NA NA 1
193 193 2021 19.1153923034668 NA 673.543657342136 NA NA NA NA 1000 NA NA NA 1
194 194 2021 19.913892364502 NA 575.318077230453 NA NA NA NA 1000 NA NA NA 1
195 195 2021 19.0027099609375 NA 661.478975954056 NA NA NA NA 1000 NA NA NA 1
196 196 2021 17.6471992492676 NA 672.685067050576 NA NA NA NA 1000 NA NA NA 1
197 197 2021 17.9306503295899 NA 660.35347835952 NA NA NA NA 1000 NA NA NA 1
198 198 2021 18.3938003540039 NA 702.206115236431 NA NA NA NA 1000 NA NA NA 1
199 199 2021 18.7837463378906 NA 714.439825708687 NA NA NA NA 1000 NA NA NA 1
200 200 2021 19.2274566650391 NA 692.259019424409 NA NA NA NA 1000 NA NA NA 1
201 201 2021 19.6029335021973 NA 692.970783992737 NA NA NA NA 1000 NA NA NA 1
202 202 2021 20.7204681396485 NA 617.829102217465 NA NA NA NA 1000 NA NA NA 1
203 203 2021 19.495004272461 NA 608.8295480524 NA NA NA NA 1000 NA NA NA 1
204 204 2021 19.0645309448242 NA 672.533815429151 NA NA NA NA 1000 NA NA NA 1
205 205 2021 18.5186820983887 NA 683.9445219419 NA NA NA NA 1000 NA NA NA 1
206 206 2021 19.6612411499024 NA 709.332823741674 NA NA NA NA 1000 NA NA NA 1
207 207 2021 19.2580505371094 NA 701.062828303248 NA NA NA NA 1000 NA NA NA 1
208 208 2021 17.4735122680664 NA 710.605115542635 NA NA NA NA 1000 NA NA NA 1
209 209 2021 17.4834342956543 NA 717.140152494177 NA NA NA NA 1000 NA NA NA 1
210 210 2021 17.4034172058106 NA 706.370025867998 NA NA NA NA 1000 NA NA NA 1
211 211 2021 17.1873565673828 NA 624.426411399096 NA NA NA NA 1000 NA NA NA 1
212 212 2021 17.6099754333496 NA 672.088964353755 NA NA NA NA 1000 NA NA NA 1
213 213 2021 17.3399482727051 NA 685.479302676395 NA NA NA NA 1000 NA NA NA 1
214 214 2021 17.0252624511719 NA 707.735765910178 NA NA NA NA 1000 NA NA NA 1
215 215 2021 17.7851005554199 NA 710.60067527996 NA NA NA NA 1000 NA NA NA 1
216 216 2021 20.4657379150391 NA 704.501621660016 NA NA NA NA 1000 NA NA NA 1
217 217 2021 18.7256484985352 NA 706.4945814953 NA NA NA NA 1000 NA NA NA 1
218 218 2021 18.7351585388184 NA 700.226495904896 NA NA NA NA 1000 NA NA NA 1
219 219 2021 18.3195701599121 NA 694.754669445366 NA NA NA NA 1000 NA NA NA 1
220 220 2021 17.0920387268067 NA 683.392892867334 NA NA NA NA 1000 NA NA NA 1
221 221 2021 18.8199325561524 NA 683.375092499379 NA NA NA NA 1000 NA NA NA 1
222 222 2021 20.5155693054199 NA 690.955559404891 NA NA NA NA 1000 NA NA NA 1
223 223 2021 20.8141227722168 NA 677.080310308456 NA NA NA NA 1000 NA NA NA 1
224 224 2021 19.8142372131348 NA 664.415084937095 NA NA NA NA 1000 NA NA NA 1
225 225 2021 18.2656112670899 NA 638.3639414711 NA NA NA NA 1000 NA NA NA 1
226 226 2021 16.6907211303711 NA 629.462251443863 NA NA NA NA 1000 NA NA NA 1
227 227 2021 16.9020286560059 NA 604.985928868294 NA NA NA NA 1000 NA NA NA 1
228 228 2021 17.7023941040039 NA 617.562201309204 NA NA NA NA 1000 NA NA NA 1
229 229 2021 18.6975303649903 NA 649.658998980522 NA NA NA NA 1000 NA NA NA 1
230 230 2021 19.9651733398438 NA 666.941896935463 NA NA NA NA 1000 NA NA NA 1
231 231 2021 18.8606658935547 NA 677.258267579079 NA NA NA NA 1000 NA NA NA 1
232 232 2021 17.6916442871094 NA 663.18725648117 NA NA NA NA 1000 NA NA NA 1
233 233 2021 15.9269577026367 NA 579.103849799156 NA NA NA NA 1000 NA NA NA 1
234 234 2021 16.903897857666 NA 560.84225187397 NA NA NA NA 1000 NA NA NA 1
235 235 2021 17.1089950561524 NA 560.548643898964 NA NA NA NA 1000 NA NA NA 1
236 236 2021 16.4746566772461 NA 573.511932754516 NA NA NA NA 1000 NA NA NA 1
237 237 2021 16.8143669128418 NA 610.733552854538 NA NA NA NA 1000 NA NA NA 1
238 238 2021 16.5447555541992 NA 600.773092720032 NA NA NA NA 1000 NA NA NA 1
239 239 2021 16.8366981506348 NA 558.867066185951 NA NA NA NA 1000 NA NA NA 1
240 240 2021 16.7870765686035 NA 500.26536772728 NA NA NA NA 1000 NA NA NA 1
241 241 2021 17.2514549255371 NA 573.48079358387 NA NA NA NA 1000 NA NA NA 1
242 242 2021 18.2773910522461 NA 549.302542556762 NA NA NA NA 1000 NA NA NA 1
243 243 2021 17.1627555847168 NA 581.439379328728 NA NA NA NA 1000 NA NA NA 1
244 244 2021 17.3430458068848 NA 612.117067083359 NA NA NA NA 1000 NA NA NA 1
245 245 2021 17.6864791870117 NA 603.064131671905 NA NA NA NA 1000 NA NA NA 1
246 246 2021 17.6757255554199 NA 572.395324694633 NA NA NA NA 1000 NA NA NA 1
247 247 2021 17.4904724121094 NA 564.494573878288 NA NA NA NA 1000 NA NA NA 1
248 248 2021 17.4594551086426 NA 567.95116193676 NA NA NA NA 1000 NA NA NA 1
249 249 2021 16.1047721862793 NA 562.835249518394 NA NA NA NA 1000 NA NA NA 1
250 250 2021 17.1844650268555 NA 593.477350657463 NA NA NA NA 1000 NA NA NA 1
251 251 2021 18.5860916137696 NA 596.070882393837 NA NA NA NA 1000 NA NA NA 1
252 252 2021 18.0563751220703 NA 587.631857682228 NA NA NA NA 1000 NA NA NA 1
253 253 2021 18.0034423828125 NA 594.651785581589 NA NA NA NA 1000 NA NA NA 1
254 254 2021 18.1088844299317 NA 587.044646772384 NA NA NA NA 1000 NA NA NA 1
255 255 2021 16.8143669128418 NA 570.869456947327 NA NA NA NA 1000 NA NA NA 1
256 256 2021 15.997876739502 NA 549.831918538093 NA NA NA NA 1000 NA NA NA 1
257 257 2021 15.6213623046875 NA 513.958223027229 NA NA NA NA 1000 NA NA NA 1
258 258 2021 16.3898902893067 NA 530.155666205406 NA NA NA NA 1000 NA NA NA 1
259 259 2021 15.4875923156739 NA 558.600154976845 NA NA NA NA 1000 NA NA NA 1
260 260 2021 15.9606567382813 NA 514.914686276913 NA NA NA NA 1000 NA NA NA 1
261 261 2021 15.4456230163574 NA 505.136613217354 NA NA NA NA 1000 NA NA NA 1
262 262 2021 15.4408622741699 NA 544.724893953323 NA NA NA NA 1000 NA NA NA 1
263 263 2021 18.7804389953614 NA 549.422649778366 NA NA NA NA 1000 NA NA NA 1
264 264 2021 20.0557342529297 NA 542.580659492969 NA NA NA NA 1000 NA NA NA 1
265 265 2021 17.2983909606934 NA 532.162004672527 NA NA NA NA 1000 NA NA NA 1
266 266 2021 17.0461441040039 NA 531.174388643742 NA NA NA NA 1000 NA NA NA 1
267 267 2021 17.0449005126953 NA 514.21624489069 NA NA NA NA 1000 NA NA NA 1
268 268 2021 17.3525596618653 NA 518.135479616165 NA NA NA NA 1000 NA NA NA 1
269 269 2021 16.9425559997559 NA 497.996567008018 NA NA NA NA 1000 NA NA NA 1
270 270 2021 17.5378166198731 NA 495.47864385128 NA NA NA NA 1000 NA NA NA 1
271 271 2021 15.7270179748535 NA 418.228319964409 NA NA NA NA 1000 NA NA NA 1
272 272 2021 16.3580528259278 NA 448.007415687084 NA NA NA NA 1000 NA NA NA 1
273 273 2021 17.6232124328614 NA 400.2469912076 NA NA NA NA 1000 NA NA NA 1
274 274 2021 18.0592552185059 NA 359.155074152708 NA NA NA NA 1000 NA NA NA 1
275 275 2021 19.3990608215332 NA 385.673312486649 NA NA NA NA 1000 NA NA NA 1
276 276 2021 19.5712982177735 NA 388.173430743217 NA NA NA NA 1000 NA NA NA 1
277 277 2021 18.2412124633789 NA 278.550486705542 NA NA NA NA 1000 NA NA NA 1
278 278 2021 15.5965476989746 NA 422.223180154085 NA NA NA NA 1000 NA NA NA 1
279 279 2021 16.8038192749024 NA 443.229590481043 NA NA NA NA 1000 NA NA NA 1
280 280 2021 19.2044998168946 NA 469.734467579603 NA NA NA NA 1000 NA NA NA 1
281 281 2021 20.061109161377 NA 462.122876033306 NA NA NA NA 1000 NA NA NA 1
282 282 2021 17.9163871765137 NA 439.857536889076 NA NA NA NA 1000 NA NA NA 1
283 283 2021 15.3424468994141 NA 395.469170033693 NA NA NA NA 1000 NA NA NA 1
284 284 2021 14.7651725769043 NA 398.471992958546 NA NA NA NA 1000 NA NA NA 1
285 285 2021 16.5873428344727 NA 399.641980437756 NA NA NA NA 1000 NA NA NA 1
286 286 2021 18.1241851806641 NA 438.936660758972 NA NA NA NA 1000 NA NA NA 1
287 287 2021 15.7400413513184 NA 406.061342114091 NA NA NA NA 1000 NA NA NA 1
288 288 2021 17.3263069152832 NA 439.635101641178 NA NA NA NA 1000 NA NA NA 1
289 289 2021 17.0014854431153 NA 434.812786109447 NA NA NA NA 1000 NA NA NA 1
290 290 2021 15.7160583496094 NA 421.867300390005 NA NA NA NA 1000 NA NA NA 1
291 291 2021 14.9744125366211 NA 416.956008365035 NA NA NA NA 1000 NA NA NA 1
292 292 2021 16.0270210266114 NA 405.643173298359 NA NA NA NA 1000 NA NA NA 1
293 293 2021 17.0748764038086 NA 409.900491960049 NA NA NA NA 1000 NA NA NA 1
294 294 2021 15.1228691101074 NA 394.419291792154 NA NA NA NA 1000 NA NA NA 1
295 295 2021 14.2708145141602 NA 375.07224135828 NA NA NA NA 1000 NA NA NA 1
296 296 2021 13.7390266418457 NA 370.049742041707 NA NA NA NA 1000 NA NA NA 1
297 297 2021 13.8151145935059 NA 330.861831395507 NA NA NA NA 1000 NA NA NA 1
298 298 2021 15.5899291992188 NA 353.087151221752 NA NA NA NA 1000 NA NA NA 1
299 299 2021 16.2980895996094 NA 364.982757880628 NA NA NA NA 1000 NA NA NA 1
300 300 2021 16.8515830993653 NA 349.176809118032 NA NA NA NA 1000 NA NA NA 1
301 301 2021 16.7759109497071 NA 307.978117284953 NA NA NA NA 1000 NA NA NA 1
302 302 2021 15.2750450134278 NA 304.681696906447 NA NA NA NA 1000 NA NA NA 1
303 303 2021 15.0341697692871 NA 360.240539135814 NA NA NA NA 1000 NA NA NA 1
304 304 2021 15.2047439575196 NA 362.509333617866 NA NA NA NA 1000 NA NA NA 1
305 305 2021 17.1453872680664 NA 327.338518999875 NA NA NA NA 1000 NA NA NA 1
306 306 2021 17.6575294494629 NA 345.124110975742 NA NA NA NA 1000 NA NA NA 1
307 307 2021 17.6352058410645 NA 344.781569167763 NA NA NA NA 1000 NA NA NA 1
308 308 2021 16.4835487365723 NA 330.163398987085 NA NA NA NA 1000 NA NA NA 1
309 309 2021 15.2613922119141 NA 341.124808570325 NA NA NA NA 1000 NA NA NA 1
310 310 2021 14.4717765808106 NA 344.777119801283 NA NA NA NA 1000 NA NA NA 1
311 311 2021 14.6901222229004 NA 339.643416248709 NA NA NA NA 1000 NA NA NA 1
312 312 2021 14.5065170288086 NA 344.470170483813 NA NA NA NA 1000 NA NA NA 1
313 313 2021 13.8862396240235 NA 346.298546466887 NA NA NA NA 1000 NA NA NA 1
314 314 2021 11.2849975585938 NA 341.035838109538 NA NA NA NA 1000 NA NA NA 1
315 315 2021 11.2829299926758 NA 336.244656535029 NA NA NA NA 1000 NA NA NA 1
316 316 2021 11.9129272460938 NA 332.04516287902 NA NA NA NA 1000 NA NA NA 1
317 317 2021 11.712777709961 NA 251.160310626373 NA NA NA NA 1000 NA NA NA 1
318 318 2021 10.9250274658203 NA 278.812957045577 NA NA NA NA 1000 NA NA NA 1
319 319 2021 10.3862129211426 NA 311.181120840605 NA NA NA NA 1000 NA NA NA 1
320 320 2021 10.1461654663086 NA 309.366097851448 NA NA NA NA 1000 NA NA NA 1
321 321 2021 11.2463394165039 NA 303.160263381489 NA NA NA NA 1000 NA NA NA 1
322 322 2021 9.79260406494143 NA 285.815076414272 NA NA NA NA 1000 NA NA NA 1
323 323 2021 10.5201965332031 NA 257.819907178286 NA NA NA NA 1000 NA NA NA 1
324 324 2021 11.1253791809082 NA 268.928112692635 NA NA NA NA 1000 NA NA NA 1
325 325 2021 13.3718238830567 NA 127.279532705068 NA NA NA NA 1000 NA NA NA 1
326 326 2021 13.4071823120117 NA 188.577097478628 NA NA NA NA 1000 NA NA NA 1
327 327 2021 13.9650169372559 NA 161.040122089863 NA NA NA NA 1000 NA NA NA 1
328 328 2021 15.00087890625 NA 109.511732524931 NA NA NA NA 1000 NA NA NA 1
329 329 2021 11.6693626403809 NA 229.673467018604 NA NA NA NA 1000 NA NA NA 1
330 330 2021 11.9945999145508 NA 240.706052447557 NA NA NA NA 1000 NA NA NA 1
331 331 2021 13.1567970275879 NA 175.284615166545 NA NA NA NA 1000 NA NA NA 1
332 332 2021 14.6698509216309 NA 96.668561790347 NA NA NA NA 1000 NA NA NA 1
333 333 2021 13.9377227783203 NA 137.035358585715 NA NA NA NA 1000 NA NA NA 1
334 334 2021 12.1492515563965 NA 217.866826709628 NA NA NA NA 1000 NA NA NA 1
335 335 2021 10.9202743530274 NA 144.393381887674 NA NA NA NA 1000 NA NA NA 1
336 336 2021 9.35717926025393 NA 254.327731492281 NA NA NA NA 1000 NA NA NA 1
337 337 2021 8.97342453002932 NA 249.834623403549 NA NA NA NA 1000 NA NA NA 1
338 338 2021 10.5354934692383 NA 155.563873390198 NA NA NA NA 1000 NA NA NA 1
339 339 2021 10.9771324157715 NA 129.962051204026 NA NA NA NA 1000 NA NA NA 1
340 340 2021 11.5841766357422 NA 199.244889731049 NA NA NA NA 1000 NA NA NA 1
341 341 2021 10.4664321899414 NA 231.359500240803 NA NA NA NA 1000 NA NA NA 1
342 342 2021 10.1174217224121 NA 222.217578885794 NA NA NA NA 1000 NA NA NA 1
343 343 2021 9.58977661132815 NA 168.61612651658 NA NA NA NA 1000 NA NA NA 1
344 344 2021 9.41381988525393 NA 116.411545327425 NA NA NA NA 1000 NA NA NA 1
345 345 2021 9.31126556396487 NA 221.968455566287 NA NA NA NA 1000 NA NA NA 1
346 346 2021 11.3997512817383 NA 215.246589765072 NA NA NA NA 1000 NA NA NA 1
347 347 2021 10.2086120605469 NA 252.361444222212 NA NA NA NA 1000 NA NA NA 1
348 348 2021 11.3987174987793 NA 174.728539521217 NA NA NA NA 1000 NA NA NA 1
349 349 2021 12.4546371459961 NA 146.533166131019 NA NA NA NA 1000 NA NA NA 1
350 350 2021 12.9258361816406 NA 156.039871842265 NA NA NA NA 1000 NA NA NA 1
351 351 2021 12.3909507751465 NA 155.461554341704 NA NA NA NA 1000 NA NA NA 1
352 352 2021 11.0734764099121 NA 208.337877473593 NA NA NA NA 1000 NA NA NA 1
353 353 2021 12.2408500671387 NA 162.832923979044 NA NA NA NA 1000 NA NA NA 1
354 354 2021 10.3884902954102 NA 146.862369541883 NA NA NA NA 1000 NA NA NA 1
355 355 2021 11.662126159668 NA 134.0414337008 NA NA NA NA 1000 NA NA NA 1
356 356 2021 10.6769233703614 NA 190.974903333425 NA NA NA NA 1000 NA NA NA 1
357 357 2021 10.5288787841797 NA 192.340627782583 NA NA NA NA 1000 NA NA NA 1
358 358 2021 11.7227073669434 NA 118.079780831695 NA NA NA NA 1000 NA NA NA 1
359 359 2021 11.0724426269531 NA 170.933858895242 NA NA NA NA 1000 NA NA NA 1
360 360 2021 10.0173545837403 NA 248.544525678634 NA NA NA NA 1000 NA NA NA 1
361 361 2021 10.2536827087403 NA 254.745907490253 NA NA NA NA 1000 NA NA NA 1
362 362 2021 10.0667701721192 NA 257.228241763353 NA NA NA NA 1000 NA NA NA 1
363 363 2021 7.98263320922854 NA 249.162887099504 NA NA NA NA 1000 NA NA NA 1
364 364 2021 8.26031265258791 NA 248.259810829401 NA NA NA NA 1000 NA NA NA 1
365 365 2021 9.55731735229494 NA 263.180496349335 NA NA NA NA 1000 NA NA NA 1
1 1 2021 7.96328887939455 NA 268.679262002945 NA NA NA NA 1000 NA NA NA 1
2 2 2021 6.72052536010744 NA 261.533271418571 NA NA NA NA 1000 NA NA NA 1
3 3 2021 6.68923721313479 NA 261.867820180416 NA NA NA NA 1000 NA NA NA 1
4 4 2021 7.17073974609377 NA 238.819570957661 NA NA NA NA 1000 NA NA NA 1
5 5 2021 10.086629486084 NA 148.013804411888 NA NA NA NA 1000 NA NA NA 1
6 6 2021 9.47356948852541 NA 72.6642415690422 NA NA NA NA 1000 NA NA NA 1
7 7 2021 11.915372467041 NA 107.033669227839 NA NA NA NA 1000 NA NA NA 1
8 8 2021 12.4794937133789 NA 117.360111640692 NA NA NA NA 1000 NA NA NA 1
9 9 2021 13.9464584350586 NA 104.009335870743 NA NA NA NA 1000 NA NA NA 1
10 10 2021 10.6643844604492 NA 164.393362999916 NA NA NA NA 1000 NA NA NA 1
11 11 2021 11.0257698059082 NA 199.043816104412 NA NA NA NA 1000 NA NA NA 1
12 12 2021 12.3471389770508 NA 181.789954057693 NA NA NA NA 1000 NA NA NA 1
13 13 2021 11.0205513000489 NA 248.940812475681 NA NA NA NA 1000 NA NA NA 1
14 14 2021 11.3121391296387 NA 146.180465705395 NA NA NA NA 1000 NA NA NA 1
15 15 2021 10.6704078674317 NA 63.2076312291622 NA NA NA NA 1000 NA NA NA 1
16 16 2021 12.6764312744141 NA 58.0778643949032 NA NA NA NA 1000 NA NA NA 1
17 17 2021 13.7623573303223 NA 94.4144424211681 NA NA NA NA 1000 NA NA NA 1
18 18 2021 12.4730812072754 NA 207.278197363853 NA NA NA NA 1000 NA NA NA 1
19 19 2021 13.531137084961 NA 212.336593392372 NA NA NA NA 1000 NA NA NA 1
20 20 2021 14.0770164489746 NA 169.982574481964 NA NA NA NA 1000 NA NA NA 1
21 21 2021 10.0252586364746 NA 237.677635545731 NA NA NA NA 1000 NA NA NA 1
22 22 2021 9.91736755371096 NA 282.846333677292 NA NA NA NA 1000 NA NA NA 1
23 23 2021 8.91044006347659 NA 301.951369571686 NA NA NA NA 1000 NA NA NA 1
24 24 2021 10.2707267761231 NA 303.280640496254 NA NA NA NA 1000 NA NA NA 1
25 25 2021 10.6772247314453 NA 293.413655331612 NA NA NA NA 1000 NA NA NA 1
26 26 2021 11.2501693725586 NA 288.332960588455 NA NA NA NA 1000 NA NA NA 1
27 27 2021 11.8148971557617 NA 275.486229667664 NA NA NA NA 1000 NA NA NA 1
28 28 2021 12.4881187438965 NA 262.144389864922 NA NA NA NA 1000 NA NA NA 1
29 29 2021 12.6497550964356 NA 204.209265821457 NA NA NA NA 1000 NA NA NA 1
30 30 2021 11.4262481689453 NA 271.404732757091 NA NA NA NA 1000 NA NA NA 1
31 31 2021 12.6287017822266 NA 229.095313796043 NA NA NA NA 1000 NA NA NA 1
32 32 2021 12.4442039489746 NA 173.270084031105 NA NA NA NA 1000 NA NA NA 1
33 33 2021 12.2615028381348 NA 186.683307744026 NA NA NA NA 1000 NA NA NA 1
34 34 2021 11.7110153198242 NA 227.815106898308 NA NA NA NA 1000 NA NA NA 1
35 35 2021 10.0017944335938 NA 216.159388016701 NA NA NA NA 1000 NA NA NA 1
36 36 2021 6.0268493652344 NA 276.538945524216 NA NA NA NA 1000 NA NA NA 1
37 37 2021 6.35172424316409 NA 338.506524124146 NA NA NA NA 1000 NA NA NA 1
38 38 2021 7.55819091796877 NA 296.558425285339 NA NA NA NA 1000 NA NA NA 1
39 39 2021 8.69947586059573 NA 264.254275071144 NA NA NA NA 1000 NA NA NA 1
40 40 2021 8.16201934814455 NA 215.244953726292 NA NA NA NA 1000 NA NA NA 1
41 41 2021 8.00600585937502 NA 293.841877141953 NA NA NA NA 1000 NA NA NA 1
42 42 2021 7.04941329956057 NA 347.668732410431 NA NA NA NA 1000 NA NA NA 1
43 43 2021 6.86150512695315 NA 244.591672523499 NA NA NA NA 1000 NA NA NA 1
44 44 2021 10.3954635620117 NA 79.5515099585056 NA NA NA NA 1000 NA NA NA 1
45 45 2021 14.2779556274414 NA 149.276167096138 NA NA NA NA 1000 NA NA NA 1
46 46 2021 9.78540954589846 NA 235.790776799202 NA NA NA NA 1000 NA NA NA 1
47 47 2021 8.28716049194338 NA 328.162242033958 NA NA NA NA 1000 NA NA NA 1
48 48 2021 7.97471771240237 NA 354.199133918762 NA NA NA NA 1000 NA NA NA 1
49 49 2021 7.1043640136719 NA 388.358909069827 NA NA NA NA 1000 NA NA NA 1
50 50 2021 7.61935958862307 NA 420.270516052635 NA NA NA NA 1000 NA NA NA 1
51 51 2021 9.5311218261719 NA 354.752259523781 NA NA NA NA 1000 NA NA NA 1
52 52 2021 8.32045516967776 NA 395.808224763507 NA NA NA NA 1000 NA NA NA 1
53 53 2021 8.13996658325198 NA 427.925011198774 NA NA NA NA 1000 NA NA NA 1
54 54 2021 7.5800491333008 NA 423.861351406075 NA NA NA NA 1000 NA NA NA 1
55 55 2021 9.64422760009768 NA 368.642763295401 NA NA NA NA 1000 NA NA NA 1
56 56 2021 10.6631828308106 NA 326.78835247203 NA NA NA NA 1000 NA NA NA 1
57 57 2021 12.1520095825196 NA 180.027997745391 NA NA NA NA 1000 NA NA NA 1
58 58 2021 12.9070526123047 NA 186.04097300851 NA NA NA NA 1000 NA NA NA 1
59 59 2021 10.6505485534668 NA 304.989080213949 NA NA NA NA 1000 NA NA NA 1
60 60 2021 9.95887908935549 NA 354.707653209239 NA NA NA NA 1000 NA NA NA 1
61 61 2021 12.0852333068848 NA 183.658979749985 NA NA NA NA 1000 NA NA NA 1
62 62 2021 12.8521018981934 NA 168.046648952261 NA NA NA NA 1000 NA NA NA 1
63 63 2021 11.2613998413086 NA 303.338626157314 NA NA NA NA 1000 NA NA NA 1
64 64 2021 11.0877281188965 NA 181.384039278269 NA NA NA NA 1000 NA NA NA 1
65 65 2021 13.0819221496582 NA 175.933103629172 NA NA NA NA 1000 NA NA NA 1
66 66 2021 10.8350463867188 NA 276.909193895906 NA NA NA NA 1000 NA NA NA 1
67 67 2021 8.89901504516604 NA 366.01990604192 NA NA NA NA 1000 NA NA NA 1
68 68 2021 8.37158355712893 NA 310.172366410971 NA NA NA NA 1000 NA NA NA 1
69 69 2021 9.26861343383791 NA 334.505289696038 NA NA NA NA 1000 NA NA NA 1
70 70 2021 9.15089569091799 NA 427.974072563767 NA NA NA NA 1000 NA NA NA 1
71 71 2021 11.3225646972656 NA 484.9590813241 NA NA NA NA 1000 NA NA NA 1
72 72 2021 10.1870933532715 NA 494.411230610609 NA NA NA NA 1000 NA NA NA 1
73 73 2021 10.7141204833985 NA 531.916512416601 NA NA NA NA 1000 NA NA NA 1
74 74 2021 11.2389389038086 NA 522.531271622419 NA NA NA NA 1000 NA NA NA 1
75 75 2021 12.5643249511719 NA 513.663464885712 NA NA NA NA 1000 NA NA NA 1
76 76 2021 13.3993850708008 NA 522.26809769845 NA NA NA NA 1000 NA NA NA 1
77 77 2021 14.9634109497071 NA 508.787965997219 NA NA NA NA 1000 NA NA NA 1
78 78 2021 14.1217323303223 NA 471.434334805012 NA NA NA NA 1000 NA NA NA 1
79 79 2021 13.5505882263184 NA 321.854860307097 NA NA NA NA 1000 NA NA NA 1
80 80 2021 11.0209480285645 NA 484.758368447542 NA NA NA NA 1000 NA NA NA 1
81 81 2021 11.3853355407715 NA 299.881612677097 NA NA NA NA 1000 NA NA NA 1
82 82 2021 12.8370529174805 NA 337.556384774208 NA NA NA NA 1000 NA NA NA 1
83 83 2021 11.091943359375 NA 510.063704785347 NA NA NA NA 1000 NA NA NA 1
84 84 2021 12.8960205078125 NA 368.495570092678 NA NA NA NA 1000 NA NA NA 1
85 85 2021 13.1009689331055 NA 360.890141916752 NA NA NA NA 1000 NA NA NA 1
86 86 2021 14.2791572570801 NA 387.471248543739 NA NA NA NA 1000 NA NA NA 1
87 87 2021 12.3000122070313 NA 453.234830498934 NA NA NA NA 1000 NA NA NA 1
88 88 2021 11.5233131408692 NA 512.240512848377 NA NA NA NA 1000 NA NA NA 1
89 89 2021 12.0880332946778 NA 566.834606294632 NA NA NA NA 1000 NA NA NA 1
90 90 2021 13.5868888854981 NA 589.949761237621 NA NA NA NA 1000 NA NA NA 1
91 91 2021 14.9551864624024 NA 455.210910564899 NA NA NA NA 1000 NA NA NA 1
92 92 2021 13.3309951782227 NA 340.964347048521 NA NA NA NA 1000 NA NA NA 1
93 93 2021 13.2088638305664 NA 355.925411628485 NA NA NA NA 1000 NA NA NA 1
94 94 2021 13.1023803710938 NA 275.107078688383 NA NA NA NA 1000 NA NA NA 1
95 95 2021 13.0327926635742 NA 248.887292939663 NA NA NA NA 1000 NA NA NA 1
96 96 2021 14.3932662963867 NA 312.68372247982 NA NA NA NA 1000 NA NA NA 1
97 97 2021 15.489633178711 NA 468.802549699783 NA NA NA NA 1000 NA NA NA 1
98 98 2021 16.4776969909668 NA 444.714964756489 NA NA NA NA 1000 NA NA NA 1
99 99 2021 14.9222923278809 NA 504.840273470879 NA NA NA NA 1000 NA NA NA 1
100 100 2021 13.3494468688965 NA 638.865412054062 NA NA NA NA 1000 NA NA NA 1
101 101 2021 13.698388671875 NA 535.56087019825 NA NA NA NA 1000 NA NA NA 1
102 102 2021 12.7781005859375 NA 549.107929544449 NA NA NA NA 1000 NA NA NA 1
103 103 2021 14.6064392089844 NA 633.981011723518 NA NA NA NA 1000 NA NA NA 1
104 104 2021 13.8106895446778 NA 613.582366114616 NA NA NA NA 1000 NA NA NA 1
105 105 2021 12.1614356994629 NA 586.051143826485 NA NA NA NA 1000 NA NA NA 1
106 106 2021 12.1215263366699 NA 465.738087275028 NA NA NA NA 1000 NA NA NA 1
107 107 2021 13.3370109558106 NA 599.366235453606 NA NA NA NA 1000 NA NA NA 1
108 108 2021 15.7746025085449 NA 647.72876554966 NA NA NA NA 1000 NA NA NA 1
109 109 2021 17.1158271789551 NA 608.67565497303 NA NA NA NA 1000 NA NA NA 1
110 110 2021 13.8903060913086 NA 547.756325128079 NA NA NA NA 1000 NA NA NA 1
111 111 2021 12.462247467041 NA 652.809470373154 NA NA NA NA 1000 NA NA NA 1
112 112 2021 15.1236396789551 NA 671.508574099541 NA NA NA NA 1000 NA NA NA 1
113 113 2021 18.654988861084 NA 669.773379071235 NA NA NA NA 1000 NA NA NA 1
114 114 2021 20.6255126953125 NA 658.073051671982 NA NA NA NA 1000 NA NA NA 1
115 115 2021 18.1261611938477 NA 651.970866933823 NA NA NA NA 1000 NA NA NA 1
116 116 2021 15.2798629760742 NA 668.287973798752 NA NA NA NA 1000 NA NA NA 1
117 117 2021 15.3799377441406 NA 618.49356804657 NA NA NA NA 1000 NA NA NA 1
118 118 2021 13.5844856262207 NA 591.247822933197 NA NA NA NA 1000 NA NA NA 1
119 119 2021 13.8132987976074 NA 622.820407772064 NA NA NA NA 1000 NA NA NA 1
120 120 2021 14.0318923950196 NA 643.718608699799 NA NA NA NA 1000 NA NA NA 1
121 121 2021 13.5620170593262 NA 687.174433702469 NA NA NA NA 1000 NA NA NA 1
122 122 2021 15.442098236084 NA 711.088062765121 NA NA NA NA 1000 NA NA NA 1
123 123 2021 15.1364761352539 NA 688.204843788147 NA NA NA NA 1000 NA NA NA 1
124 124 2021 14.012036895752 NA 681.268527248383 NA NA NA NA 1000 NA NA NA 1
125 125 2021 12.7764945983887 NA 667.502902999878 NA NA NA NA 1000 NA NA NA 1
126 126 2021 13.1136032104492 NA 567.628606256485 NA NA NA NA 1000 NA NA NA 1
127 127 2021 13.7571464538574 NA 577.3573073349 NA NA NA NA 1000 NA NA NA 1
128 128 2021 14.0318885803223 NA 655.329736200332 NA NA NA NA 1000 NA NA NA 1
129 129 2021 13.993783569336 NA 570.559249680519 NA NA NA NA 1000 NA NA NA 1
130 130 2021 14.9658180236817 NA 622.320813139915 NA NA NA NA 1000 NA NA NA 1
131 131 2021 15.3476463317871 NA 665.299339200973 NA NA NA NA 1000 NA NA NA 1
132 132 2021 14.714933013916 NA 666.03088542366 NA NA NA NA 1000 NA NA NA 1
133 133 2021 14.4975486755371 NA 671.232012091449 NA NA NA NA 1000 NA NA NA 1
134 134 2021 14.2368484497071 NA 577.464371956261 NA NA NA NA 1000 NA NA NA 1
135 135 2021 14.5013633728028 NA 269.161008505633 NA NA NA NA 1000 NA NA NA 1
136 136 2021 13.4414916992188 NA 483.950986701777 NA NA NA NA 1000 NA NA NA 1
137 137 2021 12.7518287658692 NA 491.34676157457 NA NA NA NA 1000 NA NA NA 1
138 138 2021 12.0443168640137 NA 398.676428015485 NA NA NA NA 1000 NA NA NA 1
139 139 2021 11.7260566711426 NA 375.106282270243 NA NA NA NA 1000 NA NA NA 1
140 140 2021 12.2871757507324 NA 542.042219386328 NA NA NA NA 1000 NA NA NA 1
141 141 2021 13.2652145385742 NA 482.80013356372 NA NA NA NA 1000 NA NA NA 1
142 142 2021 13.8798767089844 NA 556.329733410187 NA NA NA NA 1000 NA NA NA 1
143 143 2021 15.9959999084473 NA 652.25634286429 NA NA NA NA 1000 NA NA NA 1
144 144 2021 15.8229309082031 NA 637.777016606584 NA NA NA NA 1000 NA NA NA 1
145 145 2021 14.3906646728516 NA 634.413677513659 NA NA NA NA 1000 NA NA NA 1
146 146 2021 13.2367416381836 NA 574.783514836714 NA NA NA NA 1000 NA NA NA 1
147 147 2021 12.827035522461 NA 545.120081867576 NA NA NA NA 1000 NA NA NA 1
148 148 2021 14.1995445251465 NA 544.990728771388 NA NA NA NA 1000 NA NA NA 1
149 149 2021 15.5130935668946 NA 685.269716692984 NA NA NA NA 1000 NA NA NA 1
150 150 2021 14.7628684997559 NA 674.278626989201 NA NA NA NA 1000 NA NA NA 1
151 151 2021 15.0450302124024 NA 678.667934345826 NA NA NA NA 1000 NA NA NA 1
152 152 2021 16.8430877685547 NA 685.706874565035 NA NA NA NA 1000 NA NA NA 1
153 153 2021 16.3044334411621 NA 627.374761833772 NA NA NA NA 1000 NA NA NA 1
154 154 2021 15.8903137207031 NA 654.874768513948 NA NA NA NA 1000 NA NA NA 1
155 155 2021 17.9522872924805 NA 719.563320336431 NA NA NA NA 1000 NA NA NA 1
156 156 2021 20.2707496643067 NA 740.189428793073 NA NA NA NA 1000 NA NA NA 1
157 157 2021 16.7530494689942 NA 729.724717729509 NA NA NA NA 1000 NA NA NA 1
158 158 2021 14.7255645751953 NA 760.173221292764 NA NA NA NA 1000 NA NA NA 1
159 159 2021 18.9927001953125 NA 778.702832837969 NA NA NA NA 1000 NA NA NA 1
160 160 2021 22.7861534118653 NA 753.798927104443 NA NA NA NA 1000 NA NA NA 1
161 161 2021 26.194165802002 NA 700.195133986354 NA NA NA NA 1000 NA NA NA 1
162 162 2021 27.0552993774414 NA 739.694294552773 NA NA NA NA 1000 NA NA NA 1
163 163 2021 26.1199661254883 NA 731.06291702953 NA NA NA NA 1000 NA NA NA 1
164 164 2021 18.7719055175781 NA 693.651322100997 NA NA NA NA 1000 NA NA NA 1
165 165 2021 15.8939186096192 NA 677.365426922143 NA NA NA NA 1000 NA NA NA 1
166 166 2021 14.865739440918 NA 655.757962483823 NA NA NA NA 1000 NA NA NA 1
167 167 2021 14.7369934082031 NA 615.785937032759 NA NA NA NA 1000 NA NA NA 1
168 168 2021 16.5671440124512 NA 709.758773947954 NA NA NA NA 1000 NA NA NA 1
169 169 2021 18.9626213073731 NA 735.90719235605 NA NA NA NA 1000 NA NA NA 1
170 170 2021 17.9968086242676 NA 690.992751081884 NA NA NA NA 1000 NA NA NA 1
171 171 2021 17.14931640625 NA 731.214572399974 NA NA NA NA 1000 NA NA NA 1
172 172 2021 16.4879280090332 NA 758.808265752852 NA NA NA NA 1000 NA NA NA 1
173 173 2021 18.984880065918 NA 761.805824599445 NA NA NA NA 1000 NA NA NA 1
174 174 2021 20.7039237976074 NA 759.258783379733 NA NA NA NA 1000 NA NA NA 1
175 175 2021 19.5223327636719 NA 727.110759071171 NA NA NA NA 1000 NA NA NA 1
176 176 2021 18.19033203125 NA 722.212964681148 NA NA NA NA 1000 NA NA NA 1
177 177 2021 16.9618049621582 NA 726.802998365283 NA NA NA NA 1000 NA NA NA 1
178 178 2021 16.1899276733399 NA 752.335836076617 NA NA NA NA 1000 NA NA NA 1
179 179 2021 16.4871307373047 NA 623.382455387354 NA NA NA NA 1000 NA NA NA 1
180 180 2021 16.6375366210938 NA 730.911263045132 NA NA NA NA 1000 NA NA NA 1
181 181 2021 17.3414360046387 NA 730.893419713676 NA NA NA NA 1000 NA NA NA 1
182 182 2021 16.7079292297364 NA 748.807437520683 NA NA NA NA 1000 NA NA NA 1
183 183 2021 16.7893463134766 NA 753.883677069664 NA NA NA NA 1000 NA NA NA 1
184 184 2021 16.3816390991211 NA 745.872320505857 NA NA NA NA 1000 NA NA NA 1
185 185 2021 16.6716247558594 NA 732.998837755322 NA NA NA NA 1000 NA NA NA 1
186 186 2021 17.2273307800293 NA 728.703217276156 NA NA NA NA 1000 NA NA NA 1
187 187 2021 17.6318260192871 NA 751.4035479334 NA NA NA NA 1000 NA NA NA 1
188 188 2021 16.6876731872559 NA 666.169153129339 NA NA NA NA 1000 NA NA NA 1
189 189 2021 16.0294929504395 NA 680.29161779809 NA NA NA NA 1000 NA NA NA 1
190 190 2021 15.677335357666 NA 651.667536914289 NA NA NA NA 1000 NA NA NA 1
191 191 2021 18.127156829834 NA 675.44734458214 NA NA NA NA 1000 NA NA NA 1
192 192 2021 18.4797187805176 NA 697.121720536888 NA NA NA NA 1000 NA NA NA 1
193 193 2021 17.5736633300781 NA 694.373943885863 NA NA NA NA 1000 NA NA NA 1
194 194 2021 18.0048309326172 NA 739.234863418937 NA NA NA NA 1000 NA NA NA 1
195 195 2021 18.3345237731934 NA 738.913680995643 NA NA NA NA 1000 NA NA NA 1
196 196 2021 19.6957984924317 NA 736.210522438586 NA NA NA NA 1000 NA NA NA 1
197 197 2021 18.9578071594239 NA 700.10144219473 NA NA NA NA 1000 NA NA NA 1
198 198 2021 18.2633262634278 NA 680.693095968962 NA NA NA NA 1000 NA NA NA 1
199 199 2021 19.248193359375 NA 689.409207360387 NA NA NA NA 1000 NA NA NA 1
200 200 2021 18.2410713195801 NA 657.270126547784 NA NA NA NA 1000 NA NA NA 1
201 201 2021 18.0816398620606 NA 669.331758381754 NA NA NA NA 1000 NA NA NA 1
202 202 2021 18.016259765625 NA 677.691059971958 NA NA NA NA 1000 NA NA NA 1
203 203 2021 19.4226661682129 NA 696.167129394889 NA NA NA NA 1000 NA NA NA 1
204 204 2021 19.628018951416 NA 700.895441400558 NA NA NA NA 1000 NA NA NA 1
205 205 2021 19.8263526916504 NA 711.123747474968 NA NA NA NA 1000 NA NA NA 1
206 206 2021 21.9406753540039 NA 658.505725368887 NA NA NA NA 1000 NA NA NA 1
207 207 2021 19.3851600646973 NA 654.147670791462 NA NA NA NA 1000 NA NA NA 1
208 208 2021 18.9503837585449 NA 705.596980140015 NA NA NA NA 1000 NA NA NA 1
209 209 2021 22.1997695922852 NA 719.184153055355 NA NA NA NA 1000 NA NA NA 1
210 210 2021 19.147721862793 NA 719.987074320674 NA NA NA NA 1000 NA NA NA 1
211 211 2021 17.1154266357422 NA 702.822444240749 NA NA NA NA 1000 NA NA NA 1
212 212 2021 17.4507347106934 NA 675.603467762932 NA NA NA NA 1000 NA NA NA 1
213 213 2021 17.8843055725098 NA 652.590890035331 NA NA NA NA 1000 NA NA NA 1
214 214 2021 18.0447364807129 NA 647.670774486169 NA NA NA NA 1000 NA NA NA 1
215 215 2021 19.1204467773438 NA 684.190231854364 NA NA NA NA 1000 NA NA NA 1
216 216 2021 19.5686584472656 NA 655.557229328461 NA NA NA NA 1000 NA NA NA 1
217 217 2021 18.6022468566895 NA 601.065733600844 NA NA NA NA 1000 NA NA NA 1
218 218 2021 19.0675025939942 NA 598.813113374736 NA NA NA NA 1000 NA NA NA 1
219 219 2021 18.2595191955567 NA 660.294459605619 NA NA NA NA 1000 NA NA NA 1
220 220 2021 17.4894386291504 NA 679.644834670657 NA NA NA NA 1000 NA NA NA 1
221 221 2021 18.056169128418 NA 634.601022500239 NA NA NA NA 1000 NA NA NA 1
222 222 2021 19.8520217895508 NA 586.060063025286 NA NA NA NA 1000 NA NA NA 1
223 223 2021 18.7957664489746 NA 609.358129104614 NA NA NA NA 1000 NA NA NA 1
224 224 2021 20.6750465393067 NA 677.378799182892 NA NA NA NA 1000 NA NA NA 1
225 225 2021 21.0003219604492 NA 679.970454968452 NA NA NA NA 1000 NA NA NA 1
226 226 2021 22.8928466796875 NA 679.417341808319 NA NA NA NA 1000 NA NA NA 1
227 227 2021 24.3812690734864 NA 676.919359575272 NA NA NA NA 1000 NA NA NA 1
228 228 2021 23.5044990539551 NA 676.33502357769 NA NA NA NA 1000 NA NA NA 1
229 229 2021 19.4090286254883 NA 651.346356759071 NA NA NA NA 1000 NA NA NA 1
230 230 2021 18.0136581420899 NA 598.51423121357 NA NA NA NA 1000 NA NA NA 1
231 231 2021 17.7912536621094 NA 562.249031521797 NA NA NA NA 1000 NA NA NA 1
232 232 2021 17.7359062194824 NA 606.003690146446 NA NA NA NA 1000 NA NA NA 1
233 233 2021 18.682462310791 NA 627.669171085358 NA NA NA NA 1000 NA NA NA 1
234 234 2021 21.6986137390137 NA 617.436381560326 NA NA NA NA 1000 NA NA NA 1
235 235 2021 20.5841957092285 NA 603.470044687271 NA NA NA NA 1000 NA NA NA 1
236 236 2021 19.5919204711914 NA 588.705232182503 NA NA NA NA 1000 NA NA NA 1
237 237 2021 20.3070465087891 NA 626.170366020203 NA NA NA NA 1000 NA NA NA 1
238 238 2021 20.6307312011719 NA 626.875151970863 NA NA NA NA 1000 NA NA NA 1
239 239 2021 20.5707641601563 NA 593.304187595367 NA NA NA NA 1000 NA NA NA 1
240 240 2021 19.7124420166016 NA 537.45219957447 NA NA NA NA 1000 NA NA NA 1
241 241 2021 19.5965324401856 NA 540.467606036663 NA NA NA NA 1000 NA NA NA 1
242 242 2021 19.095174407959 NA 612.645629581451 NA NA NA NA 1000 NA NA NA 1
243 243 2021 19.5353713989258 NA 595.788788180351 NA NA NA NA 1000 NA NA NA 1
244 244 2021 21.9932151794434 NA 611.940836574554 NA NA NA NA 1000 NA NA NA 1
245 245 2021 21.233960723877 NA 599.018313611984 NA NA NA NA 1000 NA NA NA 1
246 246 2021 18.7857376098633 NA 593.103458842277 NA NA NA NA 1000 NA NA NA 1
247 247 2021 19.2624336242676 NA 531.23848295784 NA NA NA NA 1000 NA NA NA 1
248 248 2021 18.6820579528809 NA 537.96964245224 NA NA NA NA 1000 NA NA NA 1
249 249 2021 18.1929374694824 NA 552.248211731911 NA NA NA NA 1000 NA NA NA 1
250 250 2021 17.5179153442383 NA 513.850806950569 NA NA NA NA 1000 NA NA NA 1
251 251 2021 17.6149841308594 NA 570.831357807636 NA NA NA NA 1000 NA NA NA 1
252 252 2021 18.2304435729981 NA 580.707263566971 NA NA NA NA 1000 NA NA NA 1
253 253 2021 17.753751373291 NA 570.073038208485 NA NA NA NA 1000 NA NA NA 1
254 254 2021 18.2023597717285 NA 557.45828155899 NA NA NA NA 1000 NA NA NA 1
255 255 2021 21.2225204467774 NA 571.638729337216 NA NA NA NA 1000 NA NA NA 1
256 256 2021 23.9286476135254 NA 574.685372245312 NA NA NA NA 1000 NA NA NA 1
257 257 2021 22.9892974853516 NA 571.165907073498 NA NA NA NA 1000 NA NA NA 1
258 258 2021 18.9529968261719 NA 528.896633560658 NA NA NA NA 1000 NA NA NA 1
259 259 2021 18.5781799316406 NA 388.715762226343 NA NA NA NA 1000 NA NA NA 1
260 260 2021 17.0167594909668 NA 533.2859234972 NA NA NA NA 1000 NA NA NA 1
261 261 2021 18.0030227661133 NA 386.668321434975 NA NA NA NA 1000 NA NA NA 1
262 262 2021 17.2550064086914 NA 439.112364570141 NA NA NA NA 1000 NA NA NA 1
263 263 2021 18.5527130126953 NA 533.094136003494 NA NA NA NA 1000 NA NA NA 1
264 264 2021 20.606462097168 NA 534.708882086754 NA NA NA NA 1000 NA NA NA 1
265 265 2021 19.9015556335449 NA 512.445710719109 NA NA NA NA 1000 NA NA NA 1
266 266 2021 18.8479095458985 NA 506.860951218128 NA NA NA NA 1000 NA NA NA 1
267 267 2021 22.6660285949707 NA 519.770127813816 NA NA NA NA 1000 NA NA NA 1
268 268 2021 24.4510551452637 NA 490.360957797527 NA NA NA NA 1000 NA NA NA 1
269 269 2021 23.3270202636719 NA 499.857714845657 NA NA NA NA 1000 NA NA NA 1
270 270 2021 19.100186920166 NA 381.034507735491 NA NA NA NA 1000 NA NA NA 1
271 271 2021 15.0263725280762 NA 479.762404737473 NA NA NA NA 1000 NA NA NA 1
272 272 2021 13.6223846435547 NA 510.407173637867 NA NA NA NA 1000 NA NA NA 1
273 273 2021 13.8943153381348 NA 467.620490260363 NA NA NA NA 1000 NA NA NA 1
274 274 2021 13.1966339111328 NA 491.837435419083 NA NA NA NA 1000 NA NA NA 1
275 275 2021 14.6060424804688 NA 497.386500948906 NA NA NA NA 1000 NA NA NA 1
276 276 2021 14.9024406433106 NA 487.318788291216 NA NA NA NA 1000 NA NA NA 1
277 277 2021 14.3892532348633 NA 489.201171115875 NA NA NA NA 1000 NA NA NA 1
278 278 2021 15.7978645324707 NA 480.364603849173 NA NA NA NA 1000 NA NA NA 1
279 279 2021 18.7071281433106 NA 470.84554077816 NA NA NA NA 1000 NA NA NA 1
280 280 2021 20.1568466186524 NA 452.057213212252 NA NA NA NA 1000 NA NA NA 1
281 281 2021 19.4186492919922 NA 461.174816004991 NA NA NA NA 1000 NA NA NA 1
282 282 2021 16.356576538086 NA 436.33781870079 NA NA NA NA 1000 NA NA NA 1
283 283 2021 16.4610649108887 NA 475.283896253586 NA NA NA NA 1000 NA NA NA 1
284 284 2021 16.2143913269043 NA 453.283907126188 NA NA NA NA 1000 NA NA NA 1
285 285 2021 16.4833160400391 NA 453.761183135033 NA NA NA NA 1000 NA NA NA 1
286 286 2021 16.233243560791 NA 446.784710310698 NA NA NA NA 1000 NA NA NA 1
287 287 2021 14.3010154724121 NA 437.725111040115 NA NA NA NA 1000 NA NA NA 1
288 288 2021 13.8345581054688 NA 431.471247211218 NA NA NA NA 1000 NA NA NA 1
289 289 2021 13.7926422119141 NA 353.962731859207 NA NA NA NA 1000 NA NA NA 1
290 290 2021 15.5233169555664 NA 347.521525776446 NA NA NA NA 1000 NA NA NA 1
291 291 2021 14.4883247375489 NA 408.918121360898 NA NA NA NA 1000 NA NA NA 1
292 292 2021 13.9193893432617 NA 396.307816692472 NA NA NA NA 1000 NA NA NA 1
293 293 2021 14.8970314025879 NA 353.989491249204 NA NA NA NA 1000 NA NA NA 1
294 294 2021 16.7959648132324 NA 396.633450151801 NA NA NA NA 1000 NA NA NA 1
295 295 2021 19.1376930236817 NA 402.013008127928 NA NA NA NA 1000 NA NA NA 1
296 296 2021 19.6583000183106 NA 390.919335097551 NA NA NA NA 1000 NA NA NA 1
297 297 2021 21.7944732666016 NA 390.379594387174 NA NA NA NA 1000 NA NA NA 1
298 298 2021 21.7256866455078 NA 391.798095703483 NA NA NA NA 1000 NA NA NA 1
299 299 2021 19.1380935668946 NA 388.590862812281 NA NA NA NA 1000 NA NA NA 1
300 300 2021 15.6434494018555 NA 396.174009158134 NA NA NA NA 1000 NA NA NA 1
301 301 2021 14.7450157165528 NA 393.444082768798 NA NA NA NA 1000 NA NA NA 1
302 302 2021 12.6495529174805 NA 378.799714483917 NA NA NA NA 1000 NA NA NA 1
303 303 2021 13.7599540710449 NA 379.812276764989 NA NA NA NA 1000 NA NA NA 1
304 304 2021 13.2072616577149 NA 377.47935130161 NA NA NA NA 1000 NA NA NA 1
305 305 2021 12.5482803344727 NA 376.819162780225 NA NA NA NA 1000 NA NA NA 1
306 306 2021 13.3311935424805 NA 369.624121525466 NA NA NA NA 1000 NA NA NA 1
307 307 2021 13.9595008850098 NA 360.684947763145 NA NA NA NA 1000 NA NA NA 1
308 308 2021 14.7049156188965 NA 347.802541456819 NA NA NA NA 1000 NA NA NA 1
309 309 2021 14.0595642089844 NA 342.632628071815 NA NA NA NA 1000 NA NA NA 1
310 310 2021 13.5391593933106 NA 324.187785644472 NA NA NA NA 1000 NA NA NA 1
311 311 2021 13.1625381469727 NA 329.023143935919 NA NA NA NA 1000 NA NA NA 1
312 312 2021 12.921891784668 NA 313.236840506867 NA NA NA NA 1000 NA NA NA 1
313 313 2021 12.8484893798828 NA 318.750229406863 NA NA NA NA 1000 NA NA NA 1
314 314 2021 12.8625350952149 NA 317.751047939077 NA NA NA NA 1000 NA NA NA 1
315 315 2021 14.019059753418 NA 312.175203646109 NA NA NA NA 1000 NA NA NA 1
316 316 2021 15.6819511413574 NA 275.343491970189 NA NA NA NA 1000 NA NA NA 1
317 317 2021 13.9480644226074 NA 239.497590154953 NA NA NA NA 1000 NA NA NA 1
318 318 2021 13.6141639709473 NA 223.854032235637 NA NA NA NA 1000 NA NA NA 1
319 319 2021 13.5870872497559 NA 223.769277167246 NA NA NA NA 1000 NA NA NA 1
320 320 2021 13.7238555908203 NA 276.913653767988 NA NA NA NA 1000 NA NA NA 1
321 321 2021 14.3780265808106 NA 294.702786661262 NA NA NA NA 1000 NA NA NA 1
322 322 2021 14.9708267211914 NA 295.371880560361 NA NA NA NA 1000 NA NA NA 1
323 323 2021 14.7670761108399 NA 280.870257991942 NA NA NA NA 1000 NA NA NA 1
324 324 2021 13.0428215026856 NA 286.066936866334 NA NA NA NA 1000 NA NA NA 1
325 325 2021 12.6643920898438 NA 288.930685910514 NA NA NA NA 1000 NA NA NA 1
326 326 2021 11.2156768798828 NA 259.570577536821 NA NA NA NA 1000 NA NA NA 1
327 327 2021 11.9255958557129 NA 278.702376223326 NA NA NA NA 1000 NA NA NA 1
328 328 2021 12.2103630065918 NA 282.476099512577 NA NA NA NA 1000 NA NA NA 1
329 329 2021 11.4876037597656 NA 288.051933378696 NA NA NA NA 1000 NA NA NA 1
330 330 2021 9.74088821411135 NA 248.704402351856 NA NA NA NA 1000 NA NA NA 1
331 331 2021 8.21898422241213 NA 163.505693769693 NA NA NA NA 1000 NA NA NA 1
332 332 2021 6.25707778930666 NA 191.255489150405 NA NA NA NA 1000 NA NA NA 1
333 333 2021 6.5855651855469 NA 247.500020256996 NA NA NA NA 1000 NA NA NA 1
334 334 2021 7.15950927734377 NA 125.268872797251 NA NA NA NA 1000 NA NA NA 1
335 335 2021 10.8739486694336 NA 31.9116003242731 NA NA NA NA 1000 NA NA NA 1
336 336 2021 12.5224090576172 NA 42.4789166864157 NA NA NA NA 1000 NA NA NA 1
337 337 2021 12.5538917541504 NA 142.040972769916 NA NA NA NA 1000 NA NA NA 1
338 338 2021 12.1780830383301 NA 107.983788543105 NA NA NA NA 1000 NA NA NA 1
339 339 2021 12.2727294921875 NA 132.169517542601 NA NA NA NA 1000 NA NA NA 1
340 340 2021 13.621167755127 NA 162.073816790521 NA NA NA NA 1000 NA NA NA 1
341 341 2021 15.0346008300781 NA 173.064892460585 NA NA NA NA 1000 NA NA NA 1
342 342 2021 13.4198394775391 NA 150.449325975537 NA NA NA NA 1000 NA NA NA 1
343 343 2021 11.175366973877 NA 152.06408528924 NA NA NA NA 1000 NA NA NA 1
344 344 2021 11.1023727416992 NA 179.889721853375 NA NA NA NA 1000 NA NA NA 1
345 345 2021 12.1802879333496 NA 109.928640353441 NA NA NA NA 1000 NA NA NA 1
346 346 2021 14.3587776184082 NA 73.6723516800404 NA NA NA NA 1000 NA NA NA 1
347 347 2021 14.0818229675293 NA 87.9241756821871 NA NA NA NA 1000 NA NA NA 1
348 348 2021 12.3862434387207 NA 167.903908175558 NA NA NA NA 1000 NA NA NA 1
349 349 2021 9.46012268066409 NA 247.000427892923 NA NA NA NA 1000 NA NA NA 1
350 350 2021 8.7159248352051 NA 235.964740240097 NA NA NA NA 1000 NA NA NA 1
351 351 2021 8.78350601196291 NA 201.345510981083 NA NA NA NA 1000 NA NA NA 1
352 352 2021 10.6094413757324 NA 164.036514767408 NA NA NA NA 1000 NA NA NA 1
353 353 2021 11.1394668579102 NA 184.79644937551 NA NA NA NA 1000 NA NA NA 1
354 354 2021 10.778897857666 NA 187.99028335607 NA NA NA NA 1000 NA NA NA 1
355 355 2021 10.6062255859375 NA 177.690604365349 NA NA NA NA 1000 NA NA NA 1
356 356 2021 11.8024574279785 NA 124.287518296123 NA NA NA NA 1000 NA NA NA 1
357 357 2021 7.77156600952151 NA 154.156136614323 NA NA NA NA 1000 NA NA NA 1
358 358 2021 7.6530471801758 NA 201.082338821173 NA NA NA NA 1000 NA NA NA 1
359 359 2021 8.66097412109377 NA 171.231564086437 NA NA NA NA 1000 NA NA NA 1
360 360 2021 9.36107025146487 NA 201.72467380476 NA NA NA NA 1000 NA NA NA 1
361 361 2021 7.87585220336916 NA 256.706839581013 NA NA NA NA 1000 NA NA NA 1
362 362 2021 7.83293304443362 NA 249.181686172962 NA NA NA NA 1000 NA NA NA 1
363 363 2021 9.61214599609377 NA 181.09855076313 NA NA NA NA 1000 NA NA NA 1
364 364 2021 9.76575622558596 NA 190.118019580007 NA NA NA NA 1000 NA NA NA 1
365 365 2021 8.97221145629885 NA 240.122084130287 NA NA NA NA 1000 NA NA NA 1
1 1 2021 9.96900711059573 NA 207.6520411032 NA NA NA NA 1000 NA NA NA 1
2 2 2021 10.8246780395508 NA 226.264345815257 NA NA NA NA 1000 NA NA NA 1
3 3 2021 9.90369949340823 NA 240.54209984763 NA NA NA NA 1000 NA NA NA 1
4 4 2021 10.8231712341309 NA 183.925577699498 NA NA NA NA 1000 NA NA NA 1
5 5 2021 9.04523239135744 NA 234.523614672021 NA NA NA NA 1000 NA NA NA 1
6 6 2021 9.32257995605471 NA 250.961965820626 NA NA NA NA 1000 NA NA NA 1
7 7 2021 8.02864990234377 NA 246.939251894311 NA NA NA NA 1000 NA NA NA 1
8 8 2021 9.3616767883301 NA 205.037042784051 NA NA NA NA 1000 NA NA NA 1
9 9 2021 9.81562194824221 NA 158.662193080381 NA NA NA NA 1000 NA NA NA 1
10 10 2021 8.00459060668948 NA 220.138949839906 NA NA NA NA 1000 NA NA NA 1
11 11 2021 9.75611267089846 NA 243.259555725411 NA NA NA NA 1000 NA NA NA 1
12 12 2021 8.00609359741213 NA 191.636897301034 NA NA NA NA 1000 NA NA NA 1
13 13 2021 8.92707595825198 NA 239.842692765073 NA NA NA NA 1000 NA NA NA 1
14 14 2021 9.88499984741213 NA 230.429616126851 NA NA NA NA 1000 NA NA NA 1
15 15 2021 7.09435043334963 NA 222.526741887406 NA NA NA NA 1000 NA NA NA 1
16 16 2021 8.93953475952151 NA 124.395583982304 NA NA NA NA 1000 NA NA NA 1
17 17 2021 6.61549148559573 NA 191.565618730382 NA NA NA NA 1000 NA NA NA 1
18 18 2021 7.22410736083987 NA 234.260785999612 NA NA NA NA 1000 NA NA NA 1
19 19 2021 7.87762985229494 NA 220.08994276698 NA NA NA NA 1000 NA NA NA 1
20 20 2021 8.07742080688479 NA 140.490907797173 NA NA NA NA 1000 NA NA NA 1
21 21 2021 10.3651596069336 NA 150.941958050326 NA NA NA NA 1000 NA NA NA 1
22 22 2021 11.8887344360352 NA 171.732681411341 NA NA NA NA 1000 NA NA NA 1
23 23 2021 10.7428260803223 NA 189.17337369378 NA NA NA NA 1000 NA NA NA 1
24 24 2021 10.8446556091309 NA 211.091170521096 NA NA NA NA 1000 NA NA NA 1
25 25 2021 12.5738311767578 NA 220.584430700139 NA NA NA NA 1000 NA NA NA 1
26 26 2021 13.7811866760254 NA 144.892286578492 NA NA NA NA 1000 NA NA NA 1
27 27 2021 10.7181259155274 NA 271.636870135621 NA NA NA NA 1000 NA NA NA 1
28 28 2021 11.5331855773926 NA 199.045299231843 NA NA NA NA 1000 NA NA NA 1
29 29 2021 10.582349395752 NA 228.790243275002 NA NA NA NA 1000 NA NA NA 1
30 30 2021 11.0908561706543 NA 209.010762237862 NA NA NA NA 1000 NA NA NA 1
31 31 2021 11.4670234680176 NA 236.39019177945 NA NA NA NA 1000 NA NA NA 1
32 32 2021 11.5145011901856 NA 271.890799886063 NA NA NA NA 1000 NA NA NA 1
33 33 2021 11.608171081543 NA 306.56278811963 NA NA NA NA 1000 NA NA NA 1
34 34 2021 7.51434860229494 NA 351.766033583955 NA NA NA NA 1000 NA NA NA 1
35 35 2021 7.83401641845705 NA 356.973744612054 NA NA NA NA 1000 NA NA NA 1
36 36 2021 7.86366043090823 NA 343.493390891389 NA NA NA NA 1000 NA NA NA 1
37 37 2021 9.58467254638674 NA 325.375577892617 NA NA NA NA 1000 NA NA NA 1
38 38 2021 10.3256278991699 NA 341.546629739121 NA NA NA NA 1000 NA NA NA 1
39 39 2021 10.2929664611817 NA 356.586167730645 NA NA NA NA 1000 NA NA NA 1
40 40 2021 10.9516387939453 NA 372.83296121724 NA NA NA NA 1000 NA NA NA 1
41 41 2021 12.2047515869141 NA 378.343583363847 NA NA NA NA 1000 NA NA NA 1
42 42 2021 13.1547332763672 NA 379.443944943742 NA NA NA NA 1000 NA NA NA 1
43 43 2021 12.5862899780274 NA 377.341242986039 NA NA NA NA 1000 NA NA NA 1
44 44 2021 10.4203620910645 NA 351.543292397813 NA NA NA NA 1000 NA NA NA 1
45 45 2021 9.9950004577637 NA 320.595531232194 NA NA NA NA 1000 NA NA NA 1
46 46 2021 10.5013557434082 NA 335.844438842133 NA NA NA NA 1000 NA NA NA 1
47 47 2021 11.3323188781739 NA 365.050355988816 NA NA NA NA 1000 NA NA NA 1
48 48 2021 11.4330802917481 NA 384.388802098588 NA NA NA NA 1000 NA NA NA 1
49 49 2021 12.4698539733887 NA 411.26929155843 NA NA NA NA 1000 NA NA NA 1
50 50 2021 10.5101600646973 NA 412.699290255711 NA NA NA NA 1000 NA NA NA 1
51 51 2021 10.9686141967774 NA 392.037771622392 NA NA NA NA 1000 NA NA NA 1
52 52 2021 12.9815803527832 NA 399.33033199377 NA NA NA NA 1000 NA NA NA 1
53 53 2021 14.901742553711 NA 394.487919966452 NA NA NA NA 1000 NA NA NA 1
54 54 2021 10.6059814453125 NA 406.177420075171 NA NA NA NA 1000 NA NA NA 1
55 55 2021 11.2356506347656 NA 423.671561587211 NA NA NA NA 1000 NA NA NA 1
56 56 2021 13.6144691467285 NA 436.314386771161 NA NA NA NA 1000 NA NA NA 1
57 57 2021 14.288404083252 NA 438.60864403617 NA NA NA NA 1000 NA NA NA 1
58 58 2021 14.9294563293457 NA 438.087430104133 NA NA NA NA 1000 NA NA NA 1
59 59 2021 15.733773803711 NA 396.657425679412 NA NA NA NA 1000 NA NA NA 1
60 60 2021 13.0125175476074 NA 399.178871236843 NA NA NA NA 1000 NA NA NA 1
61 61 2021 9.81411514282229 NA 281.762717030403 NA NA NA NA 1000 NA NA NA 1
62 62 2021 12.5779129028321 NA 383.301824892905 NA NA NA NA 1000 NA NA NA 1
63 63 2021 15.0583549499512 NA 469.217823485908 NA NA NA NA 1000 NA NA NA 1
64 64 2021 14.4394241333008 NA 470.050873352286 NA NA NA NA 1000 NA NA NA 1
65 65 2021 14.0643287658692 NA 405.112717378196 NA NA NA NA 1000 NA NA NA 1
66 66 2021 12.4990707397461 NA 338.922736736205 NA NA NA NA 1000 NA NA NA 1
67 67 2021 10.5314384460449 NA 249.549780104842 NA NA NA NA 1000 NA NA NA 1
68 68 2021 9.30066833496096 NA 283.125892540213 NA NA NA NA 1000 NA NA NA 1
69 69 2021 11.5467239379883 NA 351.761578123328 NA NA NA NA 1000 NA NA NA 1
70 70 2021 13.9347854614258 NA 437.606298366186 NA NA NA NA 1000 NA NA NA 1
71 71 2021 15.1180740356446 NA 443.076833656546 NA NA NA NA 1000 NA NA NA 1
72 72 2021 13.6058822631836 NA 480.827143392917 NA NA NA NA 1000 NA NA NA 1
73 73 2021 13.0668655395508 NA 468.968340613362 NA NA NA NA 1000 NA NA NA 1
74 74 2021 11.2431655883789 NA 336.45475897431 NA NA NA NA 1000 NA NA NA 1
75 75 2021 10.0394721984864 NA 253.216118597981 NA NA NA NA 1000 NA NA NA 1
76 76 2021 7.93756256103518 NA 293.666039305624 NA NA NA NA 1000 NA NA NA 1
77 77 2021 7.78374252319338 NA 408.453831957218 NA NA NA NA 1000 NA NA NA 1
78 78 2021 8.7077346801758 NA 354.104831963536 NA NA NA NA 1000 NA NA NA 1
79 79 2021 10.0444084167481 NA 368.240024318453 NA NA NA NA 1000 NA NA NA 1
80 80 2021 10.5166069030762 NA 473.490007054326 NA NA NA NA 1000 NA NA NA 1
81 81 2021 11.6623016357422 NA 474.305240995165 NA NA NA NA 1000 NA NA NA 1
82 82 2021 12.5297866821289 NA 441.032064154622 NA NA NA NA 1000 NA NA NA 1
83 83 2021 11.7972198486328 NA 441.704748766419 NA NA NA NA 1000 NA NA NA 1
84 84 2021 10.5110221862793 NA 360.947445717808 NA NA NA NA 1000 NA NA NA 1
85 85 2021 9.10216293334963 NA 479.713418183562 NA NA NA NA 1000 NA NA NA 1
86 86 2021 8.22479400634768 NA 529.56750734615 NA NA NA NA 1000 NA NA NA 1
87 87 2021 9.51441726684573 NA 545.2084448266 NA NA NA NA 1000 NA NA NA 1
88 88 2021 10.7417503356934 NA 357.102924690005 NA NA NA NA 1000 NA NA NA 1
89 89 2021 11.7241722106934 NA 372.730490854737 NA NA NA NA 1000 NA NA NA 1
90 90 2021 12.3557792663574 NA 467.471516838547 NA NA NA NA 1000 NA NA NA 1
91 91 2021 12.6818939208985 NA 495.011329590317 NA NA NA NA 1000 NA NA NA 1
92 92 2021 11.9536186218262 NA 561.98981070852 NA NA NA NA 1000 NA NA NA 1
93 93 2021 10.7845054626465 NA 619.443844091412 NA NA NA NA 1000 NA NA NA 1
94 94 2021 10.9535766601563 NA 612.271568522927 NA NA NA NA 1000 NA NA NA 1
95 95 2021 10.4250961303711 NA 414.196127603051 NA NA NA NA 1000 NA NA NA 1
96 96 2021 11.794637298584 NA 239.762504988667 NA NA NA NA 1000 NA NA NA 1
97 97 2021 8.69290695190432 NA 269.993035018918 NA NA NA NA 1000 NA NA NA 1
98 98 2021 8.83319625854494 NA 480.025263253209 NA NA NA NA 1000 NA NA NA 1
99 99 2021 12.0094696044922 NA 524.243966687676 NA NA NA NA 1000 NA NA NA 1
100 100 2021 12.3416000366211 NA 370.298157071826 NA NA NA NA 1000 NA NA NA 1
101 101 2021 13.5874076843262 NA 449.367069359299 NA NA NA NA 1000 NA NA NA 1
102 102 2021 12.4103446960449 NA 481.740365144726 NA NA NA NA 1000 NA NA NA 1
103 103 2021 12.4397789001465 NA 490.182290473458 NA NA NA NA 1000 NA NA NA 1
104 104 2021 12.8767410278321 NA 562.003184292313 NA NA NA NA 1000 NA NA NA 1
105 105 2021 14.9316078186035 NA 662.384025052544 NA NA NA NA 1000 NA NA NA 1
106 106 2021 15.9584976196289 NA 657.924729691979 NA NA NA NA 1000 NA NA NA 1
107 107 2021 14.3057991027832 NA 575.621612428185 NA NA NA NA 1000 NA NA NA 1
108 108 2021 12.8299156188965 NA 459.283536380765 NA NA NA NA 1000 NA NA NA 1
109 109 2021 13.0391555786133 NA 432.857432079789 NA NA NA NA 1000 NA NA NA 1
110 110 2021 13.0065017700196 NA 540.245751522538 NA NA NA NA 1000 NA NA NA 1
111 111 2021 13.1590286254883 NA 525.23741419172 NA NA NA NA 1000 NA NA NA 1
112 112 2021 12.5905891418457 NA 556.292072296616 NA NA NA NA 1000 NA NA NA 1
113 113 2021 14.1313529968262 NA 659.020625682351 NA NA NA NA 1000 NA NA NA 1
114 114 2021 16.439714050293 NA 618.459331294533 NA NA NA NA 1000 NA NA NA 1
115 115 2021 17.4264312744141 NA 662.695861301896 NA NA NA NA 1000 NA NA NA 1
116 116 2021 18.2294746398926 NA 643.450971812722 NA NA NA NA 1000 NA NA NA 1
117 117 2021 16.3067337036133 NA 632.238144656655 NA NA NA NA 1000 NA NA NA 1
118 118 2021 15.4261451721192 NA 661.622266042229 NA NA NA NA 1000 NA NA NA 1
119 119 2021 17.3989387512207 NA 647.473690779206 NA NA NA NA 1000 NA NA NA 1
120 120 2021 15.7494636535645 NA 559.686656198975 NA NA NA NA 1000 NA NA NA 1
121 121 2021 14.9223609924317 NA 579.742343524453 NA NA NA NA 1000 NA NA NA 1
122 122 2021 14.6065612792969 NA 688.378003932473 NA NA NA NA 1000 NA NA NA 1
123 123 2021 15.2987495422364 NA 546.233049645897 NA NA NA NA 1000 NA NA NA 1
124 124 2021 14.9859558105469 NA 658.241034554955 NA NA NA NA 1000 NA NA NA 1
125 125 2021 14.1835571289063 NA 724.586937196251 NA NA NA NA 1000 NA NA NA 1
126 126 2021 15.3750129699707 NA 695.055810216424 NA NA NA NA 1000 NA NA NA 1
127 127 2021 15.8487144470215 NA 701.510883378502 NA NA NA NA 1000 NA NA NA 1
128 128 2021 18.783952331543 NA 726.346589139458 NA NA NA NA 1000 NA NA NA 1
129 129 2021 19.3867622375489 NA 696.499185521599 NA NA NA NA 1000 NA NA NA 1
130 130 2021 17.2917343139649 NA 682.096685548302 NA NA NA NA 1000 NA NA NA 1
131 131 2021 14.6778846740723 NA 651.135563903328 NA NA NA NA 1000 NA NA NA 1
132 132 2021 15.2624488830567 NA 653.113502531525 NA NA NA NA 1000 NA NA NA 1
133 133 2021 15.1868225097656 NA 516.786580701199 NA NA NA NA 1000 NA NA NA 1
134 134 2021 14.1902175903321 NA 525.339868727558 NA NA NA NA 1000 NA NA NA 1
135 135 2021 15.2287117004395 NA 399.566437320603 NA NA NA NA 1000 NA NA NA 1
136 136 2021 15.8914695739746 NA 579.777980879678 NA NA NA NA 1000 NA NA NA 1
137 137 2021 15.9748207092285 NA 661.64006859294 NA NA NA NA 1000 NA NA NA 1
138 138 2021 17.4792839050293 NA 531.024246829424 NA NA NA NA 1000 NA NA NA 1
139 139 2021 15.6072441101074 NA 591.681294356261 NA NA NA NA 1000 NA NA NA 1
140 140 2021 14.1895767211914 NA 660.406090123091 NA NA NA NA 1000 NA NA NA 1
141 141 2021 14.5766998291016 NA 644.480023747482 NA NA NA NA 1000 NA NA NA 1
142 142 2021 15.8583808898926 NA 723.878593903661 NA NA NA NA 1000 NA NA NA 1
143 143 2021 15.3838211059571 NA 730.106459620677 NA NA NA NA 1000 NA NA NA 1
144 144 2021 16.4229598999024 NA 752.754857812293 NA NA NA NA 1000 NA NA NA 1
145 145 2021 16.9720664978028 NA 741.983070954524 NA NA NA NA 1000 NA NA NA 1
146 146 2021 20.8431030273438 NA 732.552195464336 NA NA NA NA 1000 NA NA NA 1
147 147 2021 22.4199653625489 NA 726.172841088333 NA NA NA NA 1000 NA NA NA 1
148 148 2021 23.5160385131836 NA 733.149125504859 NA NA NA NA 1000 NA NA NA 1
149 149 2021 19.5814033508301 NA 710.41163930627 NA NA NA NA 1000 NA NA NA 1
150 150 2021 17.138990020752 NA 620.446183304988 NA NA NA NA 1000 NA NA NA 1
151 151 2021 17.6487823486328 NA 618.396966940917 NA NA NA NA 1000 NA NA NA 1
152 152 2021 16.4233871459961 NA 569.496214705833 NA NA NA NA 1000 NA NA NA 1
153 153 2021 16.3215614318848 NA 563.23271971295 NA NA NA NA 1000 NA NA NA 1
154 154 2021 19.1667762756348 NA 706.709659558989 NA NA NA NA 1000 NA NA NA 1
155 155 2021 23.1445938110352 NA 733.322865508773 NA NA NA NA 1000 NA NA NA 1
156 156 2021 21.8637672424317 NA 746.718556837149 NA NA NA NA 1000 NA NA NA 1
157 157 2021 17.3991485595703 NA 723.428681577422 NA NA NA NA 1000 NA NA NA 1
158 158 2021 14.7548004150391 NA 726.163952278205 NA NA NA NA 1000 NA NA NA 1
159 159 2021 14.7098976135254 NA 762.252574697562 NA NA NA NA 1000 NA NA NA 1
160 160 2021 16.0119873046875 NA 769.95498816339 NA NA NA NA 1000 NA NA NA 1
161 161 2021 18.142465209961 NA 765.397689052321 NA NA NA NA 1000 NA NA NA 1
162 162 2021 20.2654281616211 NA 744.923257449843 NA NA NA NA 1000 NA NA NA 1
163 163 2021 19.4138389587403 NA 707.720919019439 NA NA NA NA 1000 NA NA NA 1
164 164 2021 17.0130935668946 NA 700.918367928602 NA NA NA NA 1000 NA NA NA 1
165 165 2021 15.199063873291 NA 691.166724632003 NA NA NA NA 1000 NA NA NA 1
166 166 2021 16.7119117736817 NA 689.282333930113 NA NA NA NA 1000 NA NA NA 1
167 167 2021 17.6481376647949 NA 659.867050189116 NA NA NA NA 1000 NA NA NA 1
168 168 2021 16.1232658386231 NA 689.629815260984 NA NA NA NA 1000 NA NA NA 1
169 169 2021 17.9293533325196 NA 772.467513614394 NA NA NA NA 1000 NA NA NA 1
170 170 2021 20.6347175598145 NA 775.732919377424 NA NA NA NA 1000 NA NA NA 1
171 171 2021 19.4535804748535 NA 728.471537127592 NA NA NA NA 1000 NA NA NA 1
172 172 2021 17.0425277709961 NA 700.615445721723 NA NA NA NA 1000 NA NA NA 1
173 173 2021 17.6878868103028 NA 733.376326263823 NA NA NA NA 1000 NA NA NA 1
174 174 2021 17.564786529541 NA 661.167861926772 NA NA NA NA 1000 NA NA NA 1
175 175 2021 18.1100173950196 NA 624.508996199705 NA NA NA NA 1000 NA NA NA 1
176 176 2021 17.55361328125 NA 666.03251859323 NA NA NA NA 1000 NA NA NA 1
177 177 2021 17.753621673584 NA 718.238786915876 NA NA NA NA 1000 NA NA NA 1
178 178 2021 18.0238777160645 NA 635.374346057035 NA NA NA NA 1000 NA NA NA 1
179 179 2021 18.1422554016114 NA 638.430382453658 NA NA NA NA 1000 NA NA NA 1
180 180 2021 16.0547348022461 NA 738.722115424253 NA NA NA NA 1000 NA NA NA 1
181 181 2021 16.8451057434082 NA 752.772688637831 NA NA NA NA 1000 NA NA NA 1
182 182 2021 19.0511985778809 NA 758.118485169508 NA NA NA NA 1000 NA NA NA 1
183 183 2021 17.6661849975586 NA 741.341573095717 NA NA NA NA 1000 NA NA NA 1
184 184 2021 16.4066329956055 NA 705.288565201856 NA NA NA NA 1000 NA NA NA 1
185 185 2021 16.1709648132324 NA 707.921386691787 NA NA NA NA 1000 NA NA NA 1
186 186 2021 17.7044235229492 NA 757.668543255903 NA NA NA NA 1000 NA NA NA 1
187 187 2021 20.3206344604492 NA 765.103677926816 NA NA NA NA 1000 NA NA NA 1
188 188 2021 18.0060516357422 NA 763.170277253904 NA NA NA NA 1000 NA NA NA 1
189 189 2021 16.3376670837403 NA 764.123619064071 NA NA NA NA 1000 NA NA NA 1
190 190 2021 17.9873596191406 NA 747.44913941107 NA NA NA NA 1000 NA NA NA 1
191 191 2021 18.163949584961 NA 742.593382359602 NA NA NA NA 1000 NA NA NA 1
192 192 2021 19.3431564331055 NA 732.222540218093 NA NA NA NA 1000 NA NA NA 1
193 193 2021 19.4808670043946 NA 736.476893622495 NA NA NA NA 1000 NA NA NA 1
194 194 2021 20.3225685119629 NA 756.430091132261 NA NA NA NA 1000 NA NA NA 1
195 195 2021 19.0460411071778 NA 726.627243929305 NA NA NA NA 1000 NA NA NA 1
196 196 2021 16.6448722839356 NA 694.899884895064 NA NA NA NA 1000 NA NA NA 1
197 197 2021 17.2603660583496 NA 675.387696796812 NA NA NA NA 1000 NA NA NA 1
198 198 2021 17.5944343566895 NA 673.766136720397 NA NA NA NA 1000 NA NA NA 1
199 199 2021 17.4388938903809 NA 638.399196598448 NA NA NA NA 1000 NA NA NA 1
200 200 2021 18.1276374816895 NA 646.42234958274 NA NA NA NA 1000 NA NA NA 1
201 201 2021 18.2174430847168 NA 626.299858190932 NA NA NA NA 1000 NA NA NA 1
202 202 2021 16.8609901428223 NA 622.704772658088 NA NA NA NA 1000 NA NA NA 1
203 203 2021 16.082234954834 NA 561.829431894042 NA NA NA NA 1000 NA NA NA 1
204 204 2021 16.477742767334 NA 580.557586491652 NA NA NA NA 1000 NA NA NA 1
205 205 2021 16.9589630126953 NA 639.223328673728 NA NA NA NA 1000 NA NA NA 1
206 206 2021 17.2073112487793 NA 697.817818021514 NA NA NA NA 1000 NA NA NA 1
207 207 2021 17.0249114990235 NA 639.775727137931 NA NA NA NA 1000 NA NA NA 1
208 208 2021 18.4219604492188 NA 641.611120721229 NA NA NA NA 1000 NA NA NA 1
209 209 2021 18.1029335021973 NA 648.21765330144 NA NA NA NA 1000 NA NA NA 1
210 210 2021 17.4749885559082 NA 656.022532720931 NA NA NA NA 1000 NA NA NA 1
211 211 2021 17.4358917236328 NA 630.727956214153 NA NA NA NA 1000 NA NA NA 1
212 212 2021 17.2532707214356 NA 627.61402402898 NA NA NA NA 1000 NA NA NA 1
213 213 2021 17.0521980285645 NA 671.975292495765 NA NA NA NA 1000 NA NA NA 1
214 214 2021 17.7349334716797 NA 690.752427445531 NA NA NA NA 1000 NA NA NA 1
215 215 2021 18.2558990478516 NA 700.89163347169 NA NA NA NA 1000 NA NA NA 1
216 216 2021 19.6011672973633 NA 702.833968009115 NA NA NA NA 1000 NA NA NA 1
217 217 2021 18.1822105407715 NA 688.132991588548 NA NA NA NA 1000 NA NA NA 1
218 218 2021 16.7185684204102 NA 645.852121990119 NA NA NA NA 1000 NA NA NA 1
219 219 2021 16.7505737304688 NA 603.927655494605 NA NA NA NA 1000 NA NA NA 1
220 220 2021 18.1059471130371 NA 645.393281825913 NA NA NA NA 1000 NA NA NA 1
221 221 2021 19.4219985961914 NA 653.732746067895 NA NA NA NA 1000 NA NA NA 1
222 222 2021 19.937589263916 NA 646.088228022449 NA NA NA NA 1000 NA NA NA 1
223 223 2021 19.6179214477539 NA 637.276560784665 NA NA NA NA 1000 NA NA NA 1
224 224 2021 18.137525177002 NA 589.008409528252 NA NA NA NA 1000 NA NA NA 1
225 225 2021 18.3405395507813 NA 603.250521251198 NA NA NA NA 1000 NA NA NA 1
226 226 2021 20.7994934082031 NA 663.145802207467 NA NA NA NA 1000 NA NA NA 1
227 227 2021 25.9799324035645 NA 598.528390161988 NA NA NA NA 1000 NA NA NA 1
228 228 2021 27.1458145141602 NA 639.472817010399 NA NA NA NA 1000 NA NA NA 1
229 229 2021 26.4426742553711 NA 526.662949315545 NA NA NA NA 1000 NA NA NA 1
230 230 2021 25.0806480407715 NA 554.291853098389 NA NA NA NA 1000 NA NA NA 1
231 231 2021 23.7282920837403 NA 601.486396662232 NA NA NA NA 1000 NA NA NA 1
232 232 2021 24.1113296508789 NA 641.914063071724 NA NA NA NA 1000 NA NA NA 1
233 233 2021 20.708627319336 NA 660.094244126793 NA NA NA NA 1000 NA NA NA 1
234 234 2021 19.2851539611817 NA 628.255523256775 NA NA NA NA 1000 NA NA NA 1
235 235 2021 20.3853050231934 NA 608.150841458794 NA NA NA NA 1000 NA NA NA 1
236 236 2021 20.7472930908203 NA 568.988373332497 NA NA NA NA 1000 NA NA NA 1
237 237 2021 21.2066017150879 NA 603.085688580033 NA NA NA NA 1000 NA NA NA 1
238 238 2021 19.4610992431641 NA 576.28984102678 NA NA NA NA 1000 NA NA NA 1
239 239 2021 18.137525177002 NA 601.161194893357 NA NA NA NA 1000 NA NA NA 1
240 240 2021 16.1273551940918 NA 608.003833848473 NA NA NA NA 1000 NA NA NA 1
241 241 2021 17.7252670288086 NA 605.215103432175 NA NA NA NA 1000 NA NA NA 1
242 242 2021 17.8255935668946 NA 595.205074245927 NA NA NA NA 1000 NA NA NA 1
243 243 2021 17.4580093383789 NA 574.913288279053 NA NA NA NA 1000 NA NA NA 1
244 244 2021 17.670915222168 NA 586.593879385468 NA NA NA NA 1000 NA NA NA 1
245 245 2021 17.1699272155762 NA 528.017221493241 NA NA NA NA 1000 NA NA NA 1
246 246 2021 16.9971977233887 NA 518.256674108502 NA NA NA NA 1000 NA NA NA 1
247 247 2021 16.8588500976563 NA 555.049165167805 NA NA NA NA 1000 NA NA NA 1
248 248 2021 17.065518951416 NA 572.039918812749 NA NA NA NA 1000 NA NA NA 1
249 249 2021 20.8218360900879 NA 591.039816282746 NA NA NA NA 1000 NA NA NA 1
250 250 2021 27.1165977478028 NA 583.355212095734 NA NA NA NA 1000 NA NA NA 1
251 251 2021 28.9213920593262 NA 582.254864628312 NA NA NA NA 1000 NA NA NA 1
252 252 2021 24.0737319946289 NA 583.457673686501 NA NA NA NA 1000 NA NA NA 1
253 253 2021 19.0277801513672 NA 510.015226532456 NA NA NA NA 1000 NA NA NA 1
254 254 2021 16.2919097900391 NA 555.989151097771 NA NA NA NA 1000 NA NA NA 1
255 255 2021 15.7359329223633 NA 572.601233335492 NA NA NA NA 1000 NA NA NA 1
256 256 2021 17.5185943603516 NA 570.266893789765 NA NA NA NA 1000 NA NA NA 1
257 257 2021 17.5583435058594 NA 547.449232791897 NA NA NA NA 1000 NA NA NA 1
258 258 2021 16.2661262512207 NA 514.278513257977 NA NA NA NA 1000 NA NA NA 1
259 259 2021 17.3254638671875 NA 544.330829473015 NA NA NA NA 1000 NA NA NA 1
260 260 2021 18.7742782592774 NA 470.180069762227 NA NA NA NA 1000 NA NA NA 1
261 261 2021 19.5085731506348 NA 442.568965839383 NA NA NA NA 1000 NA NA NA 1
262 262 2021 19.2007194519043 NA 388.10414919376 NA NA NA NA 1000 NA NA NA 1
263 263 2021 18.7760025024414 NA 447.433680782792 NA NA NA NA 1000 NA NA NA 1
264 264 2021 20.0563980102539 NA 519.566406818863 NA NA NA NA 1000 NA NA NA 1
265 265 2021 19.7741104125977 NA 521.735909157273 NA NA NA NA 1000 NA NA NA 1
266 266 2021 18.7527976989746 NA 515.111543782708 NA NA NA NA 1000 NA NA NA 1
267 267 2021 18.6052108764649 NA 512.247105999466 NA NA NA NA 1000 NA NA NA 1
268 268 2021 20.070142364502 NA 442.84072543883 NA NA NA NA 1000 NA NA NA 1
269 269 2021 18.3313041687012 NA 484.854301362034 NA NA NA NA 1000 NA NA NA 1
270 270 2021 19.261304473877 NA 496.374519338605 NA NA NA NA 1000 NA NA NA 1
271 271 2021 21.9872909545899 NA 496.583896517273 NA NA NA NA 1000 NA NA NA 1
272 272 2021 25.7893730163574 NA 497.296652990815 NA NA NA NA 1000 NA NA NA 1
273 273 2021 21.358056640625 NA 477.517170441624 NA NA NA NA 1000 NA NA NA 1
274 274 2021 20.2692924499512 NA 480.247995871064 NA NA NA NA 1000 NA NA NA 1
275 275 2021 23.7706085205078 NA 485.183960152146 NA NA NA NA 1000 NA NA NA 1
276 276 2021 23.7218452453614 NA 485.313149001833 NA NA NA NA 1000 NA NA NA 1
277 277 2021 21.6957756042481 NA 485.255242250916 NA NA NA NA 1000 NA NA NA 1
278 278 2021 20.5726295471192 NA 480.938484122988 NA NA NA NA 1000 NA NA NA 1
279 279 2021 19.4372535705567 NA 475.48577351546 NA NA NA NA 1000 NA NA NA 1
280 280 2021 18.464501953125 NA 445.045873866793 NA NA NA NA 1000 NA NA NA 1
281 281 2021 16.870450592041 NA 417.715438041684 NA NA NA NA 1000 NA NA NA 1
282 282 2021 15.7913528442383 NA 341.012054494258 NA NA NA NA 1000 NA NA NA 1
283 283 2021 15.7138076782227 NA 395.418985431668 NA NA NA NA 1000 NA NA NA 1
284 284 2021 17.2352348327637 NA 348.914937553999 NA NA NA NA 1000 NA NA NA 1
285 285 2021 17.5961547851563 NA 358.488380391833 NA NA NA NA 1000 NA NA NA 1
286 286 2021 19.139493560791 NA 434.853202825066 NA NA NA NA 1000 NA NA NA 1
287 287 2021 19.944467163086 NA 435.356610092875 NA NA NA NA 1000 NA NA NA 1
288 288 2021 21.9318672180176 NA 424.517976154086 NA NA NA NA 1000 NA NA NA 1
289 289 2021 23.9628845214844 NA 423.96558298206 NA NA NA NA 1000 NA NA NA 1
290 290 2021 24.6456085205078 NA 421.194673216459 NA NA NA NA 1000 NA NA NA 1
291 291 2021 23.3931518554688 NA 420.731378635761 NA NA NA NA 1000 NA NA NA 1
292 292 2021 21.3548370361328 NA 414.156037974712 NA NA NA NA 1000 NA NA NA 1
293 293 2021 18.6881385803223 NA 399.637715175268 NA NA NA NA 1000 NA NA NA 1
294 294 2021 18.1733985900879 NA 397.245476438877 NA NA NA NA 1000 NA NA NA 1
295 295 2021 19.2277885437012 NA 397.739952527639 NA NA NA NA 1000 NA NA NA 1
296 296 2021 18.2825332641602 NA 393.026742537138 NA NA NA NA 1000 NA NA NA 1
297 297 2021 15.93056640625 NA 382.691516622182 NA NA NA NA 1000 NA NA NA 1
298 298 2021 14.6624160766602 NA 361.005371621367 NA NA NA NA 1000 NA NA NA 1
299 299 2021 14.8476005554199 NA 333.826392300543 NA NA NA NA 1000 NA NA NA 1
300 300 2021 16.303727722168 NA 385.524791041967 NA NA NA NA 1000 NA NA NA 1
301 301 2021 16.0663352966309 NA 382.740520482 NA NA NA NA 1000 NA NA NA 1
302 302 2021 15.6768508911133 NA 379.100921186682 NA NA NA NA 1000 NA NA NA 1
303 303 2021 15.3073440551758 NA 377.408065277037 NA NA NA NA 1000 NA NA NA 1
304 304 2021 14.2407089233399 NA 365.063724391994 NA NA NA NA 1000 NA NA NA 1
305 305 2021 14.6463027954102 NA 353.164852522787 NA NA NA NA 1000 NA NA NA 1
306 306 2021 16.2450805664063 NA 358.359189274069 NA NA NA NA 1000 NA NA NA 1
307 307 2021 17.1048332214356 NA 348.932756503638 NA NA NA NA 1000 NA NA NA 1
308 308 2021 15.2495552062989 NA 335.888991777476 NA NA NA NA 1000 NA NA NA 1
309 309 2021 13.9115768432617 NA 322.698214747336 NA NA NA NA 1000 NA NA NA 1
310 310 2021 16.8869987487793 NA 330.253623941955 NA NA NA NA 1000 NA NA NA 1
311 311 2021 15.7086387634278 NA 326.039342604053 NA NA NA NA 1000 NA NA NA 1
312 312 2021 10.7686096191406 NA 312.634741769355 NA NA NA NA 1000 NA NA NA 1
313 313 2021 11.2981658935547 NA 323.642644405093 NA NA NA NA 1000 NA NA NA 1
314 314 2021 8.3829055786133 NA 328.155381683078 NA NA NA NA 1000 NA NA NA 1
315 315 2021 8.70729980468752 NA 324.137122588676 NA NA NA NA 1000 NA NA NA 1
316 316 2021 11.9291206359864 NA 236.595124546487 NA NA NA NA 1000 NA NA NA 1
317 317 2021 10.6553932189942 NA 240.078799857934 NA NA NA NA 1000 NA NA NA 1
318 318 2021 10.9172683715821 NA 254.730765630205 NA NA NA NA 1000 NA NA NA 1
319 319 2021 11.2831283569336 NA 208.943940776382 NA NA NA NA 1000 NA NA NA 1
320 320 2021 10.3935180664063 NA 280.546542196744 NA NA NA NA 1000 NA NA NA 1
321 321 2021 13.4191947937012 NA 274.612706318828 NA NA NA NA 1000 NA NA NA 1
322 322 2021 14.7421203613281 NA 217.448224583121 NA NA NA NA 1000 NA NA NA 1
323 323 2021 14.6130043029785 NA 163.130391333353 NA NA NA NA 1000 NA NA NA 1
324 324 2021 11.8867965698242 NA 222.740576927827 NA NA NA NA 1000 NA NA NA 1
325 325 2021 11.0519691467285 NA 267.921532245801 NA NA NA NA 1000 NA NA NA 1
326 326 2021 10.6399284362793 NA 285.344397618846 NA NA NA NA 1000 NA NA NA 1
327 327 2021 9.67254028320315 NA 272.22044657977 NA NA NA NA 1000 NA NA NA 1
328 328 2021 11.2300621032715 NA 274.750805596904 NA NA NA NA 1000 NA NA NA 1
329 329 2021 10.6828895568848 NA 279.303641197518 NA NA NA NA 1000 NA NA NA 1
330 330 2021 11.4582077026367 NA 278.515135523633 NA NA NA NA 1000 NA NA NA 1
331 331 2021 10.788591003418 NA 285.789884023265 NA NA NA NA 1000 NA NA NA 1
332 332 2021 10.4070411682129 NA 284.003492220715 NA NA NA NA 1000 NA NA NA 1
333 333 2021 9.71529159545901 NA 282.074562681512 NA NA NA NA 1000 NA NA NA 1
334 334 2021 9.41839752197268 NA 277.9627451237 NA NA NA NA 1000 NA NA NA 1
335 335 2021 9.79778442382815 NA 274.634980502681 NA NA NA NA 1000 NA NA NA 1
336 336 2021 9.84720001220705 NA 269.828207843379 NA NA NA NA 1000 NA NA NA 1
337 337 2021 10.0863052368164 NA 266.84345694764 NA NA NA NA 1000 NA NA NA 1
338 338 2021 10.5997482299805 NA 254.842132181958 NA NA NA NA 1000 NA NA NA 1
339 339 2021 10.5737586975098 NA 252.726083857373 NA NA NA NA 1000 NA NA NA 1
340 340 2021 10.3065010070801 NA 255.90683633192 NA NA NA NA 1000 NA NA NA 1
341 341 2021 9.9324890136719 NA 228.527406286315 NA NA NA NA 1000 NA NA NA 1
342 342 2021 12.0421272277832 NA 256.748803831891 NA NA NA NA 1000 NA NA NA 1
343 343 2021 13.5468002319336 NA 264.53140175207 NA NA NA NA 1000 NA NA NA 1
344 344 2021 11.5248085021973 NA 264.509124962167 NA NA NA NA 1000 NA NA NA 1
345 345 2021 11.1293083190918 NA 250.966423093871 NA NA NA NA 1000 NA NA NA 1
346 346 2021 9.67833480834963 NA 182.014447012261 NA NA NA NA 1000 NA NA NA 1
347 347 2021 11.3321090698242 NA 138.610965926246 NA NA NA NA 1000 NA NA NA 1
348 348 2021 10.8268295288086 NA 76.8936495979584 NA NA NA NA 1000 NA NA NA 1
349 349 2021 9.59068832397463 NA 181.600148290113 NA NA NA NA 1000 NA NA NA 1
350 350 2021 8.41576919555666 NA 231.356232001141 NA NA NA NA 1000 NA NA NA 1
351 351 2021 8.99410018920901 NA 196.465943978146 NA NA NA NA 1000 NA NA NA 1
352 352 2021 11.5692878723145 NA 201.972120695905 NA NA NA NA 1000 NA NA NA 1
353 353 2021 9.21902999877932 NA 237.02723496385 NA NA NA NA 1000 NA NA NA 1
354 354 2021 7.8988967895508 NA 252.449888657407 NA NA NA NA 1000 NA NA NA 1
355 355 2021 7.89373931884768 NA 244.239621077374 NA NA NA NA 1000 NA NA NA 1
356 356 2021 8.14981613159182 NA 233.5613683327 NA NA NA NA 1000 NA NA NA 1
357 357 2021 8.87014160156252 NA 212.739465479687 NA NA NA NA 1000 NA NA NA 1
358 358 2021 8.37366638183596 NA 257.020554359034 NA NA NA NA 1000 NA NA NA 1
359 359 2021 7.8494812011719 NA 199.005199145154 NA NA NA NA 1000 NA NA NA 1
360 360 2021 10.0991874694824 NA 173.924461925701 NA NA NA NA 1000 NA NA NA 1
361 361 2021 12.1100135803223 NA 172.472184926466 NA NA NA NA 1000 NA NA NA 1
362 362 2021 9.30367813110354 NA 183.226164064721 NA NA NA NA 1000 NA NA NA 1
363 363 2021 10.1621414184571 NA 193.427747132853 NA NA NA NA 1000 NA NA NA 1
364 364 2021 8.57238540649416 NA 206.698706286267 NA NA NA NA 1000 NA NA NA 1
365 365 2021 8.0445495605469 NA 209.229048418835 NA NA NA NA 1000 NA NA NA 1
366 366 2021 10.0991912841797 NA 216.044948774651 NA NA NA NA 1000 NA NA NA 1
1 1 2021 9.19174728393557 NA 246.262753581047 NA NA NA NA 1000 NA NA NA 1
2 2 2021 10.0134178161621 NA 115.452870451689 NA NA NA NA 1000 NA NA NA 1
3 3 2021 10.6838050842285 NA 116.464439000487 NA NA NA NA 1000 NA NA NA 1
4 4 2021 11.4688507080078 NA 111.863154399633 NA NA NA NA 1000 NA NA NA 1
5 5 2021 8.84855422973635 NA 139.703610445976 NA NA NA NA 1000 NA NA NA 1
6 6 2021 7.86239013671877 NA 158.16694263792 NA NA NA NA 1000 NA NA NA 1
7 7 2021 9.59537658691409 NA 154.98900963378 NA NA NA NA 1000 NA NA NA 1
8 8 2021 9.77968368530276 NA 174.249059698582 NA NA NA NA 1000 NA NA NA 1
9 9 2021 8.9570137023926 NA 234.240331172943 NA NA NA NA 1000 NA NA NA 1
10 10 2021 8.73529205322268 NA 213.37789125061 NA NA NA NA 1000 NA NA NA 1
11 11 2021 9.27139434814455 NA 179.517262328148 NA NA NA NA 1000 NA NA NA 1
12 12 2021 10.1867195129395 NA 244.436569898129 NA NA NA NA 1000 NA NA NA 1
13 13 2021 11.5709167480469 NA 192.698964376926 NA NA NA NA 1000 NA NA NA 1
14 14 2021 13.3357215881348 NA 190.51021262598 NA NA NA NA 1000 NA NA NA 1
15 15 2021 11.4272323608399 NA 255.621984584331 NA NA NA NA 1000 NA NA NA 1
16 16 2021 12.9128814697266 NA 260.209842049599 NA NA NA NA 1000 NA NA NA 1
17 17 2021 13.5888687133789 NA 279.447506456852 NA NA NA NA 1000 NA NA NA 1
18 18 2021 14.9078269958496 NA 289.800400179386 NA NA NA NA 1000 NA NA NA 1
19 19 2021 16.1789527893067 NA 306.09736199379 NA NA NA NA 1000 NA NA NA 1
20 20 2021 12.2749229431153 NA 303.102953378677 NA NA NA NA 1000 NA NA NA 1
21 21 2021 10.9377494812012 NA 302.180905913353 NA NA NA NA 1000 NA NA NA 1
22 22 2021 9.99480972290041 NA 227.790475593567 NA NA NA NA 1000 NA NA NA 1
23 23 2021 8.24321517944338 NA 247.225089635372 NA NA NA NA 1000 NA NA NA 1
24 24 2021 8.17036209106448 NA 242.413431540489 NA NA NA NA 1000 NA NA NA 1
25 25 2021 7.63965759277346 NA 209.506186828613 NA NA NA NA 1000 NA NA NA 1
26 26 2021 6.25466308593752 NA 298.747841330528 NA NA NA NA 1000 NA NA NA 1
27 27 2021 9.04886779785159 NA 166.680212689519 NA NA NA NA 1000 NA NA NA 1
28 28 2021 9.8475280761719 NA 112.346555977583 NA NA NA NA 1000 NA NA NA 1
29 29 2021 8.09052047729494 NA 225.467453746796 NA NA NA NA 1000 NA NA NA 1
30 30 2021 8.76070175170901 NA 239.401105125427 NA NA NA NA 1000 NA NA NA 1
31 31 2021 11.063623046875 NA 300.923153975487 NA NA NA NA 1000 NA NA NA 1
32 32 2021 11.8462730407715 NA 295.936936187744 NA NA NA NA 1000 NA NA NA 1
33 33 2021 12.8864646911621 NA 193.4643507967 NA NA NA NA 1000 NA NA NA 1
34 34 2021 9.50052032470705 NA 290.046579662323 NA NA NA NA 1000 NA NA NA 1
35 35 2021 9.2778030395508 NA 326.042243225098 NA NA NA NA 1000 NA NA NA 1
36 36 2021 9.56256637573244 NA 342.012455434799 NA NA NA NA 1000 NA NA NA 1
37 37 2021 10.5151039123535 NA 350.915126278877 NA NA NA NA 1000 NA NA NA 1
38 38 2021 11.6561637878418 NA 363.067364281654 NA NA NA NA 1000 NA NA NA 1
39 39 2021 10.2723709106446 NA 310.694179367065 NA NA NA NA 1000 NA NA NA 1
40 40 2021 11.5088821411133 NA 225.534587282658 NA NA NA NA 1000 NA NA NA 1
41 41 2021 10.952165222168 NA 286.873121068001 NA NA NA NA 1000 NA NA NA 1
42 42 2021 10.5461212158203 NA 270.95214425087 NA NA NA NA 1000 NA NA NA 1
43 43 2021 11.2095046997071 NA 244.096386857629 NA NA NA NA 1000 NA NA NA 1
44 44 2021 11.8608833312989 NA 274.447864179611 NA NA NA NA 1000 NA NA NA 1
45 45 2021 10.2175384521485 NA 278.2479538517 NA NA NA NA 1000 NA NA NA 1
46 46 2021 11.8256546020508 NA 120.989630157471 NA NA NA NA 1000 NA NA NA 1
47 47 2021 10.152906036377 NA 269.363172582626 NA NA NA NA 1000 NA NA NA 1
48 48 2021 9.56155929565432 NA 389.909689247131 NA NA NA NA 1000 NA NA NA 1
49 49 2021 10.4258514404297 NA 392.680310625498 NA NA NA NA 1000 NA NA NA 1
50 50 2021 11.9391265869141 NA 186.553468244974 NA NA NA NA 1000 NA NA NA 1
51 51 2021 10.764249420166 NA 271.941328494696 NA NA NA NA 1000 NA NA NA 1
52 52 2021 10.4370628356934 NA 379.682124652423 NA NA NA NA 1000 NA NA NA 1
53 53 2021 11.8776908874512 NA 418.891518195007 NA NA NA NA 1000 NA NA NA 1
54 54 2021 13.9922958374024 NA 409.053351853006 NA NA NA NA 1000 NA NA NA 1
55 55 2021 13.7957931518555 NA 448.329907514721 NA NA NA NA 1000 NA NA NA 1
56 56 2021 13.1492172241211 NA 450.285890742525 NA NA NA NA 1000 NA NA NA 1
57 57 2021 10.7082191467285 NA 446.150114017978 NA NA NA NA 1000 NA NA NA 1
58 58 2021 10.398641204834 NA 454.699182624236 NA NA NA NA 1000 NA NA NA 1
59 59 2021 11.3503852844239 NA 459.143816559136 NA NA NA NA 1000 NA NA NA 1
60 60 2021 11.660962677002 NA 460.061378998786 NA NA NA NA 1000 NA NA NA 1
61 61 2021 11.8292594909668 NA 461.896523755252 NA NA NA NA 1000 NA NA NA 1
62 62 2021 11.4642539978028 NA 418.032142389208 NA NA NA NA 1000 NA NA NA 1
63 63 2021 9.71825180053713 NA 415.480836336195 NA NA NA NA 1000 NA NA NA 1
64 64 2021 10.8090797424317 NA 448.191139603794 NA NA NA NA 1000 NA NA NA 1
65 65 2021 11.3521858215332 NA 469.917453552604 NA NA NA NA 1000 NA NA NA 1
66 66 2021 9.40907058715823 NA 481.850358090341 NA NA NA NA 1000 NA NA NA 1
67 67 2021 10.1503005981446 NA 421.312996805012 NA NA NA NA 1000 NA NA NA 1
68 68 2021 9.85492858886721 NA 409.039929261446 NA NA NA NA 1000 NA NA NA 1
69 69 2021 8.63842926025393 NA 363.17479069066 NA NA NA NA 1000 NA NA NA 1
70 70 2021 7.58083114624026 NA 410.7228879807 NA NA NA NA 1000 NA NA NA 1
71 71 2021 9.26339492797854 NA 497.323725772977 NA NA NA NA 1000 NA NA NA 1
72 72 2021 10.9433494567871 NA 451.883816538334 NA NA NA NA 1000 NA NA NA 1
73 73 2021 9.47271499633791 NA 348.61001580584 NA NA NA NA 1000 NA NA NA 1
74 74 2021 8.59720764160159 NA 348.67715854001 NA NA NA NA 1000 NA NA NA 1
75 75 2021 7.86699447631838 NA 490.972351437092 NA NA NA NA 1000 NA NA NA 1
76 76 2021 7.92263183593752 NA 471.65411741209 NA NA NA NA 1000 NA NA NA 1
77 77 2021 10.715421295166 NA 270.222560039878 NA NA NA NA 1000 NA NA NA 1
78 78 2021 11.9041038513184 NA 268.168089914143 NA NA NA NA 1000 NA NA NA 1
79 79 2021 9.78108749389651 NA 423.859835346937 NA NA NA NA 1000 NA NA NA 1
80 80 2021 9.80190429687502 NA 527.017252408504 NA NA NA NA 1000 NA NA NA 1
81 81 2021 10.7220207214356 NA 539.903530005455 NA NA NA NA 1000 NA NA NA 1
82 82 2021 11.5839210510254 NA 564.543685786724 NA NA NA NA 1000 NA NA NA 1
83 83 2021 13.8560234069824 NA 576.230407250404 NA NA NA NA 1000 NA NA NA 1
84 84 2021 11.1804901123047 NA 474.572428551197 NA NA NA NA 1000 NA NA NA 1
85 85 2021 11.3599906921387 NA 513.365577807426 NA NA NA NA 1000 NA NA NA 1
86 86 2021 13.4692016601563 NA 578.19536240387 NA NA NA NA 1000 NA NA NA 1
87 87 2021 14.7637420654297 NA 577.609005298615 NA NA NA NA 1000 NA NA NA 1
88 88 2021 12.5971008300781 NA 586.38636041069 NA NA NA NA 1000 NA NA NA 1
89 89 2021 13.7849784851074 NA 605.785163549423 NA NA NA NA 1000 NA NA NA 1
90 90 2021 16.9429870605469 NA 609.442021705627 NA NA NA NA 1000 NA NA NA 1
91 91 2021 18.5817276000977 NA 609.934366055012 NA NA NA NA 1000 NA NA NA 1
92 92 2021 15.4781509399414 NA 597.804528578281 NA NA NA NA 1000 NA NA NA 1
93 93 2021 11.6851783752442 NA 519.989990559578 NA NA NA NA 1000 NA NA NA 1
94 94 2021 11.3095603942871 NA 542.530907987118 NA NA NA NA 1000 NA NA NA 1
95 95 2021 10.8487030029297 NA 446.17697003746 NA NA NA NA 1000 NA NA NA 1
96 96 2021 10.8448959350586 NA 532.952376216888 NA NA NA NA 1000 NA NA NA 1
97 97 2021 11.2069030761719 NA 582.671315018177 NA NA NA NA 1000 NA NA NA 1
98 98 2021 10.7734504699707 NA 619.553203046799 NA NA NA NA 1000 NA NA NA 1
99 99 2021 11.8214508056641 NA 629.028812050819 NA NA NA NA 1000 NA NA NA 1
100 100 2021 10.8108764648438 NA 632.506608131409 NA NA NA NA 1000 NA NA NA 1
101 101 2021 12.1324325561524 NA 617.892629733086 NA NA NA NA 1000 NA NA NA 1
102 102 2021 12.289926147461 NA 600.279740840912 NA NA NA NA 1000 NA NA NA 1
103 103 2021 12.3563629150391 NA 631.239946183205 NA NA NA NA 1000 NA NA NA 1
104 104 2021 11.5250907897949 NA 652.729011135101 NA NA NA NA 1000 NA NA NA 1
105 105 2021 12.4312034606934 NA 639.860626641273 NA NA NA NA 1000 NA NA NA 1
106 106 2021 11.5681129455567 NA 634.288074933052 NA NA NA NA 1000 NA NA NA 1
107 107 2021 12.1926704406739 NA 635.715896277428 NA NA NA NA 1000 NA NA NA 1
108 108 2021 15.4243179321289 NA 673.877915097237 NA NA NA NA 1000 NA NA NA 1
109 109 2021 14.0635353088379 NA 664.778290586472 NA NA NA NA 1000 NA NA NA 1
110 110 2021 12.4201980590821 NA 654.814811390877 NA NA NA NA 1000 NA NA NA 1
111 111 2021 11.6093307495117 NA 622.189538920403 NA NA NA NA 1000 NA NA NA 1
112 112 2021 11.4142242431641 NA 598.184981181145 NA NA NA NA 1000 NA NA NA 1
113 113 2021 11.2713409423828 NA 621.124278083801 NA NA NA NA 1000 NA NA NA 1
114 114 2021 11.6145301818848 NA 611.205549538612 NA NA NA NA 1000 NA NA NA 1
115 115 2021 12.2388931274414 NA 463.400437850475 NA NA NA NA 1000 NA NA NA 1
116 116 2021 10.7198234558106 NA 475.310976072311 NA NA NA NA 1000 NA NA NA 1
117 117 2021 11.7922416687012 NA 649.054264411926 NA NA NA NA 1000 NA NA NA 1
118 118 2021 15.5656028747559 NA 695.734009170532 NA NA NA NA 1000 NA NA NA 1
119 119 2021 16.3352447509766 NA 690.013726083756 NA NA NA NA 1000 NA NA NA 1
120 120 2021 14.3461051940918 NA 682.88802217865 NA NA NA NA 1000 NA NA NA 1
121 121 2021 13.4509902954102 NA 628.979568593979 NA NA NA NA 1000 NA NA NA 1
122 122 2021 13.8486228942871 NA 663.166946617126 NA NA NA NA 1000 NA NA NA 1
123 123 2021 16.4717155456543 NA 706.176430402756 NA NA NA NA 1000 NA NA NA 1
124 124 2021 18.5317016601563 NA 702.018258916855 NA NA NA NA 1000 NA NA NA 1
125 125 2021 17.4290748596192 NA 692.256197969437 NA NA NA NA 1000 NA NA NA 1
126 126 2021 14.0197082519531 NA 665.63768572998 NA NA NA NA 1000 NA NA NA 1
127 127 2021 13.5688568115235 NA 711.283506397247 NA NA NA NA 1000 NA NA NA 1
128 128 2021 16.2874160766602 NA 728.829249153137 NA NA NA NA 1000 NA NA NA 1
129 129 2021 18.7534271240235 NA 712.756086456299 NA NA NA NA 1000 NA NA NA 1
130 130 2021 17.2845855712891 NA 715.925068372726 NA NA NA NA 1000 NA NA NA 1
131 131 2021 17.8733268737793 NA 720.884435165405 NA NA NA NA 1000 NA NA NA 1
132 132 2021 15.7873321533203 NA 669.965924894755 NA NA NA NA 1000 NA NA NA 1
133 133 2021 14.3326965332031 NA 651.681642754867 NA NA NA NA 1000 NA NA NA 1
134 134 2021 13.0763717651367 NA 673.949532008905 NA NA NA NA 1000 NA NA NA 1
135 135 2021 11.9565292358399 NA 565.107636536269 NA NA NA NA 1000 NA NA NA 1
136 136 2021 12.8950744628906 NA 571.297894480828 NA NA NA NA 1000 NA NA NA 1
137 137 2021 12.9124771118164 NA 603.950005129374 NA NA NA NA 1000 NA NA NA 1
138 138 2021 13.5190216064453 NA 683.335614515208 NA NA NA NA 1000 NA NA NA 1
139 139 2021 13.408162689209 NA 727.446182790562 NA NA NA NA 1000 NA NA NA 1
140 140 2021 12.2174850463867 NA 747.006116950892 NA NA NA NA 1000 NA NA NA 1
141 141 2021 13.0463577270508 NA 754.06022108484 NA NA NA NA 1000 NA NA NA 1
142 142 2021 13.0903869628906 NA 726.219779261224 NA NA NA NA 1000 NA NA NA 1
143 143 2021 13.6086784362793 NA 683.801097151294 NA NA NA NA 1000 NA NA NA 1
144 144 2021 14.0441337585449 NA 713.754219600484 NA NA NA NA 1000 NA NA NA 1
145 145 2021 15.3690887451172 NA 689.507961292759 NA NA NA NA 1000 NA NA NA 1
146 146 2021 14.2864700317383 NA 741.438023642078 NA NA NA NA 1000 NA NA NA 1
147 147 2021 13.9540725708008 NA 742.333235957369 NA NA NA NA 1000 NA NA NA 1
148 148 2021 15.0132843017578 NA 681.066287184939 NA NA NA NA 1000 NA NA NA 1
149 149 2021 13.5556503295899 NA 688.823160776779 NA NA NA NA 1000 NA NA NA 1
150 150 2021 14.2312370300293 NA 724.29957923919 NA NA NA NA 1000 NA NA NA 1
151 151 2021 18.0378166198731 NA 741.227659393609 NA NA NA NA 1000 NA NA NA 1
152 152 2021 18.3844161987305 NA 719.326796966314 NA NA NA NA 1000 NA NA NA 1
153 153 2021 15.7102867126465 NA 690.743323666945 NA NA NA NA 1000 NA NA NA 1
154 154 2021 15.6596504211426 NA 700.474056957155 NA NA NA NA 1000 NA NA NA 1
155 155 2021 16.9638076782227 NA 718.547978276282 NA NA NA NA 1000 NA NA NA 1
156 156 2021 15.6522537231446 NA 742.668925923675 NA NA NA NA 1000 NA NA NA 1
157 157 2021 16.5483604431153 NA 747.910269997925 NA NA NA NA 1000 NA NA NA 1
158 158 2021 15.1101432800293 NA 751.661124718457 NA NA NA NA 1000 NA NA NA 1
159 159 2021 13.7171455383301 NA 756.593627411634 NA NA NA NA 1000 NA NA NA 1
160 160 2021 13.753564453125 NA 764.896526646793 NA NA NA NA 1000 NA NA NA 1
161 161 2021 13.9448715209961 NA 769.627618715048 NA NA NA NA 1000 NA NA NA 1
162 162 2021 14.9268394470215 NA 753.07105084914 NA NA NA NA 1000 NA NA NA 1
163 163 2021 18.4220367431641 NA 665.924138744414 NA NA NA NA 1000 NA NA NA 1
164 164 2021 18.818864440918 NA 629.659926642209 NA NA NA NA 1000 NA NA NA 1
165 165 2021 18.8112617492676 NA 585.562765774906 NA NA NA NA 1000 NA NA NA 1
166 166 2021 17.2363601684571 NA 727.755020785272 NA NA NA NA 1000 NA NA NA 1
167 167 2021 19.660546875 NA 745.314213042498 NA NA NA NA 1000 NA NA NA 1
