Year DOY_disc DOY TA_C PAR_umol_m2_day
2018 93 1 13.2727828979492 596.466807306766
2018 94 2 13.6248985290528 564.87715494442
2018 95 3 13.108415222168 405.856702064037
2018 96 4 13.8382698059082 162.539308632791
2018 97 5 15.6188789367676 299.890521364391
2018 98 6 13.5607963562012 592.765557864189
2018 99 7 13.6118637084961 610.782496925354
2018 100 8 16.9444175720215 576.581472141266
2018 101 9 12.6372085571289 435.54235003376
2018 102 10 10.9364028930664 518.838365423203
2018 103 11 11.7442108154297 603.864881427765
2018 104 12 14.1796356201172 636.944826514244
2018 105 13 14.4633003234864 639.436060465336
2018 106 14 10.2716651916504 470.041413101196
2018 107 15 9.74111709594729 600.919889651298
2018 108 16 11.06728515625 492.813920235157
2018 109 17 11.2467475891114 616.116387570381
2018 110 18 13.7257934570313 660.513647551536
2018 111 19 14.9870239257813 660.015395620346
2018 112 20 16.6607452392578 669.023840454101
2018 113 21 17.5392623901367 662.035074910164
2018 114 22 15.58828125 651.985614467621
2018 115 23 13.7814117431641 625.258309177398
2018 116 24 13.1582351684571 611.872392090797
2018 117 25 13.1487289428711 600.283732654571
2018 118 26 13.5889183044434 601.934188333511
2018 119 27 13.1888366699219 500.923762956619
2018 120 28 12.7591949462891 501.43090675354
2018 121 29 12.7166000366211 640.606048448562
2018 122 30 13.7361274719239 675.910327869415
2018 123 31 13.5587287902832 641.357872278213
2018 124 32 14.1345535278321 663.213943166733
2018 125 33 15.1166664123535 527.824575048446
2018 126 34 13.3635498046875 596.119840577126
2018 127 35 15.0025268554688 680.394531744003
2018 128 36 15.5446563720703 680.092018798828
2018 129 37 15.2870346069336 649.618960887909
2018 130 38 14.4331146240235 698.469270452499
2018 131 39 15.3802810668946 681.181945213318
2018 132 40 20.7558227539063 725.908377777617
2018 133 41 14.7943283081055 634.008734837096
2018 134 42 13.3097930908203 617.068388427898
2018 135 43 13.6937461853028 540.058291419275
2018 136 44 13.8767333984375 517.477090612221
2018 137 45 13.6536346435547 530.911920020513
2018 138 46 14.0115333557129 650.112773284886
2018 139 47 13.6002899169922 681.404381150301
2018 140 48 13.0379081726074 649.320907838441
2018 141 49 13.3619018554688 644.569763191007
2018 142 50 13.7020164489746 614.835180222772
2018 143 51 13.5459114074707 571.461096180946
2018 144 52 13.2946983337403 598.473159917861
2018 145 53 13.3356414794922 435.84042211774
2018 146 54 13.5839553833008 389.018665060073
2018 147 55 15.5504432678223 637.736701588198
2018 148 56 18.7386756896973 720.832503345549
2018 149 57 20.4491973876953 736.874244291529
2018 150 58 15.4214225769043 704.764083290011
2018 151 59 13.0538269042969 705.75612458697
2018 152 60 14.0109153747559 729.160329176336
2018 153 61 19.2553688049317 741.189397739977
2018 154 62 20.9098640441895 746.251924533307
2018 155 63 18.5346084594727 749.232517226815
2018 156 64 14.9700752258301 750.251239161134
2018 157 65 13.9083572387696 722.910015264302
2018 158 66 14.2304931640625 727.84354060772
2018 159 67 15.4474769592285 751.038648094296
2018 160 68 15.8159233093262 665.504996199578
2018 161 69 15.1290679931641 741.914533781528
2018 162 70 16.4661842346192 743.952008206189
2018 163 71 19.3223625183106 753.627756956577
2018 164 72 18.5536285400391 759.602250216186
2018 165 73 17.49501953125 746.220782275557
2018 166 74 16.6547485351563 742.372737035751
2018 167 75 15.3453422546387 695.724481613517
2018 168 76 15.0054222106934 693.371160099208
2018 169 77 16.8406196594239 699.501350724101
2018 170 78 16.2298561096192 706.338902951896
2018 171 79 15.5461059570313 739.934885402083
2018 172 80 15.8184104919434 750.914087820589
2018 173 81 18.2273574829102 761.777631974458
2018 174 82 21.874600982666 762.809703299761
2018 175 83 20.5453430175781 697.704111092329
2018 176 84 17.6498771667481 655.161939216912
2018 177 85 17.2400756835938 744.516982647478
2018 178 86 16.58486328125 668.361001748979
2018 179 87 15.9242645263672 733.773534815848
2018 180 88 17.5735832214356 748.418410456717
2018 181 89 21.0020729064942 753.516523015082
2018 182 90 19.8361488342285 707.927053954661
2018 183 91 17.5109382629395 665.691846564472
2018 184 92 17.2801948547364 734.409705925047
2018 185 93 17.2225128173828 695.942479370832
2018 186 94 17.3713775634766 715.903440882563
2018 187 95 20.8697410583496 597.770261793911
2018 188 96 21.6515022277832 707.927042488277
2018 189 97 20.0052886962891 741.785525180876
2018 190 98 19.9385009765625 748.752050287127
2018 191 99 21.7484756469727 743.427064423263
2018 192 100 19.2394462585449 704.568333499133
2018 193 101 18.9518409729004 679.500360822082
2018 194 102 19.8775039672852 631.846718996048
2018 195 103 18.9326148986817 691.476051415443
2018 196 104 17.5136199951172 690.515138169259
2018 197 105 17.9492660522461 668.312060733765
2018 198 106 18.154370880127 712.437957524746
2018 199 107 18.8968482971192 720.930379831791
2018 200 108 19.4067169189453 699.532509330899
2018 201 109 19.8983894348145 696.28946748969
2018 202 110 20.9557548522949 620.013369383752
2018 203 111 19.452409362793 616.07634922576
2018 204 112 18.9528785705567 681.929312966764
2018 205 113 18.3152366638184 698.72729291448
2018 206 114 19.9072814941406 708.57656657958
2018 207 115 19.3455139160156 695.742283017069
2018 208 116 17.9449287414551 707.144085756689
2018 209 117 17.7464347839356 714.386440997183
2018 210 118 17.5415359497071 701.32084125191
2018 211 119 17.5032897949219 638.546337492347
2018 212 120 17.7983261108399 679.344654211238
2018 213 121 17.7015663146973 688.860255946353
2018 214 122 16.6413055419922 705.360203328162
2018 215 123 17.7613235473633 715.729938097343
2018 216 124 20.165731048584 703.28714662721
2018 217 125 18.955770111084 706.080876379028
2018 218 126 19.0672164916992 700.426661167119
2018 219 127 18.5883613586426 695.755616720527
2018 220 128 16.9262252807617 681.017326253183
2018 221 129 18.7498413085938 676.613188983563
2018 222 130 20.7169509887696 692.143331623595
2018 223 131 20.6964813232422 667.578038811683
2018 224 132 19.5090614318848 650.459752768516
2018 225 133 18.3784996032715 631.517512309074
2018 226 134 16.6076103210449 609.358921419143
2018 227 135 16.9605461120606 624.822335587501
2018 228 136 17.6691070556641 634.662704628944
2018 229 137 19.0078788757324 649.352042622566
2018 230 138 20.0172782897949 662.782441214561
2018 231 139 19.0306182861328 672.716204583168
2018 232 140 17.7892395019531 660.615963985443
2018 233 141 16.1210990905762 574.512880029678
2018 234 142 17.1596580505371 595.888495822906
2018 235 143 17.0356002807617 589.820571127891
2018 236 144 16.5612884521485 574.953276871681
2018 237 145 17.1782623291016 595.928546011925
2018 238 146 16.6685958862305 580.647522446632
2018 239 147 16.7049880981446 549.066752373695
2018 240 148 16.9508262634278 488.445382185459
2018 241 149 17.2067924499512 555.365999646187
2018 242 150 18.1855941772461 564.312183275223
2018 243 151 17.3116241455078 602.085438757896
2018 244 152 17.4776473999024 611.44977494812
2018 245 153 18.2496887207031 607.188009849548
2018 246 154 17.8777252197266 573.529733622551
2018 247 155 17.7170730590821 572.826853863716
2018 248 156 17.4921203613281 562.457108840942
2018 249 157 16.4936805725098 564.045264001846
2018 250 158 17.4081779479981 590.897143111229
2018 251 159 18.4804321289063 594.140191315651
2018 252 160 17.9194923400879 581.719626824379
2018 253 161 17.5262390136719 593.303862000465
2018 254 162 18.2625137329102 585.910240868568
2018 255 163 16.7188430786133 571.487811059952
2018 256 164 15.7904945373535 540.414170167446
2018 257 165 15.6978660583496 521.436361741066
2018 258 166 16.4856163024903 526.134110005855
2018 259 167 15.4731155395508 566.85234365654
2018 260 168 15.8101364135742 510.848636475563
2018 261 169 15.5473457336426 508.88679009819
2018 262 170 15.503305053711 537.61598439455
2018 263 171 18.8414321899414 547.091571221828
2018 264 172 20.0054908752442 540.494242320537
2018 265 173 17.3246475219727 529.412743817806
2018 266 174 17.0223670959473 527.624396681785
2018 267 175 16.9249855041504 521.076025459766
2018 268 176 17.5545707702637 513.001776410103
2018 269 177 16.8356643676758 500.857025074005
2018 270 178 17.7898574829102 491.083415083885
2018 271 179 16.2459770202637 422.338846987009
2018 272 180 16.2430931091309 463.395183978558
2018 273 181 17.6808944702149 369.800615698099
2018 274 182 18.4765068054199 383.244369981289
2018 275 183 19.4373222351074 368.528325645447
2018 276 184 19.6672378540039 387.98658715105
2018 277 185 17.7710433959961 276.406247205019
2018 278 186 15.6139198303223 431.476309052706
2018 279 187 16.5135322570801 430.938036165476
2018 280 188 19.0076766967774 468.893674186945
2018 281 189 20.0491157531739 461.406650411606
2018 282 190 17.9256988525391 443.90576994586
2018 283 191 15.1538749694824 396.265479400873
2018 284 192 14.6764694213867 397.546671147585
2018 285 193 17.0415969848633 410.229701923132
2018 286 194 17.9935165405274 438.30496254754
2018 287 195 15.8754669189453 412.129270589232
2018 288 196 17.4875694274903 439.065664130449
2018 289 197 17.0358024597168 433.79404779458
2018 290 198 15.9441162109375 419.620751385808
2018 291 199 14.7947364807129 412.80990392518
2018 292 200 16.2443290710449 402.306704935908
2018 293 201 17.1613136291504 397.991540887356
2018 294 202 15.4077812194824 394.134591055393
2018 295 203 14.371915435791 368.492727437496
2018 296 204 13.6027732849121 348.545112544656
2018 297 205 13.7880302429199 331.244413595676
2018 298 206 15.7795349121094 360.267228089452
2018 299 207 16.3028465270996 362.242414974511
2018 300 208 17.150350189209 360.707642194033
2018 301 209 16.8360763549805 307.537707149506
2018 302 210 15.1458183288574 288.760081184924
2018 303 211 15.2297569274903 352.086214593947
2018 304 212 15.5237670898438 362.36253044939
2018 305 213 17.1147857666016 326.680118919372
2018 306 214 17.9025436401367 339.732386725247
2018 307 215 17.9184585571289 342.005619422406
2018 308 216 16.5273834228516 323.343659534722
2018 309 217 15.2510543823242 337.530317462385
2018 310 218 14.4874931335449 343.971913874715
2018 311 219 14.9446464538574 338.660271857649
2018 312 220 14.4595809936524 343.148916451678
2018 313 221 13.8583274841309 344.77266107899
2018 314 222 11.7107139587403 338.704763081118
2018 315 223 11.3590141296387 335.172555685401
2018 316 224 12.333268737793 329.825309758693
2018 317 225 12.1467681884766 245.523910564288
2018 318 226 11.6292472839356 283.790950537942
2018 319 227 10.7997299194336 308.881181958731
2018 320 228 10.2131553649903 308.680997791938
2018 321 229 11.1969123840332 301.149489565857
2018 322 230 10.1064697265625 286.446784202024
2018 323 231 10.6682373046875 244.749854947928
2018 324 232 11.2736183166504 269.608761023085
2018 325 233 13.6778198242188 118.73817593503
2018 326 234 13.3769889831543 174.377092081547
2018 327 235 13.7243438720703 154.949964706421
2018 328 236 15.1412750244141 109.453902006566
2018 329 237 11.4727340698242 231.168201391458
2018 330 238 11.9797073364258 245.105738740206
2018 331 239 13.2539649963379 181.51713854289
2018 332 240 14.7196899414063 90.1869219617247
2018 333 241 13.7435775756836 125.49118355298
2018 334 242 12.0136161804199 226.127913681269
2018 335 243 10.7308784484864 135.184734242439
2018 336 244 9.35035476684573 254.349971992969
2018 337 245 8.89899215698244 250.711002403736
2018 338 246 10.3618141174317 159.322951713085
2018 339 247 10.7159973144531 161.502782176316
2018 340 248 11.6784645080567 213.903106824636
2018 341 249 10.5832534790039 238.99333203578
2018 342 250 9.9972969055176 225.260437383175
2018 343 251 9.5874954223633 172.673271095753
2018 344 252 9.42829666137698 117.808415751457
2018 345 253 9.78082427978518 218.707618968248
2018 346 254 11.3075347900391 215.326664186239
2018 347 255 9.95863494873049 252.472660082102
2018 348 256 11.1650787353516 171.547774446249
2018 349 257 12.4289947509766 151.359920035362
2018 350 258 12.8892456054688 157.788183027744
2018 351 259 12.4678665161133 159.015999544769
2018 352 260 11.0478416442871 208.173276146173
2018 353 261 11.8936973571778 158.860298997879
2018 354 262 10.276010131836 158.281979953766
2018 355 263 11.876123046875 138.249831224441
2018 356 264 10.7159973144531 184.831357710361
2018 357 265 10.6076522827149 209.218703036666
2018 358 266 11.6327682495117 134.922266698122
2018 359 267 11.3108421325684 177.553405112445
2018 360 268 10.3948989868164 247.30780208087
2018 361 269 10.1298385620117 254.696965435505
2018 362 270 9.95987472534182 259.221219247103
2018 363 271 7.70764312744143 253.304547496557
2018 364 272 8.27395401000979 247.810501960993
2018 365 273 9.70039138793948 262.935819844723
2019 1 274 7.64502868652346 268.438386793613
2019 2 275 6.71590957641604 260.391343062878
2019 3 276 6.36997375488284 259.873909761429
2019 4 277 6.82099685668948 232.298078199625
2019 5 278 9.82953414916994 170.053945287704
2019 6 279 9.56461868286135 75.759940943718
2019 7 280 11.9422431945801 117.917692374915
2019 8 281 12.6016250610352 108.916070701122
2019 9 282 13.9512763977051 110.776167159557
2019 10 283 10.6948753356934 158.059224655151
2019 11 284 11.2481590270996 187.392562308311
2019 12 285 12.5966125488281 191.53205165267
2019 13 286 10.790731048584 255.252654625893
2019 14 287 11.3442245483399 131.616395058155
2019 15 288 10.9886604309082 78.0884102048874
2019 16 289 12.3740097045899 60.1699168540239
2019 17 290 13.7332778930664 117.221826735437
2019 18 291 12.6132522583008 176.173980791569
2019 19 292 13.4988494873047 207.541383888245
2019 20 293 14.0102287292481 157.992305326462
2019 21 294 9.9500556945801 245.644379811764
2019 22 295 9.76656112670901 287.168722933769
2019 23 296 8.91846618652346 302.241311327934
2019 24 297 10.2426506042481 304.538547671318
2019 25 298 10.7173286437989 289.515026328087
2019 26 299 10.8705421447754 288.698724627495
2019 27 300 11.9606872558594 282.377967426777
2019 28 301 12.3874488830567 247.410814310074
2019 29 302 13.0408111572266 247.47771650219
2019 30 303 11.5150848388672 255.092072833061
2019 31 304 12.9136672973633 208.553953792572
2019 32 305 12.4712768554688 176.892149902344
2019 33 306 12.1489959716797 198.633434979439
2019 34 307 11.476579284668 234.225083654404
2019 35 308 10.1151023864746 222.141141954422
2019 36 309 5.68693695068362 285.772536712646
2019 37 310 6.31302413940432 338.345939307213
2019 38 311 7.74870452880862 292.236033004761
2019 39 312 8.67139587402346 295.523541545868
2019 40 313 8.06776962280276 198.76725398016
2019 41 314 7.75974044799807 314.079912733078
2019 42 315 7.04861221313479 357.879191971779
2019 43 316 6.75702819824221 254.057200181961
2019 44 317 10.4826904296875 75.4744582247734
2019 45 318 13.9294105529785 150.59652448225
2019 46 319 9.69697723388674 253.869853076935
2019 47 320 7.98875579833987 313.700756965637
2019 48 321 7.94403610229494 349.965965729713
2019 49 322 7.11138305664065 389.87554826813
2019 50 323 7.30750808715823 419.445289221199
2019 51 324 9.59349594116213 346.098567976387
2019 52 325 8.1594177246094 379.981778327579
2019 53 326 8.01040802001955 426.073827774778
2019 54 327 8.08281097412112 413.931914518334
2019 55 328 9.37109527587893 388.220643630255
2019 56 329 10.6276947021485 304.850800309487
2019 57 330 12.0160385131836 173.533265824432
2019 58 331 12.7819114685059 179.662224752177
2019 59 332 10.4149147033692 292.463526172265
2019 60 333 9.91315612792971 341.075852497607
2019 61 334 11.9021278381348 156.596123755682
2019 62 335 12.7167335510254 147.090446297929
2019 63 336 11.3805252075196 329.38891877982
2019 64 337 11.053842163086 181.07625048919
2019 65 338 12.9948860168457 186.023125570104
2019 66 339 10.8885818481446 248.73116791606
2019 67 340 9.38833770751955 354.118855811775
2019 68 341 8.19190368652346 314.650879052997
2019 69 342 8.93350753784182 352.727121193707
2019 70 343 9.20965347290041 436.663462114453
2019 71 344 11.2375389099121 472.705636984587
2019 72 345 10.0661712646485 509.332154278517
2019 73 346 10.7145248413086 530.667526340246
2019 74 347 11.3835350036621 523.285118449807
2019 75 348 12.5992218017578 517.718201776266
2019 76 349 13.1545158386231 526.073050881386
2019 77 350 14.9319244384766 500.977331886291
2019 78 351 14.151010131836 474.191039988995
2019 79 352 13.5305381774903 296.103437658787
2019 80 353 10.9834533691406 493.974100805998
2019 81 354 11.1851936340332 284.853632548571
2019 82 355 12.1876998901367 373.652099593043
2019 83 356 11.1115928649903 531.002081402302
2019 84 357 12.6226860046387 372.590454951525
2019 85 358 13.1974388122559 344.559644331455
2019 86 359 14.1010757446289 344.894197125435
2019 87 360 12.747819519043 467.558028708935
2019 88 361 11.7505203247071 505.76808638525
2019 89 362 12.0238586425781 567.369873729229
2019 90 363 13.658277130127 588.825689191818
2019 91 364 15.0831314086914 443.314322018146
2019 92 365 13.2313285827637 280.558013896465
2019 93 366 12.7550407409668 365.208056007385
2019 94 367 13.2816673278809 279.353636337757
2019 95 368 13.0261703491211 251.737650003433
2019 96 369 14.1750770568848 366.390138757586
2019 97 370 15.5002647399903 504.657375826836
2019 98 371 16.6798454284668 429.236447218418
2019 99 372 14.9846664428711 507.944882351875
2019 100 373 13.3911491394043 639.092924263954
2019 101 374 13.8999382019043 512.873929505348
2019 102 375 12.5125862121582 543.028039488792
2019 103 376 14.4249626159668 636.282707608223
2019 104 377 13.9063507080078 623.832977676392
2019 105 378 12.0158439636231 549.25511456871
2019 106 379 12.2504745483399 435.445702781677
2019 107 380 13.3755165100098 626.959904424667
2019 108 381 15.6869636535645 647.996401535034
2019 109 382 16.8228317260742 605.883266402245
2019 110 383 13.6572814941406 551.556827085972
2019 111 384 12.2193923950196 661.958288947105
2019 112 385 14.9571891784668 672.94492038536
2019 113 386 18.4337936401367 665.134288794517
2019 114 387 20.5852027893067 657.412885327339
2019 115 388 18.1083122253418 652.202810460091
2019 116 389 15.5241218566895 664.991536094666
2019 117 390 14.9379440307617 621.981816429138
2019 118 391 13.8417793273926 592.550327537537
2019 119 392 13.6657005310059 615.603053438187
2019 120 393 14.0926528930664 673.837056465149
2019 121 394 13.4777885437012 692.732423355102
2019 122 395 15.3907638549805 714.442478538513
2019 123 396 15.5279327392578 685.715788702011
2019 124 397 14.3272911071778 679.551154256821
2019 125 398 12.596810913086 632.593730472565
2019 126 399 12.7891288757324 548.362994617462
2019 127 400 13.6021286010742 531.042213746071
2019 128 401 13.7222610473633 616.526415379524
2019 129 402 14.1887184143067 555.566951174736
2019 130 403 14.6561828613281 613.020335887909
2019 131 404 15.2257209777832 659.835014028549
2019 132 405 14.7905403137207 657.292424285889
2019 133 406 14.3601776123047 676.687400036624
2019 134 407 14.3666015625 573.284720279129
2019 135 408 14.5402694702149 264.490692871382
2019 136 409 13.1368690490723 437.149678112796
2019 137 410 12.4562316894531 489.638320770089
2019 138 411 11.8935104370117 403.324447455183
2019 139 412 11.6512580871582 393.096135541264
2019 140 413 12.1074920654297 579.159431382407
2019 141 414 13.3985763549805 456.642780637465
2019 142 415 14.1145111083985 556.133477302857
2019 143 416 15.8845001220703 652.711312850252
2019 144 417 15.8259407043457 614.791209373102
2019 145 418 14.2266136169434 599.52682600373
2019 146 419 13.3436332702637 556.619665708244
2019 147 420 12.8731590270996 591.287970822736
2019 148 421 13.8768669128418 583.174027845234
2019 149 422 15.4693771362305 671.147256796643
2019 150 423 14.8178153991699 688.539391148195
2019 151 424 15.1346717834473 674.394626126751
2019 152 425 16.8902183532715 695.676459421068
2019 153 426 16.4638687133789 614.742143330202
2019 154 427 16.0826316833496 651.881651505083
2019 155 428 17.8291603088379 725.848401364088
2019 156 429 20.1133285522461 739.59169300282
2019 157 430 16.9900909423828 732.945310974061
2019 158 431 14.7827201843262 764.348400324136
2019 159 432 18.7099319458008 780.112390626818
2019 160 433 22.8753944396973 744.315562414736
2019 161 434 26.2435012817383 697.804201346695
2019 162 435 26.9123092651367 738.173222935557
2019 163 436 25.9737678527832 735.501271402419
2019 164 437 18.346150970459 705.891395502806
2019 165 438 15.8265434265137 686.68376974535
2019 166 439 15.2291313171387 661.39178046745
2019 167 440 14.6447463989258 588.080752563775
2019 168 441 16.4396072387696 710.682135763288
2019 169 442 18.8366790771485 730.523177484691
2019 170 443 17.9733444213867 692.982211157858
2019 171 444 17.2708450317383 722.199580260992
2019 172 445 16.4181419372559 758.549531209528
2019 173 446 18.8984466552735 766.989111095726
2019 174 447 21.0907722473145 759.611169802845
2019 175 448 19.5788818359375 720.245814723194
2019 176 449 17.9574981689453 709.049551892757
2019 177 450 17.1435028076172 750.114427812219
2019 178 451 16.0337005615235 748.736069613039
2019 179 452 16.6662117004395 666.873938575983
2019 180 453 16.5803848266602 744.76162777704
2019 181 454 17.574666595459 741.032505445182
2019 182 455 16.7101303100586 761.680923421323
2019 183 456 16.8358665466309 754.61524030292
2019 184 457 16.2240158081055 750.038601056278
2019 185 458 16.6359306335449 729.497236957669
2019 186 459 17.3005271911621 741.246638905108
2019 187 460 17.6099639892578 754.798125157535
2019 188 461 16.4929405212403 694.324867132604
2019 189 462 16.2027603149414 684.966405007064
2019 190 463 15.4088111877442 660.602232297659
2019 191 464 18.0712104797364 676.482225612521
2019 192 465 18.3642021179199 705.699581800222
2019 193 466 17.6641059875489 694.333802910805
2019 194 467 17.9448677062989 736.081164869249
2019 195 468 17.9984146118164 739.734462902248
2019 196 469 19.5660568237305 735.073056711316
2019 197 470 19.2461868286133 707.93435215053
2019 198 471 18.0978828430176 665.433161603808
2019 199 472 19.1603561401367 697.902332581967
2019 200 473 18.2452789306641 659.56737700364
2019 201 474 17.9548927307129 678.877598514855
2019 202 475 18.098477935791 674.31878322652
2019 203 476 19.0512634277344 692.192685259312
2019 204 477 19.4884353637696 692.322052940488
2019 205 478 20.0122619628906 708.304597403616
2019 206 479 21.6502891540528 675.086021782309
2019 207 480 19.8389869689942 669.608331137612
2019 208 481 18.8693672180176 712.537773672685
2019 209 482 22.234262084961 716.967204584285
2019 210 483 19.0520645141602 715.82975539507
2019 211 484 16.9016510009766 695.462362407863
2019 212 485 17.5317474365235 687.812301710486
2019 213 486 18.1935440063477 652.358933050238
2019 214 487 18.0441337585449 638.695928425416
2019 215 488 19.140096282959 659.420158162996
2019 216 489 19.4790168762207 661.472086114235
2019 217 490 18.4911437988281 601.890980707146
2019 218 491 19.3629051208496 625.679700704601
2019 219 492 18.206372833252 664.491951464102
2019 220 493 17.2870918273926 681.174829191987
2019 221 494 18.0431304931641 648.268499426277
2019 222 495 19.9057708740235 577.834603368571
2019 223 496 18.4979644775391 625.064130627632
2019 224 497 20.3433586120606 679.069399806023
2019 225 498 20.7318054199219 681.808254728317
2019 226 499 22.8607612609864 681.719030636787
2019 227 500 23.9996315002442 673.493585092545
2019 228 501 23.5792976379395 675.880031414986
2019 229 502 19.3558822631836 653.094966700554
2019 230 503 18.1969505310059 599.312694748878
2019 231 504 18.0425277709961 544.883662293434
2019 232 505 17.9053588867188 593.241742928505
2019 233 506 18.3952880859375 626.174834633827
2019 234 507 21.523942565918 616.90558324337
2019 235 508 20.5507064819336 588.076287667274
2019 236 509 19.3155723571778 596.957477312088
2019 237 510 20.4253707885742 623.39583174324
2019 238 511 20.8146186828614 616.80743502903
2019 239 512 20.6002479553223 595.217809638023
2019 240 513 19.5437866210938 527.892993323326
2019 241 514 19.504281616211 546.025601233482
2019 242 515 19.1216484069824 610.04507386589
2019 243 516 19.6715408325196 590.75267473793
2019 244 517 21.8099151611328 613.194305377006
2019 245 518 21.3015419006348 602.002474555969
2019 246 519 18.8541275024414 588.758760790825
2019 247 520 19.4030128479004 566.61602627182
2019 248 521 18.823445892334 525.560064016819
2019 249 522 18.2707458496094 559.925025834083
2019 250 523 17.7948623657227 536.296886042595
2019 251 524 17.3749252319336 570.371913663864
2019 252 525 18.0932708740235 583.049118508339
2019 253 526 17.7736030578614 570.737678206921
2019 254 527 17.8859115600586 556.829326963425
2019 255 528 20.9712501525879 569.207660384655
2019 256 529 23.8863311767578 572.223079447269
2019 257 530 22.9991279602051 567.829326945305
2019 258 531 18.9896903991699 539.450578607082
2019 259 532 18.4628654479981 383.090871137619
2019 260 533 17.0492492675781 538.018692870617
2019 261 534 17.9915901184082 375.726314642906
2019 262 535 16.9345413208008 449.867023753166
2019 263 536 18.6543823242188 529.173198709011
2019 264 537 20.0557762145996 533.111973160744
2019 265 538 19.8301635742188 511.709687818527
2019 266 539 18.8412910461426 504.91165536499
2019 267 540 22.4005104064942 518.69509812212
2019 268 541 24.4965797424317 505.197116915226
2019 269 542 23.1880432128906 490.26283175993
2019 270 543 18.9894882202149 375.538961489677
2019 271 544 14.8128028869629 477.2555039258
2019 272 545 13.4815956115723 509.662257359505
2019 273 546 13.6921707153321 454.751453568697
2019 274 547 13.2505737304688 494.152510935783
2019 275 548 14.6381317138672 496.663875320911
2019 276 549 15.0769134521485 485.53450806737
2019 277 550 14.4544311523438 489.103045078278
2019 278 551 15.8092971801758 472.420151493549
2019 279 552 18.699105834961 470.551128896236
2019 280 553 20.4209648132324 449.867032573461
2019 281 554 19.3031440734864 461.041001288414
2019 282 555 16.6543785095215 436.212925082922
2019 283 556 16.2462783813477 473.334579483747
2019 284 557 16.6233001708985 458.413668416262
2019 285 558 16.3872581481934 453.020725641966
2019 286 559 16.2442756652832 444.2109040308
2019 287 560 14.2163864135742 441.405145908356
2019 288 561 13.8770652770996 431.770113846302
2019 289 562 13.804273223877 347.980972125292
2019 290 563 15.3941703796387 341.959070471287
2019 291 564 14.5528999328614 406.94651746881
2019 292 565 13.8319526672364 338.979346135855
2019 293 566 15.0945602416992 344.599779069304
2019 294 567 16.9441619873047 397.079519073725
2019 295 568 18.8551307678223 401.18779528296
2019 296 569 19.5937248229981 391.120061078548
2019 297 570 21.5119148254395 389.206432231665
2019 298 571 21.8897300720215 390.103044863343
2019 299 572 19.2459884643555 386.931501029134
2019 300 573 15.7667747497559 394.581551835179
2019 301 574 14.4083038330078 393.042620222449
2019 302 575 12.6110511779785 377.381225516021
2019 303 576 13.733487701416 377.684549298346
2019 304 577 13.2094665527344 374.896626380086
2019 305 578 12.9760375976563 373.290792827248
2019 306 579 13.6979919433594 366.390137686551
2019 307 580 14.0970664978028 358.646423061818
2019 308 581 14.4472061157227 347.164673826814
2019 309 582 13.8443809509278 344.920942402959
2019 310 583 13.571851348877 324.986232893735
2019 311 584 12.8675399780274 330.802942189693
2019 312 585 12.9232955932617 323.304573703244
2019 313 586 13.0333953857422 313.718601824895
2019 314 587 12.8721557617188 311.407979187042
2019 315 588 14.2093711853028 311.867423724577
2019 316 589 15.8917137145996 262.144389242776
2019 317 590 13.9568878173828 226.566119774543
2019 318 591 13.3891540527344 230.901886198059
2019 319 592 13.6414390563965 221.106255868122
2019 320 593 14.15322265625 276.650471004035
2019 321 594 14.1859031677246 291.553554142112
2019 322 595 14.9692245483399 297.820786418162
2019 323 596 14.8863998413086 286.695883125933
2019 324 597 13.0025115966797 271.614379700949
2019 325 598 12.6210723876953 286.000025349906
2019 326 599 10.9804397583008 260.453793273926
2019 327 600 12.1010719299317 278.506103987455
2019 328 601 12.3814292907715 281.356472391605
2019 329 602 11.4110046386719 286.936765295029
2019 330 603 9.64743576049807 247.103028844357
2019 331 604 8.14457855224612 143.093686799407
2019 332 605 6.1690383911133 174.447707491994
2019 333 606 6.36757812500002 249.551926637888
2019 334 607 7.0640579223633 115.897008862972
2019 335 608 11.0123268127442 33.0535311685503
2019 336 609 12.4803062438965 50.0575879924297
2019 337 610 12.52822265625 150.913230164647
2019 338 611 12.0214515686035 104.611528430223
2019 339 612 12.1830917358399 131.495951531291
2019 340 613 13.5937057495117 165.205207175255
2019 341 614 15.0959678649903 168.684527402878
2019 342 615 13.3145538330078 161.86862339294
2019 343 616 11.2507720947266 154.276572202921
2019 344 617 11.4015823364258 190.653302891135
2019 345 618 12.2532897949219 168.042184607029
2019 346 619 14.2655197143555 88.0847634602189
2019 347 620 14.3673988342285 105.949725367665
2019 348 621 12.5007530212403 183.868626884818
2019 349 622 9.08992919921877 246.242116358042
2019 350 623 8.93671188354494 244.805782168627
2019 351 624 8.93731842041018 208.669929587841
2019 352 625 10.6724105834961 171.244944096446
2019 353 626 11.0299736022949 178.337409537613
2019 354 627 10.8645301818848 190.559629716635
2019 355 628 10.2655082702637 184.760763594627
2019 356 629 11.6436401367188 129.00690135932
2019 357 630 7.8977104187012 146.042187415361
2019 358 631 7.65504989624026 198.115997393846
2019 359 632 8.52861938476565 174.126535968065
2019 360 633 9.25718078613284 204.914050197065
2019 361 634 8.12412414550784 257.750633330822
2019 362 635 8.00419387817385 243.677231932878
2019 363 636 9.14227066040041 190.996770861626
2019 364 637 9.51367340087893 182.918512735724
2019 365 638 8.89119110107424 242.736032582283
2020 1 639 10.3120895385742 213.857628431634
2020 2 640 10.9288726806641 227.1107743686
2020 3 641 9.66845474243166 229.805942116097
2020 4 642 10.8031898498535 177.029487754659
2020 5 643 8.87723312377932 228.233388041571
2020 6 644 9.18164978027346 260.361680971459
2020 7 645 8.16270599365237 244.13715747054
2020 8 646 9.46565399169924 204.431196354226
2020 9 647 9.67511520385744 171.799508252934
2020 10 648 8.12189636230471 219.279167611436
2020 11 649 9.45104751586916 242.27503839238
2020 12 650 7.96334228515627 207.469385891274
2020 13 651 8.66820297241213 240.087709481076
2020 14 652 9.93097839355471 230.45635649021
2020 15 653 7.13043746948244 231.325044444875
2020 16 654 8.71804199218752 136.641933024243
2020 17 655 6.53643569946291 190.777109024361
2020 18 656 7.31219253540041 235.249753297642
2020 19 657 7.71112976074221 206.106204207257
2020 20 658 8.29589996337893 139.051993293361
2020 21 659 10.3630081176758 165.847848154858
2020 22 660 11.8657508850098 158.051876398877
2020 23 661 10.6796623229981 199.232401888684
2020 24 662 10.7982498168946 221.684773631409
2020 25 663 12.7944656372071 208.574194412068
2020 26 664 13.5987907409668 143.889944688634
2020 27 665 10.8906379699707 271.641320604638
2020 28 666 11.4339385986328 211.340642746285
2020 29 667 10.3986717224121 239.152200229005
2020 30 668 11.0541168212891 223.961196093873
2020 31 669 11.5604797363281 240.493101847008
2020 32 670 11.6330886840821 279.709037091569
2020 33 671 11.5346923828125 307.743322655991
2020 34 672 7.69115219116213 353.343042915658
2020 35 673 7.52938613891604 355.998122168854
2020 36 674 7.89567337036135 346.473683001832
2020 37 675 9.69272766113284 340.575482965783
2020 38 676 10.5232711791992 335.586063662842
2020 39 677 10.275350189209 359.027425888375
2020 40 678 11.1765686035156 374.178311288193
2020 41 679 12.189282989502 377.862473046616
2020 42 680 13.4668823242188 378.218853299454
2020 43 681 12.4359107971192 376.971500237778
2020 44 682 10.5825630187989 351.253732686356
2020 45 683 10.2070365905762 326.275448615388
2020 46 684 10.6274620056153 336.904686726884
2020 47 685 11.1916175842285 376.641836911515
2020 48 686 11.535977935791 392.910905927972
2020 49 687 12.7420478820801 406.270981061295
2020 50 688 10.9325233459473 408.551836184666
2020 51 689 11.1520782470703 389.81479712555
2020 52 690 12.9046684265137 396.443597511959
2020 53 691 14.710336303711 390.264730303519
2020 54 692 10.5503402709961 407.513873240225
2020 55 693 11.3770080566406 423.239439694282
2020 56 694 13.8920341491699 435.227401799161
2020 57 695 14.4224487304688 437.249907954257
2020 58 696 15.2501922607422 439.343680071708
2020 59 697 15.9200378417969 394.323089661804
2020 60 698 13.0243354797364 408.45384188005
2020 61 699 9.67748031616213 306.384600687858
2020 62 700 12.8728805541992 397.846862508353
2020 63 701 15.0065818786621 469.155452405509
2020 64 702 14.3631645202637 470.188984749731
2020 65 703 14.3324371337891 403.210487818
2020 66 704 12.3177543640137 320.65344549742
2020 67 705 10.5112396240235 245.103858674583
2020 68 706 9.42226181030276 284.881104409751
2020 69 707 11.3043914794922 372.975510657844
2020 70 708 14.2456489562989 412.2449110046
2020 71 709 14.8085037231446 436.394588747975
2020 72 710 13.5266090393067 486.128394913074
2020 73 711 12.793603515625 481.210243218419
2020 74 712 11.2178169250489 344.785304511663
2020 75 713 10.1642852783203 257.581853557822
2020 76 714 8.16227874755862 215.492553068098
2020 77 715 7.8655944824219 433.899879978534
2020 78 716 8.86477813720705 344.224001833316
2020 79 717 10.1140190124512 399.218967874166
2020 80 718 10.6059814453125 461.528756670472
2020 81 719 11.784757232666 482.127934465882
2020 82 720 12.2019554138184 433.792946372029
2020 83 721 12.3557754516602 461.528777335164
2020 84 722 10.6261726379395 341.043237388369
2020 85 723 8.9376045227051 447.464845154282
2020 86 724 8.36185607910159 522.778325428959
2020 87 725 9.81754837036135 552.541105117318
2020 88 726 10.6457229614258 348.104159752366
2020 89 727 11.5686393737793 397.045006876465
2020 90 728 12.4124961853028 469.707862399098
2020 91 729 12.7605224609375 482.38632627773
2020 92 730 12.0103317260742 559.584199648377
2020 93 731 10.7305770874024 620.165535272118
2020 94 732 10.9346672058106 612.832873973366
2020 95 733 10.545182800293 426.34447358751
2020 96 734 11.8629508972168 249.91507669973
2020 97 735 8.72599182128909 297.060628815171
2020 98 736 8.77712020874026 463.524540520188
2020 99 737 12.426889038086 525.93681270599
2020 100 738 12.1085029602051 334.793097488162
2020 101 739 13.5571113586426 441.798292282578
2020 102 740 12.5792022705078 469.734582349774
2020 103 741 12.0949722290039 444.342012031075
2020 104 742 13.1136985778809 530.061981670853
2020 105 743 15.0864921569824 661.515345918175
2020 106 744 16.202970123291 658.000467299935
2020 107 745 14.4252449035645 564.390969283578
2020 108 746 12.4533172607422 429.783604517457
2020 109 747 12.5128227233887 475.63279095411
2020 110 748 13.0112281799317 573.265016001221
2020 111 749 13.3070503234864 511.284858148095
2020 112 750 12.2337547302246 607.540524399277
2020 113 751 13.8604560852051 652.503181439873
2020 114 752 16.4545379638672 629.730065957543
2020 115 753 17.2758422851563 660.539727507111
2020 116 754 18.0992866516114 630.00182076883
2020 117 755 16.7048126220703 625.257415157792
2020 118 756 15.4257102966309 677.797770373818
2020 119 757 17.559415435791 640.002922808167
2020 120 758 15.6461311340332 570.578737095353
2020 121 759 14.6454483032227 604.088027949807
2020 122 760 14.6508193969727 689.260055642602
2020 123 761 15.1752182006836 529.879335027215
2020 124 762 14.9131294250489 649.616467118737
2020 125 763 14.1891494750977 724.07014651632
2020 126 764 15.8115554809571 714.024505513665
2020 127 765 15.9569946289063 708.531703387734
2020 128 766 18.757527923584 727.050442658898
2020 129 767 19.6110511779785 715.539142756936
2020 130 768 17.3879791259766 687.197479476449
2020 131 769 14.8564125061035 623.805130850312
2020 132 770 15.3223815917969 629.774632137772
2020 133 771 15.3853202819824 526.021460156766
2020 134 772 14.325341796875 488.738925249927
2020 135 773 15.0669418334961 400.4484927262
2020 136 774 15.6968284606934 609.037346663349
2020 137 775 15.9782577514649 673.957691332711
2020 138 776 17.1497283935547 454.405494563058
2020 139 777 15.4622360229492 574.044599738989
2020 140 778 14.0422035217285 650.306974945937
2020 141 779 14.4033294677735 658.650873532333
2020 142 780 15.9621482849121 701.105476405263
2020 143 781 15.3313995361328 731.977491229259
2020 144 782 16.5475631713867 754.376437356361
2020 145 783 16.5989013671875 740.486249699794
2020 146 784 21.2229286193848 731.001896002971
2020 147 785 22.5540176391602 726.097115576782
2020 148 786 23.4404083251953 732.962010247596
2020 149 787 19.9820571899414 727.179634297736
2020 150 788 17.0182548522949 603.477715270244
2020 151 789 17.606893157959 607.540518698894
2020 152 790 16.1832099914551 479.842617461406
2020 153 791 16.4124313354492 554.652698611297
2020 154 792 19.3637786865235 688.876947738387
2020 155 793 22.9067703247071 735.96013179753
2020 156 794 21.5402313232422 746.758652387686
2020 157 795 17.4620910644531 735.1582510278
2020 158 796 14.6789566040039 713.400823644705
2020 159 797 14.6445861816406 755.365411238112
2020 160 798 16.0242324829102 770.177748817183
2020 161 799 17.758992767334 763.459831547179
2020 162 800 20.2497459411621 744.237195726134
2020 163 801 19.4926811218262 708.099566076346
2020 164 802 17.1132102966309 677.9848695511
2020 165 803 15.2100196838379 658.076211004652
2020 166 804 16.6218887329102 692.832838477232
2020 167 805 17.4878746032715 676.550401925184
2020 168 806 16.0725685119629 690.244582789518
2020 169 807 18.2440811157227 773.532227088668
2020 170 808 20.2510353088379 774.195991105773
2020 171 809 19.2539993286133 746.678447835662
2020 172 810 16.8672233581543 717.958140238859
2020 173 811 17.7879959106446 734.815216511824
2020 174 812 17.6780029296875 658.606342003264
2020 175 813 17.9224754333496 620.726851544477
2020 176 814 17.5518928527832 664.731732371427
2020 177 815 17.8062568664551 712.692497826018
2020 178 816 17.8539443969727 647.032651553251
2020 179 817 18.0943428039551 649.972856807448
2020 180 818 16.0244422912598 730.3693051304
2020 181 819 16.6798988342285 759.169830100157
2020 182 820 19.1435752868653 756.978050215818
2020 183 821 17.5604873657227 735.581469336607
2020 184 822 16.6884895324707 720.827057409086
2020 185 823 15.8957572937012 700.267968422987
2020 186 824 17.3091369628906 750.233423390486
2020 187 825 20.4256874084473 762.960894531049
2020 188 826 18.0975662231446 766.373308534421
2020 189 827 16.0207954406739 762.622318107345
2020 190 828 18.178556060791 739.327971241392
2020 191 829 18.3248611450196 743.929822042205
2020 192 830 19.6022468566895 733.897536163725
2020 193 831 19.5592781066895 738.882491578199
2020 194 832 19.959073638916 753.476561624922
2020 195 833 18.7485023498535 722.876270386793
2020 196 834 16.6779609680176 696.111606672682
2020 197 835 17.2154708862305 662.406310018279
2020 198 836 17.6296592712403 661.800431331374
2020 199 837 17.3701492309571 622.588961361327
2020 200 838 18.351708984375 632.745996803351
2020 201 839 18.1972480773926 649.22890439836
2020 202 840 16.7791496276856 625.805354444243
2020 203 841 16.0323997497559 560.011854960807
2020 204 842 16.3277870178223 574.757372376509
2020 205 843 16.7995544433594 622.606802188449
2020 206 844 17.086141204834 702.735956233718
2020 207 845 16.8530479431153 644.689417905219
2020 208 846 18.2410675048828 619.960607744746
2020 209 847 17.696908569336 628.438166893371
2020 210 848 17.3001113891602 658.739981699981
2020 211 849 17.1776596069336 659.67994293312
2020 212 850 17.2620903015137 641.856148179092
2020 213 851 17.1052566528321 679.14313692113
2020 214 852 17.7102256774903 693.63918411196
2020 215 853 18.2430015563965 705.146013714992
2020 216 854 19.5362907409668 696.606087510228
2020 217 855 18.0967079162598 680.653320663408
2020 218 856 16.1905151367188 628.594074756578
2020 219 857 16.5237136840821 612.730403984938
2020 220 858 18.0253845214844 641.112180623902
2020 221 859 19.114144897461 658.66870026864
2020 222 860 20.1507049560547 639.152042862263
2020 223 861 19.6187873840332 618.143033487794
2020 224 862 18.1766220092774 597.931439630028
2020 225 863 18.2447257995606 617.657460605141
2020 226 864 20.9831787109375 640.510766180512
2020 227 865 25.5412460327149 551.17345733976
2020 228 866 27.2280975341797 647.487062346932
2020 229 867 26.3417030334473 559.771301801201
2020 230 868 25.5255638122559 569.972877561089
2020 231 869 23.8404327392578 596.421245799538
2020 232 870 24.359033203125 639.214415622231
2020 233 871 20.669091796875 656.940235543725
2020 234 872 19.0140396118164 630.817044881341
2020 235 873 20.3803573608399 607.063862534996
2020 236 874 20.6229034423828 568.057292876717
2020 237 875 21.3810440063477 606.676287669655
2020 238 876 19.5128723144531 565.954623176095
2020 239 877 18.0784469604492 603.682647176262
2020 240 878 16.2107025146485 590.344850596901
2020 241 879 17.5518928527832 598.109626732346
2020 242 880 18.1562171936035 592.447536426064
2020 243 881 17.8982025146485 580.700135866639
2020 244 882 17.7299858093262 579.12310637426
2020 245 883 17.3469482421875 538.192072262284
2020 246 884 17.1007553100586 534.891035908219
2020 247 885 16.9467140197754 555.873330035683
2020 248 886 17.0212608337403 566.631749688622
2020 249 887 20.8098045349121 583.920986159798
2020 250 888 26.8785682678223 581.466362482544
2020 251 889 29.4896217346192 582.972110884186
2020 252 890 24.2587066650391 579.889346094605
2020 253 891 18.6690155029297 522.920881058213
2020 254 892 16.9615379333496 566.747566214558
2020 255 893 16.1114555358887 577.176360846516
2020 256 894 17.570157623291 563.388638986107
2020 257 895 17.333627319336 538.414802864071
2020 258 896 16.4113555908203 517.695368154046
2020 259 897 17.1596160888672 542.419712394234
2020 260 898 18.800496673584 470.122153686997
2020 261 899 19.4082466125489 425.435690334317
2020 262 900 19.2522827148438 407.246580116269
2020 263 901 18.9083381652832 450.877257645604
2020 264 902 19.8641220092774 507.18641518211
2020 265 903 19.6535888671875 522.885250593182
2020 266 904 18.5317436218262 510.567621972558
2020 267 905 18.1347290039063 516.621745677468
2020 268 906 19.8886085510254 434.394345608946
2020 269 907 18.140096282959 479.749066037175
2020 270 908 19.6344696044922 495.799831736084
2020 271 909 22.2390762329102 483.241662573334
2020 272 910 25.8533912658692 497.742139395234
2020 273 911 21.312085723877 470.77700668573
2020 274 912 19.9700370788574 482.034394981858
2020 275 913 23.5014205932617 484.466719944474
2020 276 914 23.8825355529785 484.636003840682
2020 277 915 21.9009376525879 485.451251641985
2020 278 916 20.4592033386231 481.571088556763
2020 279 917 19.5474601745606 473.476654891249
2020 280 918 18.6095024108887 449.83928277063
2020 281 919 16.9510131835938 428.545148865696
2020 282 920 15.8734146118164 337.662009177205
2020 283 921 15.654931640625 389.275768931624
2020 284 922 16.832421875 313.70834744012
2020 285 923 17.8021751403809 337.296715637919
2020 286 924 18.8378692626953 434.991313529488
2020 287 925 20.2084938049317 435.917904202935
2020 288 926 21.6437736511231 424.664990820643
2020 289 927 23.6728569030762 423.506734838244
2020 290 928 24.6660285949707 421.172403482791
2020 291 929 23.5660873413086 419.751307991621
2020 292 930 21.3408714294434 408.698853335377
2020 293 931 18.2541748046875 390.576578779217
2020 294 932 18.2919860839844 400.011933341381
2020 295 933 19.4533630371094 397.151911628005
2020 296 934 18.1091667175293 392.478790131804
2020 297 935 15.8207832336426 382.477678390142
2020 298 936 14.6003318786621 347.863594639417
2020 299 937 14.6342788696289 304.192821874556
2020 300 938 16.2560325622559 391.944217484471
2020 301 939 16.1980300903321 381.960910201963
2020 302 940 15.9956604003906 377.973835308966
2020 303 941 15.6297966003418 376.111710875627
2020 304 942 14.2914024353028 368.681038266119
2020 305 943 14.3674598693848 352.572352963862
2020 306 944 16.1340080261231 357.570675535914
2020 307 945 17.3222404479981 351.904130035457
2020 308 946 15.0510459899903 342.032201977309
2020 309 947 14.0823760986328 330.124429642585
2020 310 948 17.0133110046387 329.099819940623
2020 311 949 15.6826530456543 332.997801770728
2020 312 950 10.9789291381836 291.492075189319
2020 313 951 11.233285522461 316.04713762812
2020 314 952 8.41835174560549 323.491179773536
2020 315 953 9.04566345214846 322.9521436315
2020 316 954 11.4882904052735 221.577861076791
2020 317 955 10.6772972106934 239.847148283441
2020 318 956 10.6719337463379 270.144501375158
2020 319 957 11.354020690918 220.156764656339
2020 320 958 10.6532417297364 290.365003136628
2020 321 959 13.3781600952149 277.339059354516
2020 322 960 14.6832595825196 221.435305020305
2020 323 961 14.6125808715821 178.080826890421
2020 324 962 11.7007537841797 238.581975193214
2020 325 963 10.9578720092774 279.673397890733
2020 326 964 10.5832077026367 276.541650892571
2020 327 965 9.8626647949219 274.389959754542
2020 328 966 10.8650680541992 280.078790172175
2020 329 967 10.3060775756836 278.822529368237
2020 330 968 11.3918281555176 277.704351295785
2020 331 969 10.6403556823731 286.444752394513
2020 332 970 10.2070404052735 283.852027841166
2020 333 971 9.50905380249026 281.228137404279
2020 334 972 9.73806152343752 277.316789786891
2020 335 973 9.89595947265627 268.981780550078
2020 336 974 9.76147613525393 267.73443908079
2020 337 975 10.0177665710449 268.558576479749
2020 338 976 10.7438941955567 254.124902054623
2020 339 977 10.3793312072754 257.849150669292
2020 340 978 10.2886749267578 256.802259861783
2020 341 979 9.76920852661135 223.399886107282
2020 342 980 11.9652153015137 253.051288398341
2020 343 981 13.3536659240723 264.290848609523
2020 344 982 11.5542427062989 265.386739307717
2020 345 983 11.0392967224121 252.365242047147
2020 346 984 9.58295211791994 203.878791085795
2020 347 985 10.9170585632324 170.823895890073
2020 348 986 10.6336952209473 96.7176756466187
2020 349 987 9.71249923706057 178.561952074841
2020 350 988 8.23381195068362 231.948726015881
2020 351 989 8.97691497802737 210.712512722329
2020 352 990 11.5202995300293 200.426289470152
2020 353 991 8.99388275146487 230.68354638131
2020 354 992 7.75796279907229 251.438638017253
2020 355 993 8.01383361816409 240.911857716397
2020 356 994 8.30449447631838 231.721533352689
2020 357 995 8.93115386962893 219.97411716874
2020 358 996 8.40267715454104 256.940360485867
2020 359 997 7.69222412109377 197.200992110089
2020 360 998 9.96577987670901 153.138193695859
2020 361 999 12.0612426757813 159.954091783599
2020 362 1000 9.04995880126955 173.68390210493
2020 363 1001 9.96643218994143 187.097414115504
2020 364 1002 8.49655685424807 223.952292887763
2020 365 1003 7.81339035034182 210.890705368832
2020 366 1004 9.87276229858401 213.492329096154
2021 1 1005 8.97722396850588 230.229866872787
2021 2 1006 9.83852157592776 104.450968310118
2021 3 1007 10.5033012390137 119.848262142539
2021 4 1008 11.4628463745117 104.101840356112
2021 5 1009 8.5996147155762 141.847595417976
2021 6 1010 7.55441055297854 165.852159205437
2021 7 1011 9.48211822509768 153.467184857845
2021 8 1012 9.76548156738284 167.409799168587
2021 9 1013 8.99523696899416 230.234351614952
2021 10 1014 8.45913085937502 220.414101415157
2021 11 1015 9.68562850952151 197.980592504024
2021 12 1016 10.0036140441895 239.803943133831
2021 13 1017 11.4826599121094 183.312874818325
2021 14 1018 13.0115409851074 197.264438452721
2021 15 1019 11.450040435791 252.497759366512
2021 16 1020 12.6707397460938 252.318728539944
2021 17 1021 13.5920730590821 275.884647448063
2021 18 1022 14.6310668945313 288.448662198544
2021 19 1023 16.2159744262696 305.582630726814
2021 20 1024 12.183065032959 302.709073262215
2021 21 1025 10.6761985778809 301.912345561028
2021 22 1026 9.87294158935549 221.322713302612
2021 23 1027 8.33586273193362 250.089694752216
2021 24 1028 7.88739929199221 248.039708423614
2021 25 1029 7.38831481933596 210.401378258705
2021 26 1030 6.11458740234377 283.440066565514
2021 27 1031 8.82753906250002 174.978640885472
2021 28 1032 10.0530487060547 144.309377646923
2021 29 1033 8.29243621826174 203.808292171478
2021 30 1034 8.8243347167969 272.518719425201
2021 31 1035 11.2305160522461 295.520676713943
2021 32 1036 12.1100212097168 291.572884896278
2021 33 1037 13.0661712646485 188.03948913765
2021 34 1038 9.85613403320315 284.380017718315
2021 35 1039 9.51593933105471 328.083273677826
2021 36 1040 9.6139961242676 335.361184631348
2021 37 1041 10.6367813110352 355.784978666305
2021 38 1042 11.5471015930176 364.58918074131
2021 39 1043 10.4026466369629 312.739687505722
2021 40 1044 11.7598205566406 256.839449445248
2021 41 1045 11.0137916564942 304.033953191757
2021 42 1046 10.6882110595703 287.159585107803
2021 43 1047 11.1880928039551 247.439925568819
2021 44 1048 11.7970443725586 281.783956825256
2021 45 1049 10.4406639099121 301.558744457245
2021 46 1050 11.8148475646973 103.264834902287
2021 47 1051 10.0738578796387 273.185646652222
2021 48 1052 9.41747817993166 390.831727640152
2021 49 1053 10.5731407165528 400.714656155054
2021 50 1054 12.0367713928223 198.244674954836
2021 51 1055 10.3984390258789 274.362815078406
2021 52 1056 10.2387481689453 374.413918494739
2021 53 1057 11.930322265625 419.450999104355
2021 54 1058 13.9346633911133 407.513628965281
2021 55 1059 14.0195137023926 450.397785938412
2021 56 1060 13.0901847839356 450.890146495089
2021 57 1061 10.5827423095703 440.4074586301
2021 58 1062 10.6395812988281 453.911416343108
2021 59 1063 11.3549858093262 458.723087180167
2021 60 1064 11.5292907714844 460.513463992149
2021 61 1065 11.9381233215332 461.72644023627
2021 62 1066 11.6441551208496 419.164548763573
2021 63 1067 9.56916580200198 413.654647235095
2021 64 1068 11.0412040710449 453.598089511096
2021 65 1069 11.2089019775391 464.04051074332
2021 66 1070 9.23197326660159 488.922353957117
2021 67 1071 9.92316970825198 405.691931197941
2021 68 1072 9.42108306884768 418.87809845823
2021 69 1073 8.67085418701174 320.756124433637
2021 70 1074 7.28786239624026 421.326435091972
2021 71 1075 9.2005554199219 502.121947533965
2021 72 1076 10.9653602600098 455.818173408151
2021 73 1077 9.62039718627932 351.792423471808
2021 74 1078 8.77491912841799 345.875198058724
2021 75 1079 7.92042694091799 495.439348175526
2021 76 1080 7.89320907592776 460.714870868444
2021 77 1081 10.7422348022461 213.991091633171
2021 78 1082 11.8438697814942 265.249775057912
2021 79 1083 9.4947219848633 393.074202045918
2021 80 1084 9.96339569091799 527.38874812746
2021 81 1085 10.2633644104004 536.3093251791
2021 82 1086 11.5084815979004 562.887578566551
2021 83 1087 13.8960433959961 574.247560505867
2021 84 1088 10.9953819274903 452.541775541067
2021 85 1089 11.3203712463379 519.04555012846
2021 86 1090 13.3959594726563 585.209181114674
2021 87 1091 14.5168014526367 576.096130098343
2021 88 1092 12.8156295776367 586.923481115341
2021 89 1093 13.8596244812012 605.731447446823
2021 90 1094 16.8787551879883 608.112658041954
2021 91 1095 18.4476486206055 609.124217392445
2021 92 1096 15.3088508605957 594.362501567364
2021 93 1097 11.6849800109864 499.655709921837
2021 94 1098 11.2725425720215 551.321706741333
2021 95 1099 10.6621910095215 442.336602360725
2021 96 1100 10.4436660766602 546.886021547317
2021 97 1101 11.3663955688477 602.495341066837
2021 98 1102 10.737638092041 630.707296108246
2021 99 1103 11.9557281494141 631.163855763435
2021 100 1104 10.6657920837403 631.62488403225
2021 101 1105 12.1740585327149 624.127630982399
2021 102 1106 12.115625 597.146564283371
2021 103 1107 12.0832077026367 629.449551226616
2021 104 1108 11.2679382324219 650.764071102142
2021 105 1109 12.4382072448731 635.890467562675
2021 106 1110 11.6319442749024 632.582721735954
2021 107 1111 12.1532455444336 626.338770154953
2021 108 1112 15.3002487182617 662.643264010429
2021 109 1113 14.1107650756836 664.294906145096
2021 110 1114 12.1614547729492 651.184799189568
2021 111 1115 11.4226318359375 609.527060441017
2021 112 1116 11.5879226684571 603.838113091469
2021 113 1117 11.125260925293 622.825131418228
2021 114 1118 11.5094772338867 609.468857580185
2021 115 1119 12.253305053711 428.931091114044
2021 116 1120 10.7438369750977 469.111770101547
2021 117 1121 11.4170280456543 643.880043289185
2021 118 1122 15.2758346557617 693.809340085983
2021 119 1123 15.8891807556153 683.765309921265
2021 120 1124 14.4861846923828 678.837270801544
2021 121 1125 13.4051643371582 609.741905698776
2021 122 1126 13.7239395141602 677.973418132782
2021 123 1127 16.8203178405762 706.722492366791
2021 124 1128 18.0770393371582 701.284196641922
2021 125 1129 17.2135444641114 690.904448900223
2021 126 1130 14.1535888671875 670.337433429718
2021 127 1131 13.5290390014649 701.525898942947
2021 128 1132 16.9511962890625 727.947499853134
2021 129 1133 18.4650627136231 711.435691268921
2021 130 1134 17.4857002258301 715.786318574905
2021 131 1135 18.2721496582031 722.169020961761
2021 132 1136 15.9083953857422 667.656328041499
2021 133 1137 14.2316337585449 646.999787654235
2021 134 1138 12.9322906494141 661.398939227838
2021 135 1139 11.6515632629395 552.959907468466
2021 136 1140 13.1996513366699 545.972918369416
2021 137 1141 12.6415229797364 619.49949184655
2021 138 1142 13.1866394042969 678.600049360178
2021 139 1143 13.3963562011719 726.7658446825
2021 140 1144 12.0613914489746 748.31309924116
2021 141 1145 12.7848068237305 741.581257166155
2021 142 1146 13.0901847839356 709.972053343408
2021 143 1147 13.4531913757324 679.096863701358
2021 144 1148 13.9947067260742 711.131317792699
2021 145 1149 15.7172866821289 668.027834576145
2021 146 1150 14.4553695678711 753.769296503559
2021 147 1151 14.3248954772949 729.867686384842
2021 148 1152 15.1743713378906 686.813420258745
2021 149 1153 13.7963920593262 678.358358312905
2021 150 1154 14.3384986877442 720.517391963035
2021 151 1155 18.2901626586914 740.587600298226
2021 152 1156 18.2215133666992 725.275328568637
2021 153 1157 15.7264915466309 671.684693614379
2021 154 1158 15.9224029541016 696.682920640856
2021 155 1159 17.1533103942871 712.205551153481
2021 156 1160 15.6176315307617 742.816623029083
2021 157 1161 16.3414474487305 745.466384620726
2021 158 1162 14.9120307922364 747.341809240401
2021 159 1163 13.525033569336 759.664134510785
2021 160 1164 13.9240547180176 766.23484439078
2021 161 1165 13.8254066467285 764.193812772512
2021 162 1166 14.8461814880371 758.222873461902
2021 163 1167 18.5901390075684 699.180512922347
2021 164 1168 18.5849319458008 623.81431585303
2021 165 1169 18.7880531311035 558.304179477066
2021 166 1170 17.4162651062012 720.853084244668
2021 167 1171 19.968522644043 750.922575275779
