Year DOY_disc DOY TA_C PAR_umol_m2_day
2018 93 1 13.2432113647461 600.168072877884
2018 94 2 13.6557022094727 563.751653254747
2018 95 3 13.3625122070313 400.771917727947
2018 96 4 13.7952705383301 179.764377518415
2018 97 5 15.7609230041504 303.031253575921
2018 98 6 13.4135871887207 591.110683973312
2018 99 7 14.0216613769531 615.653727294922
2018 100 8 17.0163665771485 556.99863228035
2018 101 9 12.4844146728516 452.896438356399
2018 102 10 10.7302604675293 536.058986044884
2018 103 11 11.6224304199219 613.082430767059
2018 104 12 14.4976249694824 636.815820370674
2018 105 13 14.432504272461 635.788192458153
2018 106 14 10.1556755065918 486.879463745117
2018 107 15 9.65366516113284 594.402656087875
2018 108 16 11.0253120422364 504.878582281589
2018 109 17 11.0803085327149 616.814818876266
2018 110 18 13.5239959716797 660.762759908676
2018 111 19 14.9948860168457 658.6630094738
2018 112 20 16.8590293884278 670.785503424644
2018 113 21 17.7106719970703 664.793203437805
2018 114 22 15.1910987854004 634.658223918915
2018 115 23 13.568864440918 632.473971022606
2018 116 24 13.1981407165528 638.132633006096
2018 117 25 13.3000770568848 616.53011083126
2018 118 26 13.4410835266114 555.423834574699
2018 119 27 13.0079208374024 504.936414690018
2018 120 28 12.7321029663086 508.050458766937
2018 121 29 12.7860733032227 636.740192638397
2018 122 30 13.7390228271485 667.626995986938
2018 123 31 13.3062759399414 641.98512934494
2018 124 32 14.1221519470215 666.336888181686
2018 125 33 14.9589057922364 552.443247110367
2018 126 34 13.247144317627 588.490452446938
2018 127 35 14.7475982666016 659.975366600036
2018 128 36 15.4402442932129 685.514909751892
2018 129 37 15.6461769104004 656.34973128128
2018 130 38 14.5871482849121 703.829872983932
2018 131 39 15.2783523559571 656.594399217605
2018 132 40 20.3549209594727 724.587129793685
2018 133 41 14.8205810546875 642.874857401412
2018 134 42 13.5382629394531 642.069637523815
2018 135 43 13.8012634277344 562.844136351831
2018 136 44 13.7998138427735 552.643439766694
2018 137 45 13.8593574523926 610.066266444616
2018 138 46 13.9650131225586 661.866005319569
2018 139 47 13.766934967041 683.10819003969
2018 140 48 13.0317016601563 631.31732623253
2018 141 49 13.4832702636719 639.480564501859
2018 142 50 13.7962966918946 619.653043269418
2018 143 51 13.4964996337891 558.87151550518
2018 144 52 13.3573394775391 560.379592638045
2018 145 53 13.3532081604004 424.30958367081
2018 146 54 13.9277931213379 429.710211686559
2018 147 55 15.4724975585938 613.932120451346
2018 148 56 18.9797607421875 720.040650149077
2018 149 57 20.3586402893067 731.562582633555
2018 150 58 15.2781387329102 707.575616437822
2018 151 59 13.1108909606934 709.710959536463
2018 152 60 14.1281486511231 733.315347217649
2018 153 61 19.172868347168 748.396159308672
2018 154 62 20.9900756835938 746.621163264692
2018 155 63 18.4531379699707 748.471793278158
2018 156 64 15.1253524780274 748.10255473578
2018 157 65 14.099195098877 718.461397847771
2018 158 66 14.1118103027344 731.642665623009
2018 159 67 15.6333557128906 750.753950665146
2018 160 68 16.1707244873047 675.234130732506
2018 161 69 15.0997100830078 741.367358255207
2018 162 70 16.458325958252 751.051989105999
2018 163 71 19.3122268676758 756.247983442783
2018 164 72 18.747159576416 761.817650032401
2018 165 73 17.4445701599121 746.016136114299
2018 166 74 16.3979507446289 746.710126842499
2018 167 75 15.285173034668 694.03400863266
2018 168 76 15.0542198181153 699.35901616925
2018 169 77 17.0347724914551 698.473723819613
2018 170 78 16.0129638671875 690.715325765729
2018 171 79 15.4348655700684 740.958054592311
2018 172 80 15.4609123229981 763.930748850226
2018 173 81 18.3063369750977 775.59949556005
2018 174 82 21.8053298950196 764.891661056876
2018 175 83 20.8976531982422 687.992792547941
2018 176 84 17.4284416198731 640.695017696559
2018 177 85 17.1646133422852 747.946869907915
2018 178 86 16.7721878051758 699.803867575407
2018 179 87 16.2755523681641 736.660705146253
2018 180 88 17.7017761230469 746.598940656602
2018 181 89 20.9603096008301 753.120615742743
2018 182 90 19.8793655395508 706.338888713419
2018 183 91 17.3221641540528 665.558373508334
2018 184 92 16.7728096008301 740.708955528617
2018 185 93 17.0080963134766 689.438591166258
2018 186 94 17.2208610534668 706.774860980272
2018 187 95 20.7868324279785 632.656368681907
2018 188 96 21.6196609497071 703.393908844352
2018 189 97 19.8467002868653 739.921551824629
2018 190 98 19.8675819396973 750.469230555236
2018 191 99 21.5685935974121 744.25894024533
2018 192 100 19.0370231628418 700.088577951491
2018 193 101 19.1153923034668 673.543657342136
2018 194 102 19.913892364502 575.318077230453
2018 195 103 19.0027099609375 661.478975954056
2018 196 104 17.6471992492676 672.685067050576
2018 197 105 17.9306503295899 660.35347835952
2018 198 106 18.3938003540039 702.206115236431
2018 199 107 18.7837463378906 714.439825708687
2018 200 108 19.2274566650391 692.259019424409
2018 201 109 19.6029335021973 692.970783992737
2018 202 110 20.7204681396485 617.829102217465
2018 203 111 19.495004272461 608.8295480524
2018 204 112 19.0645309448242 672.533815429151
2018 205 113 18.5186820983887 683.9445219419
2018 206 114 19.6612411499024 709.332823741674
2018 207 115 19.2580505371094 701.062828303248
2018 208 116 17.4735122680664 710.605115542635
2018 209 117 17.4834342956543 717.140152494177
2018 210 118 17.4034172058106 706.370025867998
2018 211 119 17.1873565673828 624.426411399096
2018 212 120 17.6099754333496 672.088964353755
2018 213 121 17.3399482727051 685.479302676395
2018 214 122 17.0252624511719 707.735765910178
2018 215 123 17.7851005554199 710.60067527996
2018 216 124 20.4657379150391 704.501621660016
2018 217 125 18.7256484985352 706.4945814953
2018 218 126 18.7351585388184 700.226495904896
2018 219 127 18.3195701599121 694.754669445366
2018 220 128 17.0920387268067 683.392892867334
2018 221 129 18.8199325561524 683.375092499379
2018 222 130 20.5155693054199 690.955559404891
2018 223 131 20.8141227722168 677.080310308456
2018 224 132 19.8142372131348 664.415084937095
2018 225 133 18.2656112670899 638.3639414711
2018 226 134 16.6907211303711 629.462251443863
2018 227 135 16.9020286560059 604.985928868294
2018 228 136 17.7023941040039 617.562201309204
2018 229 137 18.6975303649903 649.658998980522
2018 230 138 19.9651733398438 666.941896935463
2018 231 139 18.8606658935547 677.258267579079
2018 232 140 17.6916442871094 663.18725648117
2018 233 141 15.9269577026367 579.103849799156
2018 234 142 16.903897857666 560.84225187397
2018 235 143 17.1089950561524 560.548643898964
2018 236 144 16.4746566772461 573.511932754516
2018 237 145 16.8143669128418 610.733552854538
2018 238 146 16.5447555541992 600.773092720032
2018 239 147 16.8366981506348 558.867066185951
2018 240 148 16.7870765686035 500.26536772728
2018 241 149 17.2514549255371 573.48079358387
2018 242 150 18.2773910522461 549.302542556762
2018 243 151 17.1627555847168 581.439379328728
2018 244 152 17.3430458068848 612.117067083359
2018 245 153 17.6864791870117 603.064131671905
2018 246 154 17.6757255554199 572.395324694633
2018 247 155 17.4904724121094 564.494573878288
2018 248 156 17.4594551086426 567.95116193676
2018 249 157 16.1047721862793 562.835249518394
2018 250 158 17.1844650268555 593.477350657463
2018 251 159 18.5860916137696 596.070882393837
2018 252 160 18.0563751220703 587.631857682228
2018 253 161 18.0034423828125 594.651785581589
2018 254 162 18.1088844299317 587.044646772384
2018 255 163 16.8143669128418 570.869456947327
2018 256 164 15.997876739502 549.831918538093
2018 257 165 15.6213623046875 513.958223027229
2018 258 166 16.3898902893067 530.155666205406
2018 259 167 15.4875923156739 558.600154976845
2018 260 168 15.9606567382813 514.914686276913
2018 261 169 15.4456230163574 505.136613217354
2018 262 170 15.4408622741699 544.724893953323
2018 263 171 18.7804389953614 549.422649778366
2018 264 172 20.0557342529297 542.580659492969
2018 265 173 17.2983909606934 532.162004672527
2018 266 174 17.0461441040039 531.174388643742
2018 267 175 17.0449005126953 514.21624489069
2018 268 176 17.3525596618653 518.135479616165
2018 269 177 16.9425559997559 497.996567008018
2018 270 178 17.5378166198731 495.47864385128
2018 271 179 15.7270179748535 418.228319964409
2018 272 180 16.3580528259278 448.007415687084
2018 273 181 17.6232124328614 400.2469912076
2018 274 182 18.0592552185059 359.155074152708
2018 275 183 19.3990608215332 385.673312486649
2018 276 184 19.5712982177735 388.173430743217
2018 277 185 18.2412124633789 278.550486705542
2018 278 186 15.5965476989746 422.223180154085
2018 279 187 16.8038192749024 443.229590481043
2018 280 188 19.2044998168946 469.734467579603
2018 281 189 20.061109161377 462.122876033306
2018 282 190 17.9163871765137 439.857536889076
2018 283 191 15.3424468994141 395.469170033693
2018 284 192 14.7651725769043 398.471992958546
2018 285 193 16.5873428344727 399.641980437756
2018 286 194 18.1241851806641 438.936660758972
2018 287 195 15.7400413513184 406.061342114091
2018 288 196 17.3263069152832 439.635101641178
2018 289 197 17.0014854431153 434.812786109447
2018 290 198 15.7160583496094 421.867300390005
2018 291 199 14.9744125366211 416.956008365035
2018 292 200 16.0270210266114 405.643173298359
2018 293 201 17.0748764038086 409.900491960049
2018 294 202 15.1228691101074 394.419291792154
2018 295 203 14.2708145141602 375.07224135828
2018 296 204 13.7390266418457 370.049742041707
2018 297 205 13.8151145935059 330.861831395507
2018 298 206 15.5899291992188 353.087151221752
2018 299 207 16.2980895996094 364.982757880628
2018 300 208 16.8515830993653 349.176809118032
2018 301 209 16.7759109497071 307.978117284953
2018 302 210 15.2750450134278 304.681696906447
2018 303 211 15.0341697692871 360.240539135814
2018 304 212 15.2047439575196 362.509333617866
2018 305 213 17.1453872680664 327.338518999875
2018 306 214 17.6575294494629 345.124110975742
2018 307 215 17.6352058410645 344.781569167763
2018 308 216 16.4835487365723 330.163398987085
2018 309 217 15.2613922119141 341.124808570325
2018 310 218 14.4717765808106 344.777119801283
2018 311 219 14.6901222229004 339.643416248709
2018 312 220 14.5065170288086 344.470170483813
2018 313 221 13.8862396240235 346.298546466887
2018 314 222 11.2849975585938 341.035838109538
2018 315 223 11.2829299926758 336.244656535029
2018 316 224 11.9129272460938 332.04516287902
2018 317 225 11.712777709961 251.160310626373
2018 318 226 10.9250274658203 278.812957045577
2018 319 227 10.3862129211426 311.181120840605
2018 320 228 10.1461654663086 309.366097851448
2018 321 229 11.2463394165039 303.160263381489
2018 322 230 9.79260406494143 285.815076414272
2018 323 231 10.5201965332031 257.819907178286
2018 324 232 11.1253791809082 268.928112692635
2018 325 233 13.3718238830567 127.279532705068
2018 326 234 13.4071823120117 188.577097478628
2018 327 235 13.9650169372559 161.040122089863
2018 328 236 15.00087890625 109.511732524931
2018 329 237 11.6693626403809 229.673467018604
2018 330 238 11.9945999145508 240.706052447557
2018 331 239 13.1567970275879 175.284615166545
2018 332 240 14.6698509216309 96.668561790347
2018 333 241 13.9377227783203 137.035358585715
2018 334 242 12.1492515563965 217.866826709628
2018 335 243 10.9202743530274 144.393381887674
2018 336 244 9.35717926025393 254.327731492281
2018 337 245 8.97342453002932 249.834623403549
2018 338 246 10.5354934692383 155.563873390198
2018 339 247 10.9771324157715 129.962051204026
2018 340 248 11.5841766357422 199.244889731049
2018 341 249 10.4664321899414 231.359500240803
2018 342 250 10.1174217224121 222.217578885794
2018 343 251 9.58977661132815 168.61612651658
2018 344 252 9.41381988525393 116.411545327425
2018 345 253 9.31126556396487 221.968455566287
2018 346 254 11.3997512817383 215.246589765072
2018 347 255 10.2086120605469 252.361444222212
2018 348 256 11.3987174987793 174.728539521217
2018 349 257 12.4546371459961 146.533166131019
2018 350 258 12.9258361816406 156.039871842265
2018 351 259 12.3909507751465 155.461554341704
2018 352 260 11.0734764099121 208.337877473593
2018 353 261 12.2408500671387 162.832923979044
2018 354 262 10.3884902954102 146.862369541883
2018 355 263 11.662126159668 134.0414337008
2018 356 264 10.6769233703614 190.974903333425
2018 357 265 10.5288787841797 192.340627782583
2018 358 266 11.7227073669434 118.079780831695
2018 359 267 11.0724426269531 170.933858895242
2018 360 268 10.0173545837403 248.544525678634
2018 361 269 10.2536827087403 254.745907490253
2018 362 270 10.0667701721192 257.228241763353
2018 363 271 7.98263320922854 249.162887099504
2018 364 272 8.26031265258791 248.259810829401
2018 365 273 9.55731735229494 263.180496349335
2019 1 274 7.96328887939455 268.679262002945
2019 2 275 6.72052536010744 261.533271418571
2019 3 276 6.68923721313479 261.867820180416
2019 4 277 7.17073974609377 238.819570957661
2019 5 278 10.086629486084 148.013804411888
2019 6 279 9.47356948852541 72.6642415690422
2019 7 280 11.915372467041 107.033669227839
2019 8 281 12.4794937133789 117.360111640692
2019 9 282 13.9464584350586 104.009335870743
2019 10 283 10.6643844604492 164.393362999916
2019 11 284 11.0257698059082 199.043816104412
2019 12 285 12.3471389770508 181.789954057693
2019 13 286 11.0205513000489 248.940812475681
2019 14 287 11.3121391296387 146.180465705395
2019 15 288 10.6704078674317 63.2076312291622
2019 16 289 12.6764312744141 58.0778643949032
2019 17 290 13.7623573303223 94.4144424211681
2019 18 291 12.4730812072754 207.278197363853
2019 19 292 13.531137084961 212.336593392372
2019 20 293 14.0770164489746 169.982574481964
2019 21 294 10.0252586364746 237.677635545731
2019 22 295 9.91736755371096 282.846333677292
2019 23 296 8.91044006347659 301.951369571686
2019 24 297 10.2707267761231 303.280640496254
2019 25 298 10.6772247314453 293.413655331612
2019 26 299 11.2501693725586 288.332960588455
2019 27 300 11.8148971557617 275.486229667664
2019 28 301 12.4881187438965 262.144389864922
2019 29 302 12.6497550964356 204.209265821457
2019 30 303 11.4262481689453 271.404732757091
2019 31 304 12.6287017822266 229.095313796043
2019 32 305 12.4442039489746 173.270084031105
2019 33 306 12.2615028381348 186.683307744026
2019 34 307 11.7110153198242 227.815106898308
2019 35 308 10.0017944335938 216.159388016701
2019 36 309 6.0268493652344 276.538945524216
2019 37 310 6.35172424316409 338.506524124146
2019 38 311 7.55819091796877 296.558425285339
2019 39 312 8.69947586059573 264.254275071144
2019 40 313 8.16201934814455 215.244953726292
2019 41 314 8.00600585937502 293.841877141953
2019 42 315 7.04941329956057 347.668732410431
2019 43 316 6.86150512695315 244.591672523499
2019 44 317 10.3954635620117 79.5515099585056
2019 45 318 14.2779556274414 149.276167096138
2019 46 319 9.78540954589846 235.790776799202
2019 47 320 8.28716049194338 328.162242033958
2019 48 321 7.97471771240237 354.199133918762
2019 49 322 7.1043640136719 388.358909069827
2019 50 323 7.61935958862307 420.270516052635
2019 51 324 9.5311218261719 354.752259523781
2019 52 325 8.32045516967776 395.808224763507
2019 53 326 8.13996658325198 427.925011198774
2019 54 327 7.5800491333008 423.861351406075
2019 55 328 9.64422760009768 368.642763295401
2019 56 329 10.6631828308106 326.78835247203
2019 57 330 12.1520095825196 180.027997745391
2019 58 331 12.9070526123047 186.04097300851
2019 59 332 10.6505485534668 304.989080213949
2019 60 333 9.95887908935549 354.707653209239
2019 61 334 12.0852333068848 183.658979749985
2019 62 335 12.8521018981934 168.046648952261
2019 63 336 11.2613998413086 303.338626157314
2019 64 337 11.0877281188965 181.384039278269
2019 65 338 13.0819221496582 175.933103629172
2019 66 339 10.8350463867188 276.909193895906
2019 67 340 8.89901504516604 366.01990604192
2019 68 341 8.37158355712893 310.172366410971
2019 69 342 9.26861343383791 334.505289696038
2019 70 343 9.15089569091799 427.974072563767
2019 71 344 11.3225646972656 484.9590813241
2019 72 345 10.1870933532715 494.411230610609
2019 73 346 10.7141204833985 531.916512416601
2019 74 347 11.2389389038086 522.531271622419
2019 75 348 12.5643249511719 513.663464885712
2019 76 349 13.3993850708008 522.26809769845
2019 77 350 14.9634109497071 508.787965997219
2019 78 351 14.1217323303223 471.434334805012
2019 79 352 13.5505882263184 321.854860307097
2019 80 353 11.0209480285645 484.758368447542
2019 81 354 11.3853355407715 299.881612677097
2019 82 355 12.8370529174805 337.556384774208
2019 83 356 11.091943359375 510.063704785347
2019 84 357 12.8960205078125 368.495570092678
2019 85 358 13.1009689331055 360.890141916752
2019 86 359 14.2791572570801 387.471248543739
2019 87 360 12.3000122070313 453.234830498934
2019 88 361 11.5233131408692 512.240512848377
2019 89 362 12.0880332946778 566.834606294632
2019 90 363 13.5868888854981 589.949761237621
2019 91 364 14.9551864624024 455.210910564899
2019 92 365 13.3309951782227 340.964347048521
2019 93 366 13.2088638305664 355.925411628485
2019 94 367 13.1023803710938 275.107078688383
2019 95 368 13.0327926635742 248.887292939663
2019 96 369 14.3932662963867 312.68372247982
2019 97 370 15.489633178711 468.802549699783
2019 98 371 16.4776969909668 444.714964756489
2019 99 372 14.9222923278809 504.840273470879
2019 100 373 13.3494468688965 638.865412054062
2019 101 374 13.698388671875 535.56087019825
2019 102 375 12.7781005859375 549.107929544449
2019 103 376 14.6064392089844 633.981011723518
2019 104 377 13.8106895446778 613.582366114616
2019 105 378 12.1614356994629 586.051143826485
2019 106 379 12.1215263366699 465.738087275028
2019 107 380 13.3370109558106 599.366235453606
2019 108 381 15.7746025085449 647.72876554966
2019 109 382 17.1158271789551 608.67565497303
2019 110 383 13.8903060913086 547.756325128079
2019 111 384 12.462247467041 652.809470373154
2019 112 385 15.1236396789551 671.508574099541
2019 113 386 18.654988861084 669.773379071235
2019 114 387 20.6255126953125 658.073051671982
2019 115 388 18.1261611938477 651.970866933823
2019 116 389 15.2798629760742 668.287973798752
2019 117 390 15.3799377441406 618.49356804657
2019 118 391 13.5844856262207 591.247822933197
2019 119 392 13.8132987976074 622.820407772064
2019 120 393 14.0318923950196 643.718608699799
2019 121 394 13.5620170593262 687.174433702469
2019 122 395 15.442098236084 711.088062765121
2019 123 396 15.1364761352539 688.204843788147
2019 124 397 14.012036895752 681.268527248383
2019 125 398 12.7764945983887 667.502902999878
2019 126 399 13.1136032104492 567.628606256485
2019 127 400 13.7571464538574 577.3573073349
2019 128 401 14.0318885803223 655.329736200332
2019 129 402 13.993783569336 570.559249680519
2019 130 403 14.9658180236817 622.320813139915
2019 131 404 15.3476463317871 665.299339200973
2019 132 405 14.714933013916 666.03088542366
2019 133 406 14.4975486755371 671.232012091449
2019 134 407 14.2368484497071 577.464371956261
2019 135 408 14.5013633728028 269.161008505633
2019 136 409 13.4414916992188 483.950986701777
2019 137 410 12.7518287658692 491.34676157457
2019 138 411 12.0443168640137 398.676428015485
2019 139 412 11.7260566711426 375.106282270243
2019 140 413 12.2871757507324 542.042219386328
2019 141 414 13.2652145385742 482.80013356372
2019 142 415 13.8798767089844 556.329733410187
2019 143 416 15.9959999084473 652.25634286429
2019 144 417 15.8229309082031 637.777016606584
2019 145 418 14.3906646728516 634.413677513659
2019 146 419 13.2367416381836 574.783514836714
2019 147 420 12.827035522461 545.120081867576
2019 148 421 14.1995445251465 544.990728771388
2019 149 422 15.5130935668946 685.269716692984
2019 150 423 14.7628684997559 674.278626989201
2019 151 424 15.0450302124024 678.667934345826
2019 152 425 16.8430877685547 685.706874565035
2019 153 426 16.3044334411621 627.374761833772
2019 154 427 15.8903137207031 654.874768513948
2019 155 428 17.9522872924805 719.563320336431
2019 156 429 20.2707496643067 740.189428793073
2019 157 430 16.7530494689942 729.724717729509
2019 158 431 14.7255645751953 760.173221292764
2019 159 432 18.9927001953125 778.702832837969
2019 160 433 22.7861534118653 753.798927104443
2019 161 434 26.194165802002 700.195133986354
2019 162 435 27.0552993774414 739.694294552773
2019 163 436 26.1199661254883 731.06291702953
2019 164 437 18.7719055175781 693.651322100997
2019 165 438 15.8939186096192 677.365426922143
2019 166 439 14.865739440918 655.757962483823
2019 167 440 14.7369934082031 615.785937032759
2019 168 441 16.5671440124512 709.758773947954
2019 169 442 18.9626213073731 735.90719235605
2019 170 443 17.9968086242676 690.992751081884
2019 171 444 17.14931640625 731.214572399974
2019 172 445 16.4879280090332 758.808265752852
2019 173 446 18.984880065918 761.805824599445
2019 174 447 20.7039237976074 759.258783379733
2019 175 448 19.5223327636719 727.110759071171
2019 176 449 18.19033203125 722.212964681148
2019 177 450 16.9618049621582 726.802998365283
2019 178 451 16.1899276733399 752.335836076617
2019 179 452 16.4871307373047 623.382455387354
2019 180 453 16.6375366210938 730.911263045132
2019 181 454 17.3414360046387 730.893419713676
2019 182 455 16.7079292297364 748.807437520683
2019 183 456 16.7893463134766 753.883677069664
2019 184 457 16.3816390991211 745.872320505857
2019 185 458 16.6716247558594 732.998837755322
2019 186 459 17.2273307800293 728.703217276156
2019 187 460 17.6318260192871 751.4035479334
2019 188 461 16.6876731872559 666.169153129339
2019 189 462 16.0294929504395 680.29161779809
2019 190 463 15.677335357666 651.667536914289
2019 191 464 18.127156829834 675.44734458214
2019 192 465 18.4797187805176 697.121720536888
2019 193 466 17.5736633300781 694.373943885863
2019 194 467 18.0048309326172 739.234863418937
2019 195 468 18.3345237731934 738.913680995643
2019 196 469 19.6957984924317 736.210522438586
2019 197 470 18.9578071594239 700.10144219473
2019 198 471 18.2633262634278 680.693095968962
2019 199 472 19.248193359375 689.409207360387
2019 200 473 18.2410713195801 657.270126547784
2019 201 474 18.0816398620606 669.331758381754
2019 202 475 18.016259765625 677.691059971958
2019 203 476 19.4226661682129 696.167129394889
2019 204 477 19.628018951416 700.895441400558
2019 205 478 19.8263526916504 711.123747474968
2019 206 479 21.9406753540039 658.505725368887
2019 207 480 19.3851600646973 654.147670791462
2019 208 481 18.9503837585449 705.596980140015
2019 209 482 22.1997695922852 719.184153055355
2019 210 483 19.147721862793 719.987074320674
2019 211 484 17.1154266357422 702.822444240749
2019 212 485 17.4507347106934 675.603467762932
2019 213 486 17.8843055725098 652.590890035331
2019 214 487 18.0447364807129 647.670774486169
2019 215 488 19.1204467773438 684.190231854364
2019 216 489 19.5686584472656 655.557229328461
2019 217 490 18.6022468566895 601.065733600844
2019 218 491 19.0675025939942 598.813113374736
2019 219 492 18.2595191955567 660.294459605619
2019 220 493 17.4894386291504 679.644834670657
2019 221 494 18.056169128418 634.601022500239
2019 222 495 19.8520217895508 586.060063025286
2019 223 496 18.7957664489746 609.358129104614
2019 224 497 20.6750465393067 677.378799182892
2019 225 498 21.0003219604492 679.970454968452
2019 226 499 22.8928466796875 679.417341808319
2019 227 500 24.3812690734864 676.919359575272
2019 228 501 23.5044990539551 676.33502357769
2019 229 502 19.4090286254883 651.346356759071
2019 230 503 18.0136581420899 598.51423121357
2019 231 504 17.7912536621094 562.249031521797
2019 232 505 17.7359062194824 606.003690146446
2019 233 506 18.682462310791 627.669171085358
2019 234 507 21.6986137390137 617.436381560326
2019 235 508 20.5841957092285 603.470044687271
2019 236 509 19.5919204711914 588.705232182503
2019 237 510 20.3070465087891 626.170366020203
2019 238 511 20.6307312011719 626.875151970863
2019 239 512 20.5707641601563 593.304187595367
2019 240 513 19.7124420166016 537.45219957447
2019 241 514 19.5965324401856 540.467606036663
2019 242 515 19.095174407959 612.645629581451
2019 243 516 19.5353713989258 595.788788180351
2019 244 517 21.9932151794434 611.940836574554
2019 245 518 21.233960723877 599.018313611984
2019 246 519 18.7857376098633 593.103458842277
2019 247 520 19.2624336242676 531.23848295784
2019 248 521 18.6820579528809 537.96964245224
2019 249 522 18.1929374694824 552.248211731911
2019 250 523 17.5179153442383 513.850806950569
2019 251 524 17.6149841308594 570.831357807636
2019 252 525 18.2304435729981 580.707263566971
2019 253 526 17.753751373291 570.073038208485
2019 254 527 18.2023597717285 557.45828155899
2019 255 528 21.2225204467774 571.638729337216
2019 256 529 23.9286476135254 574.685372245312
2019 257 530 22.9892974853516 571.165907073498
2019 258 531 18.9529968261719 528.896633560658
2019 259 532 18.5781799316406 388.715762226343
2019 260 533 17.0167594909668 533.2859234972
2019 261 534 18.0030227661133 386.668321434975
2019 262 535 17.2550064086914 439.112364570141
2019 263 536 18.5527130126953 533.094136003494
2019 264 537 20.606462097168 534.708882086754
2019 265 538 19.9015556335449 512.445710719109
2019 266 539 18.8479095458985 506.860951218128
2019 267 540 22.6660285949707 519.770127813816
2019 268 541 24.4510551452637 490.360957797527
2019 269 542 23.3270202636719 499.857714845657
2019 270 543 19.100186920166 381.034507735491
2019 271 544 15.0263725280762 479.762404737473
2019 272 545 13.6223846435547 510.407173637867
2019 273 546 13.8943153381348 467.620490260363
2019 274 547 13.1966339111328 491.837435419083
2019 275 548 14.6060424804688 497.386500948906
2019 276 549 14.9024406433106 487.318788291216
2019 277 550 14.3892532348633 489.201171115875
2019 278 551 15.7978645324707 480.364603849173
2019 279 552 18.7071281433106 470.84554077816
2019 280 553 20.1568466186524 452.057213212252
2019 281 554 19.4186492919922 461.174816004991
2019 282 555 16.356576538086 436.33781870079
2019 283 556 16.4610649108887 475.283896253586
2019 284 557 16.2143913269043 453.283907126188
2019 285 558 16.4833160400391 453.761183135033
2019 286 559 16.233243560791 446.784710310698
2019 287 560 14.3010154724121 437.725111040115
2019 288 561 13.8345581054688 431.471247211218
2019 289 562 13.7926422119141 353.962731859207
2019 290 563 15.5233169555664 347.521525776446
2019 291 564 14.4883247375489 408.918121360898
2019 292 565 13.9193893432617 396.307816692472
2019 293 566 14.8970314025879 353.989491249204
2019 294 567 16.7959648132324 396.633450151801
2019 295 568 19.1376930236817 402.013008127928
2019 296 569 19.6583000183106 390.919335097551
2019 297 570 21.7944732666016 390.379594387174
2019 298 571 21.7256866455078 391.798095703483
2019 299 572 19.1380935668946 388.590862812281
2019 300 573 15.6434494018555 396.174009158134
2019 301 574 14.7450157165528 393.444082768798
2019 302 575 12.6495529174805 378.799714483917
2019 303 576 13.7599540710449 379.812276764989
2019 304 577 13.2072616577149 377.47935130161
2019 305 578 12.5482803344727 376.819162780225
2019 306 579 13.3311935424805 369.624121525466
2019 307 580 13.9595008850098 360.684947763145
2019 308 581 14.7049156188965 347.802541456819
2019 309 582 14.0595642089844 342.632628071815
2019 310 583 13.5391593933106 324.187785644472
2019 311 584 13.1625381469727 329.023143935919
2019 312 585 12.921891784668 313.236840506867
2019 313 586 12.8484893798828 318.750229406863
2019 314 587 12.8625350952149 317.751047939077
2019 315 588 14.019059753418 312.175203646109
2019 316 589 15.6819511413574 275.343491970189
2019 317 590 13.9480644226074 239.497590154953
2019 318 591 13.6141639709473 223.854032235637
2019 319 592 13.5870872497559 223.769277167246
2019 320 593 13.7238555908203 276.913653767988
2019 321 594 14.3780265808106 294.702786661262
2019 322 595 14.9708267211914 295.371880560361
2019 323 596 14.7670761108399 280.870257991942
2019 324 597 13.0428215026856 286.066936866334
2019 325 598 12.6643920898438 288.930685910514
2019 326 599 11.2156768798828 259.570577536821
2019 327 600 11.9255958557129 278.702376223326
2019 328 601 12.2103630065918 282.476099512577
2019 329 602 11.4876037597656 288.051933378696
2019 330 603 9.74088821411135 248.704402351856
2019 331 604 8.21898422241213 163.505693769693
2019 332 605 6.25707778930666 191.255489150405
2019 333 606 6.5855651855469 247.500020256996
2019 334 607 7.15950927734377 125.268872797251
2019 335 608 10.8739486694336 31.9116003242731
2019 336 609 12.5224090576172 42.4789166864157
2019 337 610 12.5538917541504 142.040972769916
2019 338 611 12.1780830383301 107.983788543105
2019 339 612 12.2727294921875 132.169517542601
2019 340 613 13.621167755127 162.073816790521
2019 341 614 15.0346008300781 173.064892460585
2019 342 615 13.4198394775391 150.449325975537
2019 343 616 11.175366973877 152.06408528924
2019 344 617 11.1023727416992 179.889721853375
2019 345 618 12.1802879333496 109.928640353441
2019 346 619 14.3587776184082 73.6723516800404
2019 347 620 14.0818229675293 87.9241756821871
2019 348 621 12.3862434387207 167.903908175558
2019 349 622 9.46012268066409 247.000427892923
2019 350 623 8.7159248352051 235.964740240097
2019 351 624 8.78350601196291 201.345510981083
2019 352 625 10.6094413757324 164.036514767408
2019 353 626 11.1394668579102 184.79644937551
2019 354 627 10.778897857666 187.99028335607
2019 355 628 10.6062255859375 177.690604365349
2019 356 629 11.8024574279785 124.287518296123
2019 357 630 7.77156600952151 154.156136614323
2019 358 631 7.6530471801758 201.082338821173
2019 359 632 8.66097412109377 171.231564086437
2019 360 633 9.36107025146487 201.72467380476
2019 361 634 7.87585220336916 256.706839581013
2019 362 635 7.83293304443362 249.181686172962
2019 363 636 9.61214599609377 181.09855076313
2019 364 637 9.76575622558596 190.118019580007
2019 365 638 8.97221145629885 240.122084130287
2020 1 639 9.96900711059573 207.6520411032
2020 2 640 10.8246780395508 226.264345815257
2020 3 641 9.90369949340823 240.54209984763
2020 4 642 10.8231712341309 183.925577699498
2020 5 643 9.04523239135744 234.523614672021
2020 6 644 9.32257995605471 250.961965820626
2020 7 645 8.02864990234377 246.939251894311
2020 8 646 9.3616767883301 205.037042784051
2020 9 647 9.81562194824221 158.662193080381
2020 10 648 8.00459060668948 220.138949839906
2020 11 649 9.75611267089846 243.259555725411
2020 12 650 8.00609359741213 191.636897301034
2020 13 651 8.92707595825198 239.842692765073
2020 14 652 9.88499984741213 230.429616126851
2020 15 653 7.09435043334963 222.526741887406
2020 16 654 8.93953475952151 124.395583982304
2020 17 655 6.61549148559573 191.565618730382
2020 18 656 7.22410736083987 234.260785999612
2020 19 657 7.87762985229494 220.08994276698
2020 20 658 8.07742080688479 140.490907797173
2020 21 659 10.3651596069336 150.941958050326
2020 22 660 11.8887344360352 171.732681411341
2020 23 661 10.7428260803223 189.17337369378
2020 24 662 10.8446556091309 211.091170521096
2020 25 663 12.5738311767578 220.584430700139
2020 26 664 13.7811866760254 144.892286578492
2020 27 665 10.7181259155274 271.636870135621
2020 28 666 11.5331855773926 199.045299231843
2020 29 667 10.582349395752 228.790243275002
2020 30 668 11.0908561706543 209.010762237862
2020 31 669 11.4670234680176 236.39019177945
2020 32 670 11.5145011901856 271.890799886063
2020 33 671 11.608171081543 306.56278811963
2020 34 672 7.51434860229494 351.766033583955
2020 35 673 7.83401641845705 356.973744612054
2020 36 674 7.86366043090823 343.493390891389
2020 37 675 9.58467254638674 325.375577892617
2020 38 676 10.3256278991699 341.546629739121
2020 39 677 10.2929664611817 356.586167730645
2020 40 678 10.9516387939453 372.83296121724
2020 41 679 12.2047515869141 378.343583363847
2020 42 680 13.1547332763672 379.443944943742
2020 43 681 12.5862899780274 377.341242986039
2020 44 682 10.4203620910645 351.543292397813
2020 45 683 9.9950004577637 320.595531232194
2020 46 684 10.5013557434082 335.844438842133
2020 47 685 11.3323188781739 365.050355988816
2020 48 686 11.4330802917481 384.388802098588
2020 49 687 12.4698539733887 411.26929155843
2020 50 688 10.5101600646973 412.699290255711
2020 51 689 10.9686141967774 392.037771622392
2020 52 690 12.9815803527832 399.33033199377
2020 53 691 14.901742553711 394.487919966452
2020 54 692 10.6059814453125 406.177420075171
2020 55 693 11.2356506347656 423.671561587211
2020 56 694 13.6144691467285 436.314386771161
2020 57 695 14.288404083252 438.60864403617
2020 58 696 14.9294563293457 438.087430104133
2020 59 697 15.733773803711 396.657425679412
2020 60 698 13.0125175476074 399.178871236843
2020 61 699 9.81411514282229 281.762717030403
2020 62 700 12.5779129028321 383.301824892905
2020 63 701 15.0583549499512 469.217823485908
2020 64 702 14.4394241333008 470.050873352286
2020 65 703 14.0643287658692 405.112717378196
2020 66 704 12.4990707397461 338.922736736205
2020 67 705 10.5314384460449 249.549780104842
2020 68 706 9.30066833496096 283.125892540213
2020 69 707 11.5467239379883 351.761578123328
2020 70 708 13.9347854614258 437.606298366186
2020 71 709 15.1180740356446 443.076833656546
2020 72 710 13.6058822631836 480.827143392917
2020 73 711 13.0668655395508 468.968340613362
2020 74 712 11.2431655883789 336.45475897431
2020 75 713 10.0394721984864 253.216118597981
2020 76 714 7.93756256103518 293.666039305624
2020 77 715 7.78374252319338 408.453831957218
2020 78 716 8.7077346801758 354.104831963536
2020 79 717 10.0444084167481 368.240024318453
2020 80 718 10.5166069030762 473.490007054326
2020 81 719 11.6623016357422 474.305240995165
2020 82 720 12.5297866821289 441.032064154622
2020 83 721 11.7972198486328 441.704748766419
2020 84 722 10.5110221862793 360.947445717808
2020 85 723 9.10216293334963 479.713418183562
2020 86 724 8.22479400634768 529.56750734615
2020 87 725 9.51441726684573 545.2084448266
2020 88 726 10.7417503356934 357.102924690005
2020 89 727 11.7241722106934 372.730490854737
2020 90 728 12.3557792663574 467.471516838547
2020 91 729 12.6818939208985 495.011329590317
2020 92 730 11.9536186218262 561.98981070852
2020 93 731 10.7845054626465 619.443844091412
2020 94 732 10.9535766601563 612.271568522927
2020 95 733 10.4250961303711 414.196127603051
2020 96 734 11.794637298584 239.762504988667
2020 97 735 8.69290695190432 269.993035018918
2020 98 736 8.83319625854494 480.025263253209
2020 99 737 12.0094696044922 524.243966687676
2020 100 738 12.3416000366211 370.298157071826
2020 101 739 13.5874076843262 449.367069359299
2020 102 740 12.4103446960449 481.740365144726
2020 103 741 12.4397789001465 490.182290473458
2020 104 742 12.8767410278321 562.003184292313
2020 105 743 14.9316078186035 662.384025052544
2020 106 744 15.9584976196289 657.924729691979
2020 107 745 14.3057991027832 575.621612428185
2020 108 746 12.8299156188965 459.283536380765
2020 109 747 13.0391555786133 432.857432079789
2020 110 748 13.0065017700196 540.245751522538
2020 111 749 13.1590286254883 525.23741419172
2020 112 750 12.5905891418457 556.292072296616
2020 113 751 14.1313529968262 659.020625682351
2020 114 752 16.439714050293 618.459331294533
2020 115 753 17.4264312744141 662.695861301896
2020 116 754 18.2294746398926 643.450971812722
2020 117 755 16.3067337036133 632.238144656655
2020 118 756 15.4261451721192 661.622266042229
2020 119 757 17.3989387512207 647.473690779206
2020 120 758 15.7494636535645 559.686656198975
2020 121 759 14.9223609924317 579.742343524453
2020 122 760 14.6065612792969 688.378003932473
2020 123 761 15.2987495422364 546.233049645897
2020 124 762 14.9859558105469 658.241034554955
2020 125 763 14.1835571289063 724.586937196251
2020 126 764 15.3750129699707 695.055810216424
2020 127 765 15.8487144470215 701.510883378502
2020 128 766 18.783952331543 726.346589139458
2020 129 767 19.3867622375489 696.499185521599
2020 130 768 17.2917343139649 682.096685548302
2020 131 769 14.6778846740723 651.135563903328
2020 132 770 15.2624488830567 653.113502531525
2020 133 771 15.1868225097656 516.786580701199
2020 134 772 14.1902175903321 525.339868727558
2020 135 773 15.2287117004395 399.566437320603
2020 136 774 15.8914695739746 579.777980879678
2020 137 775 15.9748207092285 661.64006859294
2020 138 776 17.4792839050293 531.024246829424
2020 139 777 15.6072441101074 591.681294356261
2020 140 778 14.1895767211914 660.406090123091
2020 141 779 14.5766998291016 644.480023747482
2020 142 780 15.8583808898926 723.878593903661
2020 143 781 15.3838211059571 730.106459620677
2020 144 782 16.4229598999024 752.754857812293
2020 145 783 16.9720664978028 741.983070954524
2020 146 784 20.8431030273438 732.552195464336
2020 147 785 22.4199653625489 726.172841088333
2020 148 786 23.5160385131836 733.149125504859
2020 149 787 19.5814033508301 710.41163930627
2020 150 788 17.138990020752 620.446183304988
2020 151 789 17.6487823486328 618.396966940917
2020 152 790 16.4233871459961 569.496214705833
2020 153 791 16.3215614318848 563.23271971295
2020 154 792 19.1667762756348 706.709659558989
2020 155 793 23.1445938110352 733.322865508773
2020 156 794 21.8637672424317 746.718556837149
2020 157 795 17.3991485595703 723.428681577422
2020 158 796 14.7548004150391 726.163952278205
2020 159 797 14.7098976135254 762.252574697562
2020 160 798 16.0119873046875 769.95498816339
2020 161 799 18.142465209961 765.397689052321
2020 162 800 20.2654281616211 744.923257449843
2020 163 801 19.4138389587403 707.720919019439
2020 164 802 17.0130935668946 700.918367928602
2020 165 803 15.199063873291 691.166724632003
2020 166 804 16.7119117736817 689.282333930113
2020 167 805 17.6481376647949 659.867050189116
2020 168 806 16.1232658386231 689.629815260984
2020 169 807 17.9293533325196 772.467513614394
2020 170 808 20.6347175598145 775.732919377424
2020 171 809 19.4535804748535 728.471537127592
2020 172 810 17.0425277709961 700.615445721723
2020 173 811 17.6878868103028 733.376326263823
2020 174 812 17.564786529541 661.167861926772
2020 175 813 18.1100173950196 624.508996199705
2020 176 814 17.55361328125 666.03251859323
2020 177 815 17.753621673584 718.238786915876
2020 178 816 18.0238777160645 635.374346057035
2020 179 817 18.1422554016114 638.430382453658
2020 180 818 16.0547348022461 738.722115424253
2020 181 819 16.8451057434082 752.772688637831
2020 182 820 19.0511985778809 758.118485169508
2020 183 821 17.6661849975586 741.341573095717
2020 184 822 16.4066329956055 705.288565201856
2020 185 823 16.1709648132324 707.921386691787
2020 186 824 17.7044235229492 757.668543255903
2020 187 825 20.3206344604492 765.103677926816
2020 188 826 18.0060516357422 763.170277253904
2020 189 827 16.3376670837403 764.123619064071
2020 190 828 17.9873596191406 747.44913941107
2020 191 829 18.163949584961 742.593382359602
2020 192 830 19.3431564331055 732.222540218093
2020 193 831 19.4808670043946 736.476893622495
2020 194 832 20.3225685119629 756.430091132261
2020 195 833 19.0460411071778 726.627243929305
2020 196 834 16.6448722839356 694.899884895064
2020 197 835 17.2603660583496 675.387696796812
2020 198 836 17.5944343566895 673.766136720397
2020 199 837 17.4388938903809 638.399196598448
2020 200 838 18.1276374816895 646.42234958274
2020 201 839 18.2174430847168 626.299858190932
2020 202 840 16.8609901428223 622.704772658088
2020 203 841 16.082234954834 561.829431894042
2020 204 842 16.477742767334 580.557586491652
2020 205 843 16.9589630126953 639.223328673728
2020 206 844 17.2073112487793 697.817818021514
2020 207 845 17.0249114990235 639.775727137931
2020 208 846 18.4219604492188 641.611120721229
2020 209 847 18.1029335021973 648.21765330144
2020 210 848 17.4749885559082 656.022532720931
2020 211 849 17.4358917236328 630.727956214153
2020 212 850 17.2532707214356 627.61402402898
2020 213 851 17.0521980285645 671.975292495765
2020 214 852 17.7349334716797 690.752427445531
2020 215 853 18.2558990478516 700.89163347169
2020 216 854 19.6011672973633 702.833968009115
2020 217 855 18.1822105407715 688.132991588548
2020 218 856 16.7185684204102 645.852121990119
2020 219 857 16.7505737304688 603.927655494605
2020 220 858 18.1059471130371 645.393281825913
2020 221 859 19.4219985961914 653.732746067895
2020 222 860 19.937589263916 646.088228022449
2020 223 861 19.6179214477539 637.276560784665
2020 224 862 18.137525177002 589.008409528252
2020 225 863 18.3405395507813 603.250521251198
2020 226 864 20.7994934082031 663.145802207467
2020 227 865 25.9799324035645 598.528390161988
2020 228 866 27.1458145141602 639.472817010399
2020 229 867 26.4426742553711 526.662949315545
2020 230 868 25.0806480407715 554.291853098389
2020 231 869 23.7282920837403 601.486396662232
2020 232 870 24.1113296508789 641.914063071724
2020 233 871 20.708627319336 660.094244126793
2020 234 872 19.2851539611817 628.255523256775
2020 235 873 20.3853050231934 608.150841458794
2020 236 874 20.7472930908203 568.988373332497
2020 237 875 21.2066017150879 603.085688580033
2020 238 876 19.4610992431641 576.28984102678
2020 239 877 18.137525177002 601.161194893357
2020 240 878 16.1273551940918 608.003833848473
2020 241 879 17.7252670288086 605.215103432175
2020 242 880 17.8255935668946 595.205074245927
2020 243 881 17.4580093383789 574.913288279053
2020 244 882 17.670915222168 586.593879385468
2020 245 883 17.1699272155762 528.017221493241
2020 246 884 16.9971977233887 518.256674108502
2020 247 885 16.8588500976563 555.049165167805
2020 248 886 17.065518951416 572.039918812749
2020 249 887 20.8218360900879 591.039816282746
2020 250 888 27.1165977478028 583.355212095734
2020 251 889 28.9213920593262 582.254864628312
2020 252 890 24.0737319946289 583.457673686501
2020 253 891 19.0277801513672 510.015226532456
2020 254 892 16.2919097900391 555.989151097771
2020 255 893 15.7359329223633 572.601233335492
2020 256 894 17.5185943603516 570.266893789765
2020 257 895 17.5583435058594 547.449232791897
2020 258 896 16.2661262512207 514.278513257977
2020 259 897 17.3254638671875 544.330829473015
2020 260 898 18.7742782592774 470.180069762227
2020 261 899 19.5085731506348 442.568965839383
2020 262 900 19.2007194519043 388.10414919376
2020 263 901 18.7760025024414 447.433680782792
2020 264 902 20.0563980102539 519.566406818863
2020 265 903 19.7741104125977 521.735909157273
2020 266 904 18.7527976989746 515.111543782708
2020 267 905 18.6052108764649 512.247105999466
2020 268 906 20.070142364502 442.84072543883
2020 269 907 18.3313041687012 484.854301362034
2020 270 908 19.261304473877 496.374519338605
2020 271 909 21.9872909545899 496.583896517273
2020 272 910 25.7893730163574 497.296652990815
2020 273 911 21.358056640625 477.517170441624
2020 274 912 20.2692924499512 480.247995871064
2020 275 913 23.7706085205078 485.183960152146
2020 276 914 23.7218452453614 485.313149001833
2020 277 915 21.6957756042481 485.255242250916
2020 278 916 20.5726295471192 480.938484122988
2020 279 917 19.4372535705567 475.48577351546
2020 280 918 18.464501953125 445.045873866793
2020 281 919 16.870450592041 417.715438041684
2020 282 920 15.7913528442383 341.012054494258
2020 283 921 15.7138076782227 395.418985431668
2020 284 922 17.2352348327637 348.914937553999
2020 285 923 17.5961547851563 358.488380391833
2020 286 924 19.139493560791 434.853202825066
2020 287 925 19.944467163086 435.356610092875
2020 288 926 21.9318672180176 424.517976154086
2020 289 927 23.9628845214844 423.96558298206
2020 290 928 24.6456085205078 421.194673216459
2020 291 929 23.3931518554688 420.731378635761
2020 292 930 21.3548370361328 414.156037974712
2020 293 931 18.6881385803223 399.637715175268
2020 294 932 18.1733985900879 397.245476438877
2020 295 933 19.2277885437012 397.739952527639
2020 296 934 18.2825332641602 393.026742537138
2020 297 935 15.93056640625 382.691516622182
2020 298 936 14.6624160766602 361.005371621367
2020 299 937 14.8476005554199 333.826392300543
2020 300 938 16.303727722168 385.524791041967
2020 301 939 16.0663352966309 382.740520482
2020 302 940 15.6768508911133 379.100921186682
2020 303 941 15.3073440551758 377.408065277037
2020 304 942 14.2407089233399 365.063724391994
2020 305 943 14.6463027954102 353.164852522787
2020 306 944 16.2450805664063 358.359189274069
2020 307 945 17.1048332214356 348.932756503638
2020 308 946 15.2495552062989 335.888991777476
2020 309 947 13.9115768432617 322.698214747336
2020 310 948 16.8869987487793 330.253623941955
2020 311 949 15.7086387634278 326.039342604053
2020 312 950 10.7686096191406 312.634741769355
2020 313 951 11.2981658935547 323.642644405093
2020 314 952 8.3829055786133 328.155381683078
2020 315 953 8.70729980468752 324.137122588676
2020 316 954 11.9291206359864 236.595124546487
2020 317 955 10.6553932189942 240.078799857934
2020 318 956 10.9172683715821 254.730765630205
2020 319 957 11.2831283569336 208.943940776382
2020 320 958 10.3935180664063 280.546542196744
2020 321 959 13.4191947937012 274.612706318828
2020 322 960 14.7421203613281 217.448224583121
2020 323 961 14.6130043029785 163.130391333353
2020 324 962 11.8867965698242 222.740576927827
2020 325 963 11.0519691467285 267.921532245801
2020 326 964 10.6399284362793 285.344397618846
2020 327 965 9.67254028320315 272.22044657977
2020 328 966 11.2300621032715 274.750805596904
2020 329 967 10.6828895568848 279.303641197518
2020 330 968 11.4582077026367 278.515135523633
2020 331 969 10.788591003418 285.789884023265
2020 332 970 10.4070411682129 284.003492220715
2020 333 971 9.71529159545901 282.074562681512
2020 334 972 9.41839752197268 277.9627451237
2020 335 973 9.79778442382815 274.634980502681
2020 336 974 9.84720001220705 269.828207843379
2020 337 975 10.0863052368164 266.84345694764
2020 338 976 10.5997482299805 254.842132181958
2020 339 977 10.5737586975098 252.726083857373
2020 340 978 10.3065010070801 255.90683633192
2020 341 979 9.9324890136719 228.527406286315
2020 342 980 12.0421272277832 256.748803831891
2020 343 981 13.5468002319336 264.53140175207
2020 344 982 11.5248085021973 264.509124962167
2020 345 983 11.1293083190918 250.966423093871
2020 346 984 9.67833480834963 182.014447012261
2020 347 985 11.3321090698242 138.610965926246
2020 348 986 10.8268295288086 76.8936495979584
2020 349 987 9.59068832397463 181.600148290113
2020 350 988 8.41576919555666 231.356232001141
2020 351 989 8.99410018920901 196.465943978146
2020 352 990 11.5692878723145 201.972120695905
2020 353 991 9.21902999877932 237.02723496385
2020 354 992 7.8988967895508 252.449888657407
2020 355 993 7.89373931884768 244.239621077374
2020 356 994 8.14981613159182 233.5613683327
2020 357 995 8.87014160156252 212.739465479687
2020 358 996 8.37366638183596 257.020554359034
2020 359 997 7.8494812011719 199.005199145154
2020 360 998 10.0991874694824 173.924461925701
2020 361 999 12.1100135803223 172.472184926466
2020 362 1000 9.30367813110354 183.226164064721
2020 363 1001 10.1621414184571 193.427747132853
2020 364 1002 8.57238540649416 206.698706286267
2020 365 1003 8.0445495605469 209.229048418835
2020 366 1004 10.0991912841797 216.044948774651
2021 1 1005 9.19174728393557 246.262753581047
2021 2 1006 10.0134178161621 115.452870451689
2021 3 1007 10.6838050842285 116.464439000487
2021 4 1008 11.4688507080078 111.863154399633
2021 5 1009 8.84855422973635 139.703610445976
2021 6 1010 7.86239013671877 158.16694263792
2021 7 1011 9.59537658691409 154.98900963378
2021 8 1012 9.77968368530276 174.249059698582
2021 9 1013 8.9570137023926 234.240331172943
2021 10 1014 8.73529205322268 213.37789125061
2021 11 1015 9.27139434814455 179.517262328148
2021 12 1016 10.1867195129395 244.436569898129
2021 13 1017 11.5709167480469 192.698964376926
2021 14 1018 13.3357215881348 190.51021262598
2021 15 1019 11.4272323608399 255.621984584331
2021 16 1020 12.9128814697266 260.209842049599
2021 17 1021 13.5888687133789 279.447506456852
2021 18 1022 14.9078269958496 289.800400179386
2021 19 1023 16.1789527893067 306.09736199379
2021 20 1024 12.2749229431153 303.102953378677
2021 21 1025 10.9377494812012 302.180905913353
2021 22 1026 9.99480972290041 227.790475593567
2021 23 1027 8.24321517944338 247.225089635372
2021 24 1028 8.17036209106448 242.413431540489
2021 25 1029 7.63965759277346 209.506186828613
2021 26 1030 6.25466308593752 298.747841330528
2021 27 1031 9.04886779785159 166.680212689519
2021 28 1032 9.8475280761719 112.346555977583
2021 29 1033 8.09052047729494 225.467453746796
2021 30 1034 8.76070175170901 239.401105125427
2021 31 1035 11.063623046875 300.923153975487
2021 32 1036 11.8462730407715 295.936936187744
2021 33 1037 12.8864646911621 193.4643507967
2021 34 1038 9.50052032470705 290.046579662323
2021 35 1039 9.2778030395508 326.042243225098
2021 36 1040 9.56256637573244 342.012455434799
2021 37 1041 10.5151039123535 350.915126278877
2021 38 1042 11.6561637878418 363.067364281654
2021 39 1043 10.2723709106446 310.694179367065
2021 40 1044 11.5088821411133 225.534587282658
2021 41 1045 10.952165222168 286.873121068001
2021 42 1046 10.5461212158203 270.95214425087
2021 43 1047 11.2095046997071 244.096386857629
2021 44 1048 11.8608833312989 274.447864179611
2021 45 1049 10.2175384521485 278.2479538517
2021 46 1050 11.8256546020508 120.989630157471
2021 47 1051 10.152906036377 269.363172582626
2021 48 1052 9.56155929565432 389.909689247131
2021 49 1053 10.4258514404297 392.680310625498
2021 50 1054 11.9391265869141 186.553468244974
2021 51 1055 10.764249420166 271.941328494696
2021 52 1056 10.4370628356934 379.682124652423
2021 53 1057 11.8776908874512 418.891518195007
2021 54 1058 13.9922958374024 409.053351853006
2021 55 1059 13.7957931518555 448.329907514721
2021 56 1060 13.1492172241211 450.285890742525
2021 57 1061 10.7082191467285 446.150114017978
2021 58 1062 10.398641204834 454.699182624236
2021 59 1063 11.3503852844239 459.143816559136
2021 60 1064 11.660962677002 460.061378998786
2021 61 1065 11.8292594909668 461.896523755252
2021 62 1066 11.4642539978028 418.032142389208
2021 63 1067 9.71825180053713 415.480836336195
2021 64 1068 10.8090797424317 448.191139603794
2021 65 1069 11.3521858215332 469.917453552604
2021 66 1070 9.40907058715823 481.850358090341
2021 67 1071 10.1503005981446 421.312996805012
2021 68 1072 9.85492858886721 409.039929261446
2021 69 1073 8.63842926025393 363.17479069066
2021 70 1074 7.58083114624026 410.7228879807
2021 71 1075 9.26339492797854 497.323725772977
2021 72 1076 10.9433494567871 451.883816538334
2021 73 1077 9.47271499633791 348.61001580584
2021 74 1078 8.59720764160159 348.67715854001
2021 75 1079 7.86699447631838 490.972351437092
2021 76 1080 7.92263183593752 471.65411741209
2021 77 1081 10.715421295166 270.222560039878
2021 78 1082 11.9041038513184 268.168089914143
2021 79 1083 9.78108749389651 423.859835346937
2021 80 1084 9.80190429687502 527.017252408504
2021 81 1085 10.7220207214356 539.903530005455
2021 82 1086 11.5839210510254 564.543685786724
2021 83 1087 13.8560234069824 576.230407250404
2021 84 1088 11.1804901123047 474.572428551197
2021 85 1089 11.3599906921387 513.365577807426
2021 86 1090 13.4692016601563 578.19536240387
2021 87 1091 14.7637420654297 577.609005298615
2021 88 1092 12.5971008300781 586.38636041069
2021 89 1093 13.7849784851074 605.785163549423
2021 90 1094 16.9429870605469 609.442021705627
2021 91 1095 18.5817276000977 609.934366055012
2021 92 1096 15.4781509399414 597.804528578281
2021 93 1097 11.6851783752442 519.989990559578
2021 94 1098 11.3095603942871 542.530907987118
2021 95 1099 10.8487030029297 446.17697003746
2021 96 1100 10.8448959350586 532.952376216888
2021 97 1101 11.2069030761719 582.671315018177
2021 98 1102 10.7734504699707 619.553203046799
2021 99 1103 11.8214508056641 629.028812050819
2021 100 1104 10.8108764648438 632.506608131409
2021 101 1105 12.1324325561524 617.892629733086
2021 102 1106 12.289926147461 600.279740840912
2021 103 1107 12.3563629150391 631.239946183205
2021 104 1108 11.5250907897949 652.729011135101
2021 105 1109 12.4312034606934 639.860626641273
2021 106 1110 11.5681129455567 634.288074933052
2021 107 1111 12.1926704406739 635.715896277428
2021 108 1112 15.4243179321289 673.877915097237
2021 109 1113 14.0635353088379 664.778290586472
2021 110 1114 12.4201980590821 654.814811390877
2021 111 1115 11.6093307495117 622.189538920403
2021 112 1116 11.4142242431641 598.184981181145
2021 113 1117 11.2713409423828 621.124278083801
2021 114 1118 11.6145301818848 611.205549538612
2021 115 1119 12.2388931274414 463.400437850475
2021 116 1120 10.7198234558106 475.310976072311
2021 117 1121 11.7922416687012 649.054264411926
2021 118 1122 15.5656028747559 695.734009170532
2021 119 1123 16.3352447509766 690.013726083756
2021 120 1124 14.3461051940918 682.88802217865
2021 121 1125 13.4509902954102 628.979568593979
2021 122 1126 13.8486228942871 663.166946617126
2021 123 1127 16.4717155456543 706.176430402756
2021 124 1128 18.5317016601563 702.018258916855
2021 125 1129 17.4290748596192 692.256197969437
2021 126 1130 14.0197082519531 665.63768572998
2021 127 1131 13.5688568115235 711.283506397247
2021 128 1132 16.2874160766602 728.829249153137
2021 129 1133 18.7534271240235 712.756086456299
2021 130 1134 17.2845855712891 715.925068372726
2021 131 1135 17.8733268737793 720.884435165405
2021 132 1136 15.7873321533203 669.965924894755
2021 133 1137 14.3326965332031 651.681642754867
2021 134 1138 13.0763717651367 673.949532008905
2021 135 1139 11.9565292358399 565.107636536269
2021 136 1140 12.8950744628906 571.297894480828
2021 137 1141 12.9124771118164 603.950005129374
2021 138 1142 13.5190216064453 683.335614515208
2021 139 1143 13.408162689209 727.446182790562
2021 140 1144 12.2174850463867 747.006116950892
2021 141 1145 13.0463577270508 754.06022108484
2021 142 1146 13.0903869628906 726.219779261224
2021 143 1147 13.6086784362793 683.801097151294
2021 144 1148 14.0441337585449 713.754219600484
2021 145 1149 15.3690887451172 689.507961292759
2021 146 1150 14.2864700317383 741.438023642078
2021 147 1151 13.9540725708008 742.333235957369
2021 148 1152 15.0132843017578 681.066287184939
2021 149 1153 13.5556503295899 688.823160776779
2021 150 1154 14.2312370300293 724.29957923919
2021 151 1155 18.0378166198731 741.227659393609
2021 152 1156 18.3844161987305 719.326796966314
2021 153 1157 15.7102867126465 690.743323666945
2021 154 1158 15.6596504211426 700.474056957155
2021 155 1159 16.9638076782227 718.547978276282
2021 156 1160 15.6522537231446 742.668925923675
2021 157 1161 16.5483604431153 747.910269997925
2021 158 1162 15.1101432800293 751.661124718457
2021 159 1163 13.7171455383301 756.593627411634
2021 160 1164 13.753564453125 764.896526646793
2021 161 1165 13.9448715209961 769.627618715048
2021 162 1166 14.9268394470215 753.07105084914
2021 163 1167 18.4220367431641 665.924138744414
2021 164 1168 18.818864440918 629.659926642209
2021 165 1169 18.8112617492676 585.562765774906
2021 166 1170 17.2363601684571 727.755020785272
2021 167 1171 19.660546875 745.314213042498
