47 47 2021 10.4418273925781 NA 401.465915197372 NA NA NA NA 1000 NA NA NA 1
48 48 2021 11.2242065429688 NA 401.136723630905 NA NA NA NA 1000 NA NA NA 1
49 49 2021 12.1616645812989 NA 329.340405844253 NA NA NA NA 1000 NA NA NA 1
50 50 2021 7.14732894897463 NA 399.392848931912 NA NA NA NA 1000 NA NA NA 1
51 51 2021 5.88113174438479 NA 404.197365111597 NA NA NA NA 1000 NA NA NA 1
52 52 2021 6.97365341186526 NA 409.780389451791 NA NA NA NA 1000 NA NA NA 1
53 53 2021 8.46768722534182 NA 423.375384504292 NA NA NA NA 1000 NA NA NA 1
54 54 2021 6.19871673583987 NA 427.445863279126 NA NA NA NA 1000 NA NA NA 1
55 55 2021 6.70175704956057 NA 430.297428479224 NA NA NA NA 1000 NA NA NA 1
56 56 2021 8.53716430664065 NA 385.486457333594 NA NA NA NA 1000 NA NA NA 1
57 57 2021 9.06377563476565 NA 262.29076528845 NA NA NA NA 1000 NA NA NA 1
58 58 2021 7.61522445678713 NA 394.179073127806 NA NA NA NA 1000 NA NA NA 1
59 59 2021 7.26455841064455 NA 410.256390120745 NA NA NA NA 1000 NA NA NA 1
60 60 2021 10.6998687744141 NA 200.463818997249 NA NA NA NA 1000 NA NA NA 1
61 61 2021 8.97238693237307 NA 330.643844821066 NA NA NA NA 1000 NA NA NA 1
62 62 2021 7.07557830810549 NA 370.908321339399 NA NA NA NA 1000 NA NA NA 1
63 63 2021 7.1223083496094 NA 374.987723744839 NA NA NA NA 1000 NA NA NA 1
64 64 2021 8.29029998779299 NA 460.423495625198 NA NA NA NA 1000 NA NA NA 1
65 65 2021 10.4893852233887 NA 446.183468012035 NA NA NA NA 1000 NA NA NA 1
66 66 2021 12.8299041748047 NA 391.710082512498 NA NA NA NA 1000 NA NA NA 1
67 67 2021 14.4558616638184 NA 396.309958260179 NA NA NA NA 1000 NA NA NA 1
68 68 2021 12.9175735473633 NA 324.522545463383 NA NA NA NA 1000 NA NA NA 1
69 69 2021 12.4571166992188 NA 282.2428386437 NA NA NA NA 1000 NA NA NA 1
70 70 2021 11.4528861999512 NA 347.281697599173 NA NA NA NA 1000 NA NA NA 1
71 71 2021 14.3380142211914 NA 441.725948743939 NA NA NA NA 1000 NA NA NA 1
72 72 2021 15.2053657531739 NA 252.517146753669 NA NA NA NA 1000 NA NA NA 1
73 73 2021 11.0038009643555 NA 297.657315891981 NA NA NA NA 1000 NA NA NA 1
74 74 2021 9.28667221069338 NA 336.01333924973 NA NA NA NA 1000 NA NA NA 1
75 75 2021 9.72726974487307 NA 253.736072003484 NA NA NA NA 1000 NA NA NA 1
76 76 2021 8.71083602905276 NA 341.267161017775 NA NA NA NA 1000 NA NA NA 1
77 77 2021 8.22123489379885 NA 430.871310631275 NA NA NA NA 1000 NA NA NA 1
78 78 2021 10.0336891174317 NA 473.168809089184 NA NA NA NA 1000 NA NA NA 1
79 79 2021 12.2611099243164 NA 305.197728410959 NA NA NA NA 1000 NA NA NA 1
80 80 2021 13.2744384765625 NA 155.928660077512 NA NA NA NA 1000 NA NA NA 1
81 81 2021 15.0511222839356 NA 194.048901442468 NA NA NA NA 1000 NA NA NA 1
82 82 2021 9.14999160766604 NA 465.748506311893 NA NA NA NA 1000 NA NA NA 1
83 83 2021 10.201993560791 NA 446.815161750317 NA NA NA NA 1000 NA NA NA 1
84 84 2021 8.59505615234377 NA 519.438913375616 NA NA NA NA 1000 NA NA NA 1
85 85 2021 10.0814529418946 NA 555.739677758217 NA NA NA NA 1000 NA NA NA 1
86 86 2021 13.5217224121094 NA 575.736245416164 NA NA NA NA 1000 NA NA NA 1
87 87 2021 15.0256896972656 NA 565.620084388256 NA NA NA NA 1000 NA NA NA 1
88 88 2021 17.3118301391602 NA 575.936429831028 NA NA NA NA 1000 NA NA NA 1
89 89 2021 17.6848236083985 NA 565.437680176735 NA NA NA NA 1000 NA NA NA 1
90 90 2021 17.2376037597656 NA 533.919197517395 NA NA NA NA 1000 NA NA NA 1
91 91 2021 14.0423408508301 NA 576.092133244514 NA NA NA NA 1000 NA NA NA 1
92 92 2021 14.1256614685059 NA 580.71424520874 NA NA NA NA 1000 NA NA NA 1
93 93 2021 13.2057891845703 NA 601.013318755627 NA NA NA NA 1000 NA NA NA 1
94 94 2021 13.8839698791504 NA 571.096335103989 NA NA NA NA 1000 NA NA NA 1
95 95 2021 13.3687187194824 NA 340.648802747011 NA NA NA NA 1000 NA NA NA 1
96 96 2021 13.4747863769531 NA 147.680909329414 NA NA NA NA 1000 NA NA NA 1
97 97 2021 15.8403259277344 NA 278.514898766935 NA NA NA NA 1000 NA NA NA 1
98 98 2021 13.4288841247559 NA 610.689067317009 NA NA NA NA 1000 NA NA NA 1
99 99 2021 14.0094696044922 NA 613.945463904381 NA NA NA NA 1000 NA NA NA 1
100 100 2021 17.0674415588379 NA 574.219258950233 NA NA NA NA 1000 NA NA NA 1
101 101 2021 12.3543563842774 NA 454.755960739612 NA NA NA NA 1000 NA NA NA 1
102 102 2021 10.707105255127 NA 521.485305811882 NA NA NA NA 1000 NA NA NA 1
103 103 2021 11.5023017883301 NA 618.354040046692 NA NA NA NA 1000 NA NA NA 1
104 104 2021 14.5985275268555 NA 635.103101470947 NA NA NA NA 1000 NA NA NA 1
105 105 2021 14.3183647155762 NA 636.410997039795 NA NA NA NA 1000 NA NA NA 1
106 106 2021 10.3415580749512 NA 480.170941664696 NA NA NA NA 1000 NA NA NA 1
107 107 2021 9.52175292968752 NA 584.949335718155 NA NA NA NA 1000 NA NA NA 1
108 108 2021 11.1137977600098 NA 506.146451854229 NA NA NA NA 1000 NA NA NA 1
109 109 2021 11.1078086853028 NA 587.413875423431 NA NA NA NA 1000 NA NA NA 1
110 110 2021 13.5006309509278 NA 647.105483160019 NA NA NA NA 1000 NA NA NA 1
111 111 2021 15.0308624267578 NA 657.928991552353 NA NA NA NA 1000 NA NA NA 1
112 112 2021 16.8828025817871 NA 669.842389061928 NA NA NA NA 1000 NA NA NA 1
113 113 2021 17.5059753417969 NA 667.186568903923 NA NA NA NA 1000 NA NA NA 1
114 114 2021 15.4166732788086 NA 648.867156210899 NA NA NA NA 1000 NA NA NA 1
115 115 2021 13.6449485778809 NA 622.255489528656 NA NA NA NA 1000 NA NA NA 1
116 116 2021 12.948373413086 NA 650.228433215141 NA NA NA NA 1000 NA NA NA 1
117 117 2021 13.2820869445801 NA 608.945202190399 NA NA NA NA 1000 NA NA NA 1
118 118 2021 13.5645195007324 NA 571.01182054615 NA NA NA NA 1000 NA NA NA 1
119 119 2021 12.9347358703614 NA 502.249453345299 NA NA NA NA 1000 NA NA NA 1
120 120 2021 12.6878639221192 NA 522.98892827034 NA NA NA NA 1000 NA NA NA 1
121 121 2021 12.442227935791 NA 618.483050222397 NA NA NA NA 1000 NA NA NA 1
122 122 2021 14.0309730529785 NA 686.484686607361 NA NA NA NA 1000 NA NA NA 1
123 123 2021 13.5068412780762 NA 637.376352659225 NA NA NA NA 1000 NA NA NA 1
124 124 2021 14.1184288024903 NA 662.542197538376 NA NA NA NA 1000 NA NA NA 1
125 125 2021 14.8199592590332 NA 552.505536540031 NA NA NA NA 1000 NA NA NA 1
126 126 2021 13.6170364379883 NA 610.996023674965 NA NA NA NA 1000 NA NA NA 1
127 127 2021 14.8650413513184 NA 687.160887744903 NA NA NA NA 1000 NA NA NA 1
128 128 2021 15.2737976074219 NA 686.271160865784 NA NA NA NA 1000 NA NA NA 1
129 129 2021 15.4753890991211 NA 661.341087017059 NA NA NA NA 1000 NA NA NA 1
130 130 2021 14.4358001708985 NA 702.588697153091 NA NA NA NA 1000 NA NA NA 1
131 131 2021 15.0906120300293 NA 671.403866609573 NA NA NA NA 1000 NA NA NA 1
132 132 2021 20.5407920837403 NA 726.010691187423 NA NA NA NA 1000 NA NA NA 1
133 133 2021 14.8627639770508 NA 655.833691755812 NA NA NA NA 1000 NA NA NA 1
134 134 2021 13.3997398376465 NA 635.410072618648 NA NA NA NA 1000 NA NA NA 1
135 135 2021 13.7588706970215 NA 582.378044238336 NA NA NA NA 1000 NA NA NA 1
136 136 2021 13.7524658203125 NA 614.06111276989 NA NA NA NA 1000 NA NA NA 1
137 137 2021 13.6900192260742 NA 610.795830872945 NA NA NA NA 1000 NA NA NA 1
138 138 2021 14.1759086608887 NA 656.469849437687 NA NA NA NA 1000 NA NA NA 1
139 139 2021 13.8688674926758 NA 663.778921069201 NA NA NA NA 1000 NA NA NA 1
140 140 2021 13.0703598022461 NA 637.17171695238 NA NA NA NA 1000 NA NA NA 1
141 141 2021 13.3569351196289 NA 634.035434308149 NA NA NA NA 1000 NA NA NA 1
142 142 2021 14.1279350280762 NA 603.179791976236 NA NA NA NA 1000 NA NA NA 1
143 143 2021 13.2552085876465 NA 568.436052908204 NA NA NA NA 1000 NA NA NA 1
144 144 2021 13.4026313781739 NA 557.901708581954 NA NA NA NA 1000 NA NA NA 1
145 145 2021 13.4663063049317 NA 392.920117235377 NA NA NA NA 1000 NA NA NA 1
146 146 2021 13.7121482849121 NA 455.352074131042 NA NA NA NA 1000 NA NA NA 1
147 147 2021 15.6412101745606 NA 634.262320221946 NA NA NA NA 1000 NA NA NA 1
148 148 2021 19.1466194152832 NA 730.17460130316 NA NA NA NA 1000 NA NA NA 1
149 149 2021 20.5544334411621 NA 736.985444526896 NA NA NA NA 1000 NA NA NA 1
150 150 2021 15.4809776306153 NA 698.220155984789 NA NA NA NA 1000 NA NA NA 1
151 151 2021 13.222745513916 NA 716.69083321467 NA NA NA NA 1000 NA NA NA 1
152 152 2021 14.047925567627 NA 736.536147613138 NA NA NA NA 1000 NA NA NA 1
153 153 2021 19.4447608947754 NA 741.709889573336 NA NA NA NA 1000 NA NA NA 1
154 154 2021 21.1569381713867 NA 744.939587567746 NA NA NA NA 1000 NA NA NA 1
155 155 2021 18.6355072021485 NA 748.605244850576 NA NA NA NA 1000 NA NA NA 1
156 156 2021 14.9897132873535 NA 745.655814039975 NA NA NA NA 1000 NA NA NA 1
157 157 2021 14.0719161987305 NA 716.877678035378 NA NA NA NA 1000 NA NA NA 1
158 158 2021 13.9784523010254 NA 719.408943526864 NA NA NA NA 1000 NA NA NA 1
159 159 2021 15.7764373779297 NA 743.498245151639 NA NA NA NA 1000 NA NA NA 1
160 160 2021 15.8864227294922 NA 663.525361050576 NA NA NA NA 1000 NA NA NA 1
161 161 2021 14.7558723449707 NA 742.172536145836 NA NA NA NA 1000 NA NA NA 1
162 162 2021 16.5540519714356 NA 747.613202923596 NA NA NA NA 1000 NA NA NA 1
163 163 2021 19.3262840270996 NA 750.816239622295 NA NA NA NA 1000 NA NA NA 1
164 164 2021 18.7639022827149 NA 760.380750336051 NA NA NA NA 1000 NA NA NA 1
165 165 2021 17.5551849365235 NA 750.598238210857 NA NA NA NA 1000 NA NA NA 1
166 166 2021 16.2323394775391 NA 749.899793611526 NA NA NA NA 1000 NA NA NA 1
167 167 2021 15.2405143737793 NA 677.27604866445 NA NA NA NA 1000 NA NA NA 1
168 168 2021 14.9626289367676 NA 647.176669999599 NA NA NA NA 1000 NA NA NA 1
169 169 2021 16.8509536743164 NA 689.389656104743 NA NA NA NA 1000 NA NA NA 1
170 170 2021 15.8109642028809 NA 692.321297293186 NA NA NA NA 1000 NA NA NA 1
171 171 2021 15.5717483520508 NA 728.377367971599 NA NA NA NA 1000 NA NA NA 1
172 172 2021 16.0555587768555 NA 756.586087098658 NA NA NA NA 1000 NA NA NA 1
173 173 2021 18.5350166320801 NA 769.438158267259 NA NA NA NA 1000 NA NA NA 1
174 174 2021 21.8737693786621 NA 763.263461629152 NA NA NA NA 1000 NA NA NA 1
175 175 2021 21.0326705932617 NA 704.310316360831 NA NA NA NA 1000 NA NA NA 1
176 176 2021 17.363729095459 NA 638.960058674157 NA NA NA NA 1000 NA NA NA 1
177 177 2021 17.3351951599121 NA 736.153566830516 NA NA NA NA 1000 NA NA NA 1
178 178 2021 16.6013999938965 NA 673.112130945146 NA NA NA NA 1000 NA NA NA 1
179 179 2021 16.5294471740723 NA 733.57336552149 NA NA NA NA 1000 NA NA NA 1
180 180 2021 17.7925468444824 NA 745.802619319022 NA NA NA NA 1000 NA NA NA 1
181 181 2021 20.8201232910156 NA 751.937270808279 NA NA NA NA 1000 NA NA NA 1
182 182 2021 19.6568923950196 NA 694.185252378821 NA NA NA NA 1000 NA NA NA 1
183 183 2021 17.3511100769043 NA 653.502613218963 NA NA NA NA 1000 NA NA NA 1
184 184 2021 16.9448333740235 NA 721.593222380042 NA NA NA NA 1000 NA NA NA 1
185 185 2021 16.8774314880371 NA 684.932134064555 NA NA NA NA 1000 NA NA NA 1
186 186 2021 17.2874351501465 NA 706.258812717199 NA NA NA NA 1000 NA NA NA 1
187 187 2021 20.9013801574707 NA 629.319900004446 NA NA NA NA 1000 NA NA NA 1
188 188 2021 21.7364784240723 NA 707.224177849948 NA NA NA NA 1000 NA NA NA 1
189 189 2021 19.9211288452149 NA 740.775683015883 NA NA NA NA 1000 NA NA NA 1
190 190 2021 19.9579330444336 NA 747.515346094012 NA NA NA NA 1000 NA NA NA 1
191 191 2021 21.6508804321289 NA 743.604988428771 NA NA NA NA 1000 NA NA NA 1
192 192 2021 19.2719055175781 NA 712.259993922412 NA NA NA NA 1000 NA NA NA 1
193 193 2021 19.167081451416 NA 643.555479290664 NA NA NA NA 1000 NA NA NA 1
194 194 2021 20.0429168701172 NA 595.81732882899 NA NA NA NA 1000 NA NA NA 1
195 195 2021 19.3349662780762 NA 677.280497936427 NA NA NA NA 1000 NA NA NA 1
196 196 2021 17.6273475646973 NA 653.217888635903 NA NA NA NA 1000 NA NA NA 1
197 197 2021 17.9207397460938 NA 651.99897894761 NA NA NA NA 1000 NA NA NA 1
198 198 2021 18.4450813293457 NA 681.902618437439 NA NA NA NA 1000 NA NA NA 1
199 199 2021 18.7820945739746 NA 711.890782533944 NA NA NA NA 1000 NA NA NA 1
200 200 2021 19.6161666870117 NA 699.479120492756 NA NA NA NA 1000 NA NA NA 1
201 201 2021 19.4189163208008 NA 677.004677347004 NA NA NA NA 1000 NA NA NA 1
202 202 2021 21.0512786865235 NA 621.939637524843 NA NA NA NA 1000 NA NA NA 1
203 203 2021 19.2448211669922 NA 625.227158508867 NA NA NA NA 1000 NA NA NA 1
204 204 2021 18.9030433654785 NA 660.20667566356 NA NA NA NA 1000 NA NA NA 1
205 205 2021 18.8356491088867 NA 678.579504569143 NA NA NA NA 1000 NA NA NA 1
206 206 2021 20.2831703186035 NA 708.825683976889 NA NA NA NA 1000 NA NA NA 1
207 207 2021 19.5297370910645 NA 709.297220147043 NA NA NA NA 1000 NA NA NA 1
208 208 2021 17.7228675842285 NA 711.085564258963 NA NA NA NA 1000 NA NA NA 1
209 209 2021 17.7842727661133 NA 719.039717506155 NA NA NA NA 1000 NA NA NA 1
210 210 2021 17.4119010925293 NA 711.92191691643 NA NA NA NA 1000 NA NA NA 1
211 211 2021 17.0506912231446 NA 627.189000460342 NA NA NA NA 1000 NA NA NA 1
212 212 2021 17.7383743286133 NA 650.255106166244 NA NA NA NA 1000 NA NA NA 1
213 213 2021 17.600057220459 NA 690.185959439471 NA NA NA NA 1000 NA NA NA 1
214 214 2021 17.2105155944824 NA 705.498119647451 NA NA NA NA 1000 NA NA NA 1
215 215 2021 17.9283843994141 NA 717.109008913383 NA NA NA NA 1000 NA NA NA 1
216 216 2021 20.258561706543 NA 702.433003339551 NA NA NA NA 1000 NA NA NA 1
217 217 2021 18.5643783569336 NA 704.452686149612 NA NA NA NA 1000 NA NA NA 1
218 218 2021 18.7665878295899 NA 699.283379526112 NA NA NA NA 1000 NA NA NA 1
219 219 2021 18.5554901123047 NA 700.711388864845 NA NA NA NA 1000 NA NA NA 1
220 220 2021 17.1453872680664 NA 682.654446653612 NA NA NA NA 1000 NA NA NA 1
221 221 2021 18.8798919677735 NA 678.494964215878 NA NA NA NA 1000 NA NA NA 1
222 222 2021 20.647477722168 NA 689.033757168334 NA NA NA NA 1000 NA NA NA 1
223 223 2021 20.9838806152344 NA 668.583432523727 NA NA NA NA 1000 NA NA NA 1
224 224 2021 19.4534393310547 NA 660.322323753357 NA NA NA NA 1000 NA NA NA 1
225 225 2021 18.3679595947266 NA 642.848150385856 NA NA NA NA 1000 NA NA NA 1
226 226 2021 16.6787353515625 NA 616.236504872322 NA NA NA NA 1000 NA NA NA 1
227 227 2021 17.1943870544434 NA 596.982848513603 NA NA NA NA 1000 NA NA NA 1
228 228 2021 17.5963302612305 NA 629.364381446838 NA NA NA NA 1000 NA NA NA 1
229 229 2021 18.6293006896973 NA 638.230500987053 NA NA NA NA 1000 NA NA NA 1
230 230 2021 19.9182373046875 NA 665.340393391609 NA NA NA NA 1000 NA NA NA 1
231 231 2021 19.0665946960449 NA 670.776599462509 NA NA NA NA 1000 NA NA NA 1
232 232 2021 17.7267967224121 NA 660.55366145134 NA NA NA NA 1000 NA NA NA 1
233 233 2021 16.1831260681153 NA 586.501914343834 NA NA NA NA 1000 NA NA NA 1
234 234 2021 17.0506912231446 NA 544.035368625641 NA NA NA NA 1000 NA NA NA 1
235 235 2021 16.799275970459 NA 555.708537579536 NA NA NA NA 1000 NA NA NA 1
236 236 2021 16.4639068603516 NA 580.549655473709 NA NA NA NA 1000 NA NA NA 1
237 237 2021 16.4219375610352 NA 608.482547963142 NA NA NA NA 1000 NA NA NA 1
238 238 2021 16.393815612793 NA 585.816816300392 NA NA NA NA 1000 NA NA NA 1
239 239 2021 17.0002456665039 NA 564.734815538406 NA NA NA NA 1000 NA NA NA 1
240 240 2021 16.8687492370606 NA 510.910920865059 NA NA NA NA 1000 NA NA NA 1
241 241 2021 17.1447692871094 NA 551.081987242698 NA NA NA NA 1000 NA NA NA 1
242 242 2021 18.0265937805176 NA 563.422452363968 NA NA NA NA 1000 NA NA NA 1
243 243 2021 17.1958366394043 NA 599.607554701805 NA NA NA NA 1000 NA NA NA 1
244 244 2021 17.331674194336 NA 610.582301422119 NA NA NA NA 1000 NA NA NA 1
245 245 2021 17.7350593566895 NA 607.672902309418 NA NA NA NA 1000 NA NA NA 1
246 246 2021 17.7912994384766 NA 585.767879285812 NA NA NA NA 1000 NA NA NA 1
247 247 2021 17.7454048156739 NA 565.624521248817 NA NA NA NA 1000 NA NA NA 1
248 248 2021 17.5318161010742 NA 562.924217065334 NA NA NA NA 1000 NA NA NA 1
249 249 2021 16.2776199340821 NA 550.614868433952 NA NA NA NA 1000 NA NA NA 1
250 250 2021 17.4108673095703 NA 589.553658910751 NA NA NA NA 1000 NA NA NA 1
251 251 2021 18.5327392578125 NA 593.139251096725 NA NA NA NA 1000 NA NA NA 1
252 252 2021 17.8667655944824 NA 584.362116744041 NA NA NA NA 1000 NA NA NA 1
253 253 2021 17.9287963867188 NA 590.011873757362 NA NA NA NA 1000 NA NA NA 1
254 254 2021 18.0607162475586 NA 585.990319069862 NA NA NA NA 1000 NA NA NA 1
255 255 2021 16.9349075317383 NA 571.056287939071 NA NA NA NA 1000 NA NA NA 1
256 256 2021 16.1227584838867 NA 552.710162351608 NA NA NA NA 1000 NA NA NA 1
257 257 2021 15.6575485229492 NA 535.106974272251 NA NA NA NA 1000 NA NA NA 1
258 258 2021 16.4142852783203 NA 542.878718441009 NA NA NA NA 1000 NA NA NA 1
259 259 2021 15.4296966552735 NA 558.893754887581 NA NA NA NA 1000 NA NA NA 1
260 260 2021 15.9616828918457 NA 522.899945602894 NA NA NA NA 1000 NA NA NA 1
261 261 2021 15.2161117553711 NA 492.257855048179 NA NA NA NA 1000 NA NA NA 1
262 262 2021 15.4962745666504 NA 544.226645550251 NA NA NA NA 1000 NA NA NA 1
263 263 2021 18.8931213378906 NA 547.830031548023 NA NA NA NA 1000 NA NA NA 1
264 264 2021 20.1983963012696 NA 536.303645916939 NA NA NA NA 1000 NA NA NA 1
265 265 2021 17.6306510925293 NA 526.05847723341 NA NA NA NA 1000 NA NA NA 1
266 266 2021 17.084188079834 NA 529.612918656349 NA NA NA NA 1000 NA NA NA 1
267 267 2021 17.2365661621094 NA 518.553656370163 NA NA NA NA 1000 NA NA NA 1
268 268 2021 17.2719284057617 NA 513.362099082947 NA NA NA NA 1000 NA NA NA 1
269 269 2021 17.2719245910645 NA 498.299073400974 NA NA NA NA 1000 NA NA NA 1
270 270 2021 17.9658103942871 NA 492.386857663631 NA NA NA NA 1000 NA NA NA 1
271 271 2021 16.1020790100098 NA 415.621433040857 NA NA NA NA 1000 NA NA NA 1
272 272 2021 16.3206268310547 NA 428.29110963726 NA NA NA NA 1000 NA NA NA 1
273 273 2021 17.6990905761719 NA 405.77217440176 NA NA NA NA 1000 NA NA NA 1
274 274 2021 18.0733276367188 NA 364.742529891968 NA NA NA NA 1000 NA NA NA 1
275 275 2021 19.4890075683594 NA 368.688473479748 NA NA NA NA 1000 NA NA NA 1
276 276 2021 19.5795646667481 NA 374.182523047447 NA NA NA NA 1000 NA NA NA 1
277 277 2021 18.2463813781739 NA 306.785886595964 NA NA NA NA 1000 NA NA NA 1
278 278 2021 15.6513420104981 NA 417.787899685621 NA NA NA NA 1000 NA NA NA 1
279 279 2021 16.7734237670899 NA 435.030764084101 NA NA NA NA 1000 NA NA NA 1
280 280 2021 19.6188522338867 NA 466.544814923048 NA NA NA NA 1000 NA NA NA 1
281 281 2021 20.2726303100586 NA 462.042800856113 NA NA NA NA 1000 NA NA NA 1
282 282 2021 18.235009765625 NA 442.348745639324 NA NA NA NA 1000 NA NA NA 1
283 283 2021 15.4929672241211 NA 388.00438159287 NA NA NA NA 1000 NA NA NA 1
284 284 2021 14.1949287414551 NA 393.000189183712 NA NA NA NA 1000 NA NA NA 1
285 285 2021 17.0870834350586 NA 407.943111676216 NA NA NA NA 1000 NA NA NA 1
286 286 2021 18.5749221801758 NA 438.100318087339 NA NA NA NA 1000 NA NA NA 1
287 287 2021 16.0199943542481 NA 403.494477658629 NA NA NA NA 1000 NA NA NA 1
288 288 2021 17.0895668029785 NA 437.851189349651 NA NA NA NA 1000 NA NA NA 1
289 289 2021 16.9249816894531 NA 433.331391551256 NA NA NA NA 1000 NA NA NA 1
290 290 2021 15.5303932189942 NA 420.243549163222 NA NA NA NA 1000 NA NA NA 1
291 291 2021 14.9667640686035 NA 410.260846763968 NA NA NA NA 1000 NA NA NA 1
292 292 2021 16.1661735534668 NA 412.271625241756 NA NA NA NA 1000 NA NA NA 1
293 293 2021 17.3873001098633 NA 402.627002242565 NA NA NA NA 1000 NA NA NA 1
294 294 2021 15.0742813110352 NA 385.713341254949 NA NA NA NA 1000 NA NA NA 1
295 295 2021 14.2451721191406 NA 378.506580851793 NA NA NA NA 1000 NA NA NA 1
296 296 2021 13.8006454467774 NA 358.269785520196 NA NA NA NA 1000 NA NA NA 1
297 297 2021 13.9122825622559 NA 324.059890417099 NA NA NA NA 1000 NA NA NA 1
298 298 2021 16.0046936035156 NA 345.039593267798 NA NA NA NA 1000 NA NA NA 1
299 299 2021 16.565633392334 NA 369.631580597222 NA NA NA NA 1000 NA NA NA 1
300 300 2021 16.9338737487793 NA 346.948042459249 NA NA NA NA 1000 NA NA NA 1
301 301 2021 16.7031303405762 NA 311.99522490555 NA NA NA NA 1000 NA NA NA 1
302 302 2021 15.613298034668 NA 315.491835936129 NA NA NA NA 1000 NA NA NA 1
303 303 2021 15.0744873046875 NA 354.101436169505 NA NA NA NA 1000 NA NA NA 1
304 304 2021 15.3848320007324 NA 361.281506989002 NA NA NA NA 1000 NA NA NA 1
305 305 2021 17.3657928466797 NA 338.500117565632 NA NA NA NA 1000 NA NA NA 1
306 306 2021 17.9629150390625 NA 337.169967635631 NA NA NA NA 1000 NA NA NA 1
307 307 2021 17.8998580932617 NA 339.572228149086 NA NA NA NA 1000 NA NA NA 1
308 308 2021 16.3690086364746 NA 324.010946629792 NA NA NA NA 1000 NA NA NA 1
309 309 2021 15.4784942626953 NA 339.042848765641 NA NA NA NA 1000 NA NA NA 1
310 310 2021 14.6208587646485 NA 344.212139248788 NA NA NA NA 1000 NA NA NA 1
311 311 2021 14.9659362792969 NA 339.011713249117 NA NA NA NA 1000 NA NA NA 1
312 312 2021 14.8464256286621 NA 343.687210507616 NA NA NA NA 1000 NA NA NA 1
313 313 2021 13.6528068542481 NA 345.00844420582 NA NA NA NA 1000 NA NA NA 1
314 314 2021 11.6867309570313 NA 339.114030328795 NA NA NA NA 1000 NA NA NA 1
315 315 2021 11.4191833496094 NA 335.306003225684 NA NA NA NA 1000 NA NA NA 1
316 316 2021 12.3088737487793 NA 329.874233164817 NA NA NA NA 1000 NA NA NA 1
317 317 2021 12.1529708862305 NA 266.717144322738 NA NA NA NA 1000 NA NA NA 1
318 318 2021 11.3333793640137 NA 278.310258173488 NA NA NA NA 1000 NA NA NA 1
319 319 2021 10.7341896057129 NA 309.944402535018 NA NA NA NA 1000 NA NA NA 1
320 320 2021 10.3723617553711 NA 308.209449430875 NA NA NA NA 1000 NA NA NA 1
321 321 2021 11.2810760498047 NA 303.369347895671 NA NA NA NA 1000 NA NA NA 1
322 322 2021 9.80067214965823 NA 287.937075414106 NA NA NA NA 1000 NA NA NA 1
323 323 2021 10.4314971923828 NA 244.718705696944 NA NA NA NA 1000 NA NA NA 1
324 324 2021 11.0416427612305 NA 262.686690520327 NA NA NA NA 1000 NA NA NA 1
325 325 2021 13.4261985778809 NA 109.218123478889 NA NA NA NA 1000 NA NA NA 1
326 326 2021 13.3558975219727 NA 198.626537508488 NA NA NA NA 1000 NA NA NA 1
327 327 2021 13.8386856079102 NA 135.905413609266 NA NA NA NA 1000 NA NA NA 1
328 328 2021 14.8034187316895 NA 124.730467983603 NA NA NA NA 1000 NA NA NA 1
329 329 2021 11.7107063293457 NA 240.025414449453 NA NA NA NA 1000 NA NA NA 1
330 330 2021 11.9424911499024 NA 238.770897291899 NA NA NA NA 1000 NA NA NA 1
331 331 2021 13.5444618225098 NA 171.298647976637 NA NA NA NA 1000 NA NA NA 1
332 332 2021 14.7994934082031 NA 132.061800882876 NA NA NA NA 1000 NA NA NA 1
333 333 2021 13.9282127380371 NA 103.457159803986 NA NA NA NA 1000 NA NA NA 1
334 334 2021 12.0268493652344 NA 218.000282188177 NA NA NA NA 1000 NA NA NA 1
335 335 2021 10.8026290893555 NA 166.529722448587 NA NA NA NA 1000 NA NA NA 1
336 336 2021 9.48949966430666 NA 255.38205491066 NA NA NA NA 1000 NA NA NA 1
337 337 2021 9.17398223876955 NA 244.331681214094 NA NA NA NA 1000 NA NA NA 1
338 338 2021 10.8102775573731 NA 171.080666095853 NA NA NA NA 1000 NA NA NA 1
339 339 2021 11.1309562683106 NA 130.068822139084 NA NA NA NA 1000 NA NA NA 1
340 340 2021 11.1702438354492 NA 203.395457996368 NA NA NA NA 1000 NA NA NA 1
341 341 2021 10.6593452453614 NA 243.117210969448 NA NA NA NA 1000 NA NA NA 1
342 342 2021 10.316739654541 NA 228.837130647182 NA NA NA NA 1000 NA NA NA 1
343 343 2021 9.40348587036135 NA 170.497897968769 NA NA NA NA 1000 NA NA NA 1
344 344 2021 9.41836700439455 NA 117.666057696819 NA NA NA NA 1000 NA NA NA 1
345 345 2021 9.40907058715823 NA 218.231617366075 NA NA NA NA 1000 NA NA NA 1
346 346 2021 11.3058830261231 NA 219.904294897079 NA NA NA NA 1000 NA NA NA 1
347 347 2021 10.0469184875489 NA 251.280429834127 NA NA NA NA 1000 NA NA NA 1
348 348 2021 11.2651496887207 NA 170.444512753248 NA NA NA NA 1000 NA NA NA 1
349 349 2021 12.6006065368653 NA 172.802282279491 NA NA NA NA 1000 NA NA NA 1
350 350 2021 13.1057220458985 NA 152.792382997155 NA NA NA NA 1000 NA NA NA 1
351 351 2021 12.4289985656739 NA 153.019256901175 NA NA NA NA 1000 NA NA NA 1
352 352 2021 11.0552917480469 NA 189.142066123724 NA NA NA NA 1000 NA NA NA 1
353 353 2021 12.3295417785645 NA 161.2758994205 NA NA NA NA 1000 NA NA NA 1
354 354 2021 10.1916557312012 NA 161.049027060032 NA NA NA NA 1000 NA NA NA 1
355 355 2021 11.503133392334 NA 131.425648863316 NA NA NA NA 1000 NA NA NA 1
356 356 2021 10.7151733398438 NA 181.383674496055 NA NA NA NA 1000 NA NA NA 1
357 357 2021 10.5286689758301 NA 189.46237565279 NA NA NA NA 1000 NA NA NA 1
358 358 2021 11.5082946777344 NA 144.197639877558 NA NA NA NA 1000 NA NA NA 1
359 359 2021 11.2949234008789 NA 174.968765808821 NA NA NA NA 1000 NA NA NA 1
360 360 2021 10.2880035400391 NA 249.758993403196 NA NA NA NA 1000 NA NA NA 1
361 361 2021 10.204476928711 NA 255.835819792271 NA NA NA NA 1000 NA NA NA 1
362 362 2021 9.90135726928713 NA 254.229865023374 NA NA NA NA 1000 NA NA NA 1
363 363 2021 8.05252227783205 NA 248.553417796373 NA NA NA NA 1000 NA NA NA 1
364 364 2021 7.96465072631838 NA 245.63067231679 NA NA NA NA 1000 NA NA NA 1
365 365 2021 9.49817810058596 NA 255.782434324741 NA NA NA NA 1000 NA NA NA 1
1 1 2021 7.87183914184573 NA 266.395394707203 NA NA NA NA 1000 NA NA NA 1
2 2 2021 6.73557052612307 NA 259.695477706909 NA NA NA NA 1000 NA NA NA 1
3 3 2021 6.55085906982424 NA 260.72589535284 NA NA NA NA 1000 NA NA NA 1
4 4 2021 7.15990982055666 NA 236.981772961855 NA NA NA NA 1000 NA NA NA 1
5 5 2021 9.90152511596682 NA 144.369434281826 NA NA NA NA 1000 NA NA NA 1
6 6 2021 9.25978622436526 NA 72.2137112157345 NA NA NA NA 1000 NA NA NA 1
7 7 2021 11.9827514648438 NA 105.20033127737 NA NA NA NA 1000 NA NA NA 1
8 8 2021 12.5873886108399 NA 148.326048410892 NA NA NA NA 1000 NA NA NA 1
9 9 2021 14.0838333129883 NA 118.992710757732 NA NA NA NA 1000 NA NA NA 1
10 10 2021 10.9950805664063 NA 157.537323496103 NA NA NA NA 1000 NA NA NA 1
11 11 2021 10.9261032104492 NA 202.344706293583 NA NA NA NA 1000 NA NA NA 1
12 12 2021 12.6591812133789 NA 198.120453155041 NA NA NA NA 1000 NA NA NA 1
13 13 2021 10.6575675964356 NA 249.498398281574 NA NA NA NA 1000 NA NA NA 1
14 14 2021 11.4372764587403 NA 129.118420889378 NA NA NA NA 1000 NA NA NA 1
15 15 2021 10.8320442199707 NA 47.5774565250874 NA NA NA NA 1000 NA NA NA 1
16 16 2021 12.5637184143067 NA 73.2575096276998 NA NA NA NA 1000 NA NA NA 1
17 17 2021 13.7130256652832 NA 102.425800812036 NA NA NA NA 1000 NA NA NA 1
18 18 2021 12.3615776062012 NA 186.58517817831 NA NA NA NA 1000 NA NA NA 1
19 19 2021 13.1089950561524 NA 207.345112660408 NA NA NA NA 1000 NA NA NA 1
20 20 2021 13.9745384216309 NA 179.630996256351 NA NA NA NA 1000 NA NA NA 1
21 21 2021 9.92960128784182 NA 258.955011393547 NA NA NA NA 1000 NA NA NA 1
22 22 2021 9.9965873718262 NA 282.128167086601 NA NA NA NA 1000 NA NA NA 1
23 23 2021 8.91987380981448 NA 299.127761187553 NA NA NA NA 1000 NA NA NA 1
24 24 2021 10.3005996704102 NA 302.241307295799 NA NA NA NA 1000 NA NA NA 1
25 25 2021 10.8958145141602 NA 298.472047327995 NA NA NA NA 1000 NA NA NA 1
26 26 2021 11.3203559875489 NA 285.37107215023 NA NA NA NA 1000 NA NA NA 1
27 27 2021 11.874658203125 NA 283.484208363533 NA NA NA NA 1000 NA NA NA 1
28 28 2021 12.6842437744141 NA 251.617211138725 NA NA NA NA 1000 NA NA NA 1
29 29 2021 12.8813796997071 NA 208.518266373634 NA NA NA NA 1000 NA NA NA 1
30 30 2021 11.5764480590821 NA 271.114788480759 NA NA NA NA 1000 NA NA NA 1
31 31 2021 12.6740203857422 NA 222.600588618278 NA NA NA NA 1000 NA NA NA 1
32 32 2021 12.6856513977051 NA 177.721835267067 NA NA NA NA 1000 NA NA NA 1
33 33 2021 12.446004486084 NA 178.480146045923 NA NA NA NA 1000 NA NA NA 1
34 34 2021 11.5219017028809 NA 240.93838079071 NA NA NA NA 1000 NA NA NA 1
35 35 2021 9.72305068969729 NA 220.660196223259 NA NA NA NA 1000 NA NA NA 1
36 36 2021 5.79462203979494 NA 265.043822547913 NA NA NA NA 1000 NA NA NA 1
37 37 2021 6.16442642211916 NA 324.763208670616 NA NA NA NA 1000 NA NA NA 1
38 38 2021 7.54475555419924 NA 282.386886005402 NA NA NA NA 1000 NA NA NA 1
39 39 2021 8.72174224853518 NA 274.30862548542 NA NA NA NA 1000 NA NA NA 1
40 40 2021 8.12532958984377 NA 202.112752686977 NA NA NA NA 1000 NA NA NA 1
41 41 2021 8.08902511596682 NA 315.864174812317 NA NA NA NA 1000 NA NA NA 1
42 42 2021 6.80515441894534 NA 366.733620336533 NA NA NA NA 1000 NA NA NA 1
43 43 2021 6.89439926147463 NA 240.893774289131 NA NA NA NA 1000 NA NA NA 1
44 44 2021 10.4453941345215 NA 79.3507781813145 NA NA NA NA 1000 NA NA NA 1
45 45 2021 14.2514892578125 NA 117.4760826478 NA NA NA NA 1000 NA NA NA 1
46 46 2021 9.59530410766604 NA 249.431488529205 NA NA NA NA 1000 NA NA NA 1
47 47 2021 8.54686126708987 NA 302.535704561234 NA NA NA NA 1000 NA NA NA 1
48 48 2021 7.6590629577637 NA 355.403508453369 NA NA NA NA 1000 NA NA NA 1
49 49 2021 7.23331604003909 NA 372.10870338898 NA NA NA NA 1000 NA NA NA 1
50 50 2021 7.88246307373049 NA 419.048293272408 NA NA NA NA 1000 NA NA NA 1
51 51 2021 9.49803314208987 NA 327.805384321602 NA NA NA NA 1000 NA NA NA 1
52 52 2021 8.1544013977051 NA 380.708863884751 NA NA NA NA 1000 NA NA NA 1
53 53 2021 7.96388397216799 NA 425.034508686796 NA NA NA NA 1000 NA NA NA 1
54 54 2021 7.48759994506838 NA 421.2384737911 NA NA NA NA 1000 NA NA NA 1
55 55 2021 9.2750297546387 NA 380.847152932394 NA NA NA NA 1000 NA NA NA 1
56 56 2021 10.5972038269043 NA 322.269691326193 NA NA NA NA 1000 NA NA NA 1
57 57 2021 11.9207893371582 NA 163.648428844705 NA NA NA NA 1000 NA NA NA 1
58 58 2021 12.6856513977051 NA 181.968389754523 NA NA NA NA 1000 NA NA NA 1
59 59 2021 10.7762886047364 NA 283.390531117521 NA NA NA NA 1000 NA NA NA 1
60 60 2021 10.0230537414551 NA 331.231179152042 NA NA NA NA 1000 NA NA NA 1
61 61 2021 11.8890968322754 NA 181.584772890396 NA NA NA NA 1000 NA NA NA 1
62 62 2021 12.9672142028809 NA 189.074228444785 NA NA NA NA 1000 NA NA NA 1
63 63 2021 11.098764038086 NA 311.688992567837 NA NA NA NA 1000 NA NA NA 1
64 64 2021 10.9152618408203 NA 199.31145489338 NA NA NA NA 1000 NA NA NA 1
65 65 2021 13.1130081176758 NA 175.946489435375 NA NA NA NA 1000 NA NA NA 1
66 66 2021 10.9295021057129 NA 286.236440807253 NA NA NA NA 1000 NA NA NA 1
67 67 2021 9.04020080566409 NA 358.588431037545 NA NA NA NA 1000 NA NA NA 1
68 68 2021 8.51377258300784 NA 331.04382174617 NA NA NA NA 1000 NA NA NA 1
69 69 2021 9.39174423217776 NA 322.934339207768 NA NA NA NA 1000 NA NA NA 1
70 70 2021 8.77347717285159 NA 447.761593678117 NA NA NA NA 1000 NA NA NA 1
71 71 2021 11.233529663086 NA 501.757951712131 NA NA NA NA 1000 NA NA NA 1
72 72 2021 10.2109619140625 NA 505.959907522082 NA NA NA NA 1000 NA NA NA 1
73 73 2021 10.7636505126953 NA 529.793242538214 NA NA NA NA 1000 NA NA NA 1
74 74 2021 11.297696685791 NA 516.192674618363 NA NA NA NA 1000 NA NA NA 1
75 75 2021 12.5940032958985 NA 522.616026596308 NA NA NA NA 1000 NA NA NA 1
76 76 2021 13.3530555725098 NA 526.403115657091 NA NA NA NA 1000 NA NA NA 1
77 77 2021 15.068692779541 NA 512.097774513006 NA NA NA NA 1000 NA NA NA 1
78 78 2021 13.9963928222656 NA 455.491925174236 NA NA NA NA 1000 NA NA NA 1
79 79 2021 13.2553916931153 NA 313.754277887702 NA NA NA NA 1000 NA NA NA 1
80 80 2021 11.2489677429199 NA 466.969229641914 NA NA NA NA 1000 NA NA NA 1
81 81 2021 11.1990333557129 NA 279.862142996311 NA NA NA NA 1000 NA NA NA 1
82 82 2021 12.9194885253906 NA 336.459065944195 NA NA NA NA 1000 NA NA NA 1
83 83 2021 11.1996322631836 NA 499.18860572958 NA NA NA NA 1000 NA NA NA 1
84 84 2021 12.684644317627 NA 364.445300303698 NA NA NA NA 1000 NA NA NA 1
85 85 2021 12.9469581604004 NA 319.437164056301 NA NA NA NA 1000 NA NA NA 1
86 86 2021 14.0611778259278 NA 320.365002423525 NA NA NA NA 1000 NA NA NA 1
87 87 2021 12.5759559631348 NA 461.937588845253 NA NA NA NA 1000 NA NA NA 1
88 88 2021 11.4998489379883 NA 492.805400837898 NA NA NA NA 1000 NA NA NA 1
89 89 2021 12.1700569152832 NA 543.20200091362 NA NA NA NA 1000 NA NA NA 1
90 90 2021 13.3089347839356 NA 589.169151492119 NA NA NA NA 1000 NA NA NA 1
91 91 2021 14.8537117004395 NA 439.527214308739 NA NA NA NA 1000 NA NA NA 1
92 92 2021 13.1529136657715 NA 302.152093788624 NA NA NA NA 1000 NA NA NA 1
93 93 2021 13.100171661377 NA 401.290377711773 NA NA NA NA 1000 NA NA NA 1
94 94 2021 13.0558525085449 NA 275.597755749941 NA NA NA NA 1000 NA NA NA 1
95 95 2021 12.929704284668 NA 227.119243306398 NA NA NA NA 1000 NA NA NA 1
96 96 2021 14.7406059265137 NA 348.819583124876 NA NA NA NA 1000 NA NA NA 1
97 97 2021 15.5728546142578 NA 436.614388889313 NA NA NA NA 1000 NA NA NA 1
98 98 2021 16.2392517089844 NA 458.074651292801 NA NA NA NA 1000 NA NA NA 1
99 99 2021 15.0263801574707 NA 494.143595885277 NA NA NA NA 1000 NA NA NA 1
100 100 2021 13.3544593811035 NA 637.24620340538 NA NA NA NA 1000 NA NA NA 1
101 101 2021 13.3887573242188 NA 553.573042267799 NA NA NA NA 1000 NA NA NA 1
102 102 2021 12.731778717041 NA 562.017090011597 NA NA NA NA 1000 NA NA NA 1
103 103 2021 14.5462814331055 NA 630.862988937378 NA NA NA NA 1000 NA NA NA 1
104 104 2021 13.8612266540528 NA 603.389742702484 NA NA NA NA 1000 NA NA NA 1
105 105 2021 12.4263511657715 NA 563.587217496872 NA NA NA NA 1000 NA NA NA 1
106 106 2021 12.2613006591797 NA 399.394599882603 NA NA NA NA 1000 NA NA NA 1
107 107 2021 13.58046875 NA 587.023572818756 NA NA NA NA 1000 NA NA NA 1
108 108 2021 15.7314849853516 NA 644.151310212135 NA NA NA NA 1000 NA NA NA 1
109 109 2021 17.2080703735352 NA 604.625360235214 NA NA NA NA 1000 NA NA NA 1
110 110 2021 13.786222076416 NA 539.99032019949 NA NA NA NA 1000 NA NA NA 1
111 111 2021 12.5212036132813 NA 660.196336670875 NA NA NA NA 1000 NA NA NA 1
112 112 2021 14.9714256286621 NA 671.008980475426 NA NA NA NA 1000 NA NA NA 1
113 113 2021 18.9130836486817 NA 668.08278248024 NA NA NA NA 1000 NA NA NA 1
114 114 2021 20.4177528381348 NA 654.624948233604 NA NA NA NA 1000 NA NA NA 1
115 115 2021 18.104695892334 NA 655.914083286286 NA NA NA NA 1000 NA NA NA 1
116 116 2021 15.2866836547852 NA 672.168742460251 NA NA NA NA 1000 NA NA NA 1
117 117 2021 15.4545417785645 NA 619.381236520767 NA NA NA NA 1000 NA NA NA 1
118 118 2021 13.769376373291 NA 611.347587542534 NA NA NA NA 1000 NA NA NA 1
119 119 2021 13.8664451599121 NA 622.356506607056 NA NA NA NA 1000 NA NA NA 1
120 120 2021 14.1181198120117 NA 640.631846048355 NA NA NA NA 1000 NA NA NA 1
121 121 2021 13.5154930114746 NA 678.96234561348 NA NA NA NA 1000 NA NA NA 1
122 122 2021 15.2479759216309 NA 711.088058732986 NA NA NA NA 1000 NA NA NA 1
123 123 2021 15.031396484375 NA 698.000452098846 NA NA NA NA 1000 NA NA NA 1
124 124 2021 13.6003204345703 NA 680.04627624321 NA NA NA NA 1000 NA NA NA 1
125 125 2021 12.8886009216309 NA 653.487503108024 NA NA NA NA 1000 NA NA NA 1
126 126 2021 12.9844604492188 NA 564.564118126869 NA NA NA NA 1000 NA NA NA 1
127 127 2021 13.7752014160156 NA 554.121690846443 NA NA NA NA 1000 NA NA NA 1
128 128 2021 13.9556861877442 NA 646.296879813194 NA NA NA NA 1000 NA NA NA 1
129 129 2021 14.2996154785156 NA 541.248219814301 NA NA NA NA 1000 NA NA NA 1
130 130 2021 14.9798522949219 NA 576.92462900734 NA NA NA NA 1000 NA NA NA 1
131 131 2021 15.0181594848633 NA 647.340699771881 NA NA NA NA 1000 NA NA NA 1
132 132 2021 14.6216865539551 NA 639.106307928085 NA NA NA NA 1000 NA NA NA 1
133 133 2021 14.3260818481446 NA 666.780268919757 NA NA NA NA 1000 NA NA NA 1
134 134 2021 14.2352424621582 NA 576.500864062698 NA NA NA NA 1000 NA NA NA 1
135 135 2021 14.5695434570313 NA 234.002045214465 NA NA NA NA 1000 NA NA NA 1
136 136 2021 13.4944396972656 NA 429.334588996699 NA NA NA NA 1000 NA NA NA 1
137 137 2021 12.8629318237305 NA 463.556819359604 NA NA NA NA 1000 NA NA NA 1
138 138 2021 12.1834922790528 NA 416.059653553739 NA NA NA NA 1000 NA NA NA 1
139 139 2021 11.5399566650391 NA 419.150881991587 NA NA NA NA 1000 NA NA NA 1
140 140 2021 12.0826240539551 NA 546.663476419803 NA NA NA NA 1000 NA NA NA 1
141 141 2021 13.2993103027344 NA 451.361367221557 NA NA NA NA 1000 NA NA NA 1
142 142 2021 13.7990661621094 NA 528.334586662017 NA NA NA NA 1000 NA NA NA 1
143 143 2021 15.8419853210449 NA 651.038576719411 NA NA NA NA 1000 NA NA NA 1
144 144 2021 15.7352996826172 NA 603.599405540593 NA NA NA NA 1000 NA NA NA 1
145 145 2021 14.3246856689453 NA 627.655773537136 NA NA NA NA 1000 NA NA NA 1
146 146 2021 13.1264396667481 NA 610.210101008818 NA NA NA NA 1000 NA NA NA 1
147 147 2021 12.7855201721192 NA 594.553195328697 NA NA NA NA 1000 NA NA NA 1
148 148 2021 14.0988746643067 NA 583.767271837085 NA NA NA NA 1000 NA NA NA 1
149 149 2021 15.2716423034668 NA 661.962742503226 NA NA NA NA 1000 NA NA NA 1
150 150 2021 14.792741394043 NA 661.793249959782 NA NA NA NA 1000 NA NA NA 1
151 151 2021 15.0951629638672 NA 683.110754623249 NA NA NA NA 1000 NA NA NA 1
152 152 2021 16.8126045227051 NA 707.184974472284 NA NA NA NA 1000 NA NA NA 1
153 153 2021 16.0479370117188 NA 626.393410073236 NA NA NA NA 1000 NA NA NA 1
154 154 2021 15.8096900939942 NA 662.729996967047 NA NA NA NA 1000 NA NA NA 1
155 155 2021 17.7840324401856 NA 723.006952263087 NA NA NA NA 1000 NA NA NA 1
156 156 2021 20.5767837524414 NA 741.456273195386 NA NA NA NA 1000 NA NA NA 1
157 157 2021 16.6916862487793 NA 729.666715467393 NA NA NA NA 1000 NA NA NA 1
158 158 2021 14.819425201416 NA 767.140775034457 NA NA NA NA 1000 NA NA NA 1
159 159 2021 19.1412979125977 NA 778.711754157186 NA NA NA NA 1000 NA NA NA 1
160 160 2021 22.7859550476074 NA 755.578737706631 NA NA NA NA 1000 NA NA NA 1
161 161 2021 26.2677665710449 NA 709.433148836404 NA NA NA NA 1000 NA NA NA 1
162 162 2021 27.3282371520996 NA 735.345161845833 NA NA NA NA 1000 NA NA NA 1
163 163 2021 26.0269180297852 NA 727.19997985509 NA NA NA NA 1000 NA NA NA 1
164 164 2021 19.1238571166992 NA 709.013842549086 NA NA NA NA 1000 NA NA NA 1
165 165 2021 16.0834327697754 NA 710.262841855884 NA NA NA NA 1000 NA NA NA 1
166 166 2021 15.3518577575684 NA 653.857714024961 NA NA NA NA 1000 NA NA NA 1
167 167 2021 15.047437286377 NA 595.637114255786 NA NA NA NA 1000 NA NA NA 1
168 168 2021 16.618482208252 NA 691.420983035564 NA NA NA NA 1000 NA NA NA 1
169 169 2021 18.9233146667481 NA 734.903561947048 NA NA NA NA 1000 NA NA NA 1
170 170 2021 17.8101058959961 NA 678.717008279741 NA NA NA NA 1000 NA NA NA 1
171 171 2021 17.2560020446778 NA 723.332581280768 NA NA NA NA 1000 NA NA NA 1
172 172 2021 16.4929481506348 NA 756.475350558817 NA NA NA NA 1000 NA NA NA 1
173 173 2021 19.0777336120606 NA 766.324481051624 NA NA NA NA 1000 NA NA NA 1
174 174 2021 20.6866737365723 NA 758.982240282118 NA NA NA NA 1000 NA NA NA 1
175 175 2021 19.8219467163086 NA 720.330567492008 NA NA NA NA 1000 NA NA NA 1
176 176 2021 18.3754287719727 NA 719.291235047579 NA NA NA NA 1000 NA NA NA 1
177 177 2021 17.0646873474121 NA 722.957893937945 NA NA NA NA 1000 NA NA NA 1
178 178 2021 16.3684059143067 NA 752.094969498575 NA NA NA NA 1000 NA NA NA 1
179 179 2021 16.562329864502 NA 663.202825247467 NA NA NA NA 1000 NA NA NA 1
180 180 2021 16.6754356384278 NA 719.991561141908 NA NA NA NA 1000 NA NA NA 1
181 181 2021 17.1876159667969 NA 736.919784815133 NA NA NA NA 1000 NA NA NA 1
182 182 2021 16.6527801513672 NA 749.124155677497 NA NA NA NA 1000 NA NA NA 1
183 183 2021 16.6405387878418 NA 750.716621379733 NA NA NA NA 1000 NA NA NA 1
184 184 2021 16.3802352905274 NA 740.822852695286 NA NA NA NA 1000 NA NA NA 1
185 185 2021 16.7191520690918 NA 733.828527656198 NA NA NA NA 1000 NA NA NA 1
186 186 2021 17.4084182739258 NA 731.366238827288 NA NA NA NA 1000 NA NA NA 1
187 187 2021 17.4950500488281 NA 750.93963895613 NA NA NA NA 1000 NA NA NA 1
188 188 2021 16.6327186584473 NA 680.505742941737 NA NA NA NA 1000 NA NA NA 1
189 189 2021 15.8720642089844 NA 682.138327757299 NA NA NA NA 1000 NA NA NA 1
190 190 2021 15.6667152404785 NA 636.055201698542 NA NA NA NA 1000 NA NA NA 1
191 191 2021 18.1099105834961 NA 668.198760669589 NA NA NA NA 1000 NA NA NA 1
192 192 2021 18.5438858032227 NA 700.84636587584 NA NA NA NA 1000 NA NA NA 1
193 193 2021 17.3388305664063 NA 692.897449568748 NA NA NA NA 1000 NA NA NA 1
194 194 2021 17.8917289733887 NA 734.475321173072 NA NA NA NA 1000 NA NA NA 1
195 195 2021 18.5302482604981 NA 731.22349431771 NA NA NA NA 1000 NA NA NA 1
196 196 2021 19.7629829406739 NA 730.880029686332 NA NA NA NA 1000 NA NA NA 1
197 197 2021 18.665616607666 NA 706.27501298514 NA NA NA NA 1000 NA NA NA 1
198 198 2021 18.1811080932617 NA 665.963967985034 NA NA NA NA 1000 NA NA NA 1
199 199 2021 19.4334922790528 NA 655.744584678888 NA NA NA NA 1000 NA NA NA 1
200 200 2021 18.1373878479004 NA 644.619666760325 NA NA NA NA 1000 NA NA NA 1
201 201 2021 17.9641204833985 NA 675.121705799133 NA NA NA NA 1000 NA NA NA 1
202 202 2021 18.1375900268555 NA 668.502078309208 NA NA NA NA 1000 NA NA NA 1
203 203 2021 19.409024810791 NA 700.480594528556 NA NA NA NA 1000 NA NA NA 1
204 204 2021 19.4944625854492 NA 697.532103394419 NA NA NA NA 1000 NA NA NA 1
205 205 2021 19.8656631469727 NA 707.104676803142 NA NA NA NA 1000 NA NA NA 1
206 206 2021 21.9306427001953 NA 686.576703361899 NA NA NA NA 1000 NA NA NA 1
207 207 2021 19.3444572448731 NA 630.470457900837 NA NA NA NA 1000 NA NA NA 1
208 208 2021 18.7173515319824 NA 696.697950187847 NA NA NA NA 1000 NA NA NA 1
209 209 2021 22.1205574035645 NA 719.425042881176 NA NA NA NA 1000 NA NA NA 1
210 210 2021 19.4340950012207 NA 717.025219147563 NA NA NA NA 1000 NA NA NA 1
211 211 2021 17.1525283813477 NA 686.019108263195 NA NA NA NA 1000 NA NA NA 1
212 212 2021 17.3091484069824 NA 676.299331496596 NA NA NA NA 1000 NA NA NA 1
213 213 2021 17.8660522460938 NA 659.995595151983 NA NA NA NA 1000 NA NA NA 1
214 214 2021 18.0224815368653 NA 634.81959309636 NA NA NA NA 1000 NA NA NA 1
215 215 2021 19.0390258789063 NA 671.013435401842 NA NA NA NA 1000 NA NA NA 1
216 216 2021 19.543790435791 NA 664.371505692787 NA NA NA NA 1000 NA NA NA 1
217 217 2021 18.8124176025391 NA 627.405972188927 NA NA NA NA 1000 NA NA NA 1
218 218 2021 19.0181709289551 NA 615.754719440237 NA NA NA NA 1000 NA NA NA 1
219 219 2021 18.3263069152832 NA 656.391377108976 NA NA NA NA 1000 NA NA NA 1
220 220 2021 17.4427124023438 NA 679.261203233356 NA NA NA NA 1000 NA NA NA 1
221 221 2021 17.6827560424805 NA 642.697145262154 NA NA NA NA 1000 NA NA NA 1
222 222 2021 19.7671905517578 NA 612.190637534907 NA NA NA NA 1000 NA NA NA 1
223 223 2021 19.0177627563477 NA 636.12212279129 NA NA NA NA 1000 NA NA NA 1
224 224 2021 20.9796691894531 NA 677.133477032661 NA NA NA NA 1000 NA NA NA 1
225 225 2021 21.1220603942871 NA 681.438019051552 NA NA NA NA 1000 NA NA NA 1
226 226 2021 23.012166595459 NA 675.915714801788 NA NA NA NA 1000 NA NA NA 1
227 227 2021 24.1582656860352 NA 678.012222392082 NA NA NA NA 1000 NA NA NA 1
228 228 2021 23.4886489868164 NA 675.362586521149 NA NA NA NA 1000 NA NA NA 1
229 229 2021 19.8297630310059 NA 649.27660843277 NA NA NA NA 1000 NA NA NA 1
230 230 2021 17.8018775939942 NA 596.230385590553 NA NA NA NA 1000 NA NA NA 1
231 231 2021 17.9567008972168 NA 577.566961218834 NA NA NA NA 1000 NA NA NA 1
232 232 2021 17.8157173156739 NA 602.716193701744 NA NA NA NA 1000 NA NA NA 1
233 233 2021 18.9094749450684 NA 631.273388710975 NA NA NA NA 1000 NA NA NA 1
234 234 2021 21.1936470031739 NA 617.369468279838 NA NA NA NA 1000 NA NA NA 1
235 235 2021 20.4867454528809 NA 604.834990934372 NA NA NA NA 1000 NA NA NA 1
236 236 2021 19.8367820739746 NA 601.248640707016 NA NA NA NA 1000 NA NA NA 1
237 237 2021 20.4604698181153 NA 621.067371554375 NA NA NA NA 1000 NA NA NA 1
238 238 2021 21.0073448181153 NA 608.845140727997 NA NA NA NA 1000 NA NA NA 1
239 239 2021 20.8419013977051 NA 620.572230415344 NA NA NA NA 1000 NA NA NA 1
240 240 2021 19.4681907653809 NA 531.970028172493 NA NA NA NA 1000 NA NA NA 1
241 241 2021 19.3953910827637 NA 527.156991591454 NA NA NA NA 1000 NA NA NA 1
242 242 2021 19.2868972778321 NA 614.880421257973 NA NA NA NA 1000 NA NA NA 1
243 243 2021 19.6518875122071 NA 598.835428064346 NA NA NA NA 1000 NA NA NA 1
244 244 2021 22.1506401062012 NA 613.354874065399 NA NA NA NA 1000 NA NA NA 1
245 245 2021 21.3123680114746 NA 602.965986481667 NA NA NA NA 1000 NA NA NA 1
246 246 2021 18.9555946350098 NA 578.44125409317 NA NA NA NA 1000 NA NA NA 1
247 247 2021 19.3480659484864 NA 559.679689571381 NA NA NA NA 1000 NA NA NA 1
248 248 2021 18.7971702575684 NA 534.628600262642 NA NA NA NA 1000 NA NA NA 1
249 249 2021 18.4319854736328 NA 549.241742496967 NA NA NA NA 1000 NA NA NA 1
250 250 2021 17.6606956481934 NA 537.710921013355 NA NA NA NA 1000 NA NA NA 1
251 251 2021 17.5275436401367 NA 565.487491156578 NA NA NA NA 1000 NA NA NA 1
252 252 2021 18.2300430297852 NA 579.58764753437 NA NA NA NA 1000 NA NA NA 1
253 253 2021 17.7595687866211 NA 568.39582528162 NA NA NA NA 1000 NA NA NA 1
254 254 2021 18.0746208190918 NA 563.257159021378 NA NA NA NA 1000 NA NA NA 1
255 255 2021 21.4533515930176 NA 572.24538421011 NA NA NA NA 1000 NA NA NA 1
256 256 2021 23.8031059265137 NA 572.414890125752 NA NA NA NA 1000 NA NA NA 1
257 257 2021 23.2714706420899 NA 569.823242908478 NA NA NA NA 1000 NA NA NA 1
258 258 2021 19.0480514526367 NA 524.061274576187 NA NA NA NA 1000 NA NA NA 1
259 259 2021 18.1690727233887 NA 384.790382779121 NA NA NA NA 1000 NA NA NA 1
260 260 2021 17.0723167419434 NA 536.537745123386 NA NA NA NA 1000 NA NA NA 1
261 261 2021 17.9376502990723 NA 380.856077949047 NA NA NA NA 1000 NA NA NA 1
262 262 2021 17.2243209838867 NA 408.30700984478 NA NA NA NA 1000 NA NA NA 1
263 263 2021 18.5523162841797 NA 538.634266826153 NA NA NA NA 1000 NA NA NA 1
264 264 2021 20.4492431640625 NA 534.454632285595 NA NA NA NA 1000 NA NA NA 1
265 265 2021 19.7740188598633 NA 516.692255516052 NA NA NA NA 1000 NA NA NA 1
266 266 2021 18.6293159484864 NA 508.444501680851 NA NA NA NA 1000 NA NA NA 1
267 267 2021 22.731404876709 NA 519.154539745808 NA NA NA NA 1000 NA NA NA 1
268 268 2021 24.114347076416 NA 499.630215236187 NA NA NA NA 1000 NA NA NA 1
269 269 2021 23.2048851013184 NA 490.097783369541 NA NA NA NA 1000 NA NA NA 1
270 270 2021 19.1084190368653 NA 383.496787681103 NA NA NA NA 1000 NA NA NA 1
271 271 2021 14.5643287658692 NA 481.546668328762 NA NA NA NA 1000 NA NA NA 1
272 272 2021 13.8179145812989 NA 507.378391071796 NA NA NA NA 1000 NA NA NA 1
273 273 2021 13.8269401550293 NA 457.686587027073 NA NA NA NA 1000 NA NA NA 1
274 274 2021 13.2379470825196 NA 492.064937548637 NA NA NA NA 1000 NA NA NA 1
275 275 2021 14.7602592468262 NA 496.141977437973 NA NA NA NA 1000 NA NA NA 1
276 276 2021 14.912671661377 NA 487.822837928534 NA NA NA NA 1000 NA NA NA 1
277 277 2021 14.6060424804688 NA 488.670361710548 NA NA NA NA 1000 NA NA NA 1
278 278 2021 15.7090164184571 NA 479.918524720907 NA NA NA NA 1000 NA NA NA 1
279 279 2021 18.4624649047852 NA 470.867843020916 NA NA NA NA 1000 NA NA NA 1
280 280 2021 20.5495086669922 NA 450.661037827492 NA NA NA NA 1000 NA NA NA 1
281 281 2021 19.8385902404785 NA 461.139122033834 NA NA NA NA 1000 NA NA NA 1
282 282 2021 16.4387985229492 NA 446.294042069435 NA NA NA NA 1000 NA NA NA 1
283 283 2021 16.4688774108887 NA 473.771736757278 NA NA NA NA 1000 NA NA NA 1
284 284 2021 16.3812423706055 NA 449.572635308027 NA NA NA NA 1000 NA NA NA 1
285 285 2021 16.2677360534668 NA 436.641162013769 NA NA NA NA 1000 NA NA NA 1
286 286 2021 16.4702812194824 NA 438.180091610432 NA NA NA NA 1000 NA NA NA 1
287 287 2021 14.3964744567871 NA 442.172391646385 NA NA NA NA 1000 NA NA NA 1
288 288 2021 14.106088256836 NA 429.816342575312 NA NA NA NA 1000 NA NA NA 1
289 289 2021 13.8209243774414 NA 376.136701186061 NA NA NA NA 1000 NA NA NA 1
290 290 2021 15.4226509094239 NA 326.373503654838 NA NA NA NA 1000 NA NA NA 1
291 291 2021 14.7067161560059 NA 402.325252630949 NA NA NA NA 1000 NA NA NA 1
292 292 2021 13.7671752929688 NA 388.046665458679 NA NA NA NA 1000 NA NA NA 1
293 293 2021 14.9690261840821 NA 365.618436754346 NA NA NA NA 1000 NA NA NA 1
294 294 2021 16.8888069152832 NA 397.842281329632 NA NA NA NA 1000 NA NA NA 1
295 295 2021 19.1366897583008 NA 401.883650180578 NA NA NA NA 1000 NA NA NA 1
296 296 2021 19.4766098022461 NA 391.432305329561 NA NA NA NA 1000 NA NA NA 1
297 297 2021 21.7994895935059 NA 389.786325068474 NA NA NA NA 1000 NA NA NA 1
298 298 2021 21.7906661987305 NA 390.085193971634 NA NA NA NA 1000 NA NA NA 1
299 299 2021 19.4575553894043 NA 386.409606800318 NA NA NA NA 1000 NA NA NA 1
300 300 2021 15.5794692993164 NA 395.442451973081 NA NA NA NA 1000 NA NA NA 1
301 301 2021 14.4969497680664 NA 392.493964587569 NA NA NA NA 1000 NA NA NA 1
302 302 2021 12.6110549926758 NA 377.836199534118 NA NA NA NA 1000 NA NA NA 1
303 303 2021 13.4874206542969 NA 377.943259144843 NA NA NA NA 1000 NA NA NA 1
304 304 2021 13.2644172668457 NA 374.910010548234 NA NA NA NA 1000 NA NA NA 1
305 305 2021 12.5835777282715 NA 373.081137935281 NA NA NA NA 1000 NA NA NA 1
306 306 2021 13.837361907959 NA 365.75226451236 NA NA NA NA 1000 NA NA NA 1
307 307 2021 14.3397155761719 NA 358.949758184522 NA NA NA NA 1000 NA NA NA 1
308 308 2021 15.052449798584 NA 347.053155052781 NA NA NA NA 1000 NA NA NA 1
309 309 2021 14.2011466979981 NA 340.553966805577 NA NA NA NA 1000 NA NA NA 1
310 310 2021 13.7451148986817 NA 312.906769226193 NA NA NA NA 1000 NA NA NA 1
311 311 2021 13.2880798339844 NA 326.079101727247 NA NA NA NA 1000 NA NA NA 1
312 312 2021 12.9419456481934 NA 313.094109605744 NA NA NA NA 1000 NA NA NA 1
313 313 2021 12.9036346435547 NA 315.453806933537 NA NA NA NA 1000 NA NA NA 1
314 314 2021 13.150708770752 NA 315.846344081283 NA NA NA NA 1000 NA NA NA 1
315 315 2021 14.2318321228028 NA 307.973268878862 NA NA NA NA 1000 NA NA NA 1
316 316 2021 15.7725959777832 NA 279.072609742269 NA NA NA NA 1000 NA NA NA 1
317 317 2021 14.2442680358887 NA 235.942437564202 NA NA NA NA 1000 NA NA NA 1
318 318 2021 13.6187721252442 NA 219.678845529821 NA NA NA NA 1000 NA NA NA 1
319 319 2021 13.3532577514649 NA 236.040567988321 NA NA NA NA 1000 NA NA NA 1
320 320 2021 13.6921707153321 NA 281.900677226707 NA NA NA NA 1000 NA NA NA 1
321 321 2021 14.730184173584 NA 293.926621336574 NA NA NA NA 1000 NA NA NA 1
322 322 2021 15.1645523071289 NA 297.789555264436 NA NA NA NA 1000 NA NA NA 1
323 323 2021 14.6938758850098 NA 280.95501775399 NA NA NA NA 1000 NA NA NA 1
324 324 2021 13.051042175293 NA 285.71007830148 NA NA NA NA 1000 NA NA NA 1
325 325 2021 12.6567741394043 NA 285.31753534179 NA NA NA NA 1000 NA NA NA 1
326 326 2021 11.1964241027832 NA 257.367012729883 NA NA NA NA 1000 NA NA NA 1
327 327 2021 12.3341003417969 NA 265.971639494419 NA NA NA NA 1000 NA NA NA 1
328 328 2021 12.2731338500977 NA 282.574233614445 NA NA NA NA 1000 NA NA NA 1
329 329 2021 11.6402221679688 NA 282.690204873562 NA NA NA NA 1000 NA NA NA 1
330 330 2021 9.99979553222659 NA 267.118026887417 NA NA NA NA 1000 NA NA NA 1
331 331 2021 8.34211120605471 NA 148.080714605272 NA NA NA NA 1000 NA NA NA 1
332 332 2021 6.36496887207034 NA 180.389312327385 NA NA NA NA 1000 NA NA NA 1
333 333 2021 6.47886810302737 NA 239.533272210836 NA NA NA NA 1000 NA NA NA 1
334 334 2021 7.1093803405762 NA 116.396599462986 NA NA NA NA 1000 NA NA NA 1
335 335 2021 11.1448837280274 NA 33.7360132068992 NA NA NA NA 1000 NA NA NA 1
336 336 2021 12.4911209106446 NA 37.7283082971871 NA NA NA NA 1000 NA NA NA 1
337 337 2021 12.9086547851563 NA 152.84916402638 NA NA NA NA 1000 NA NA NA 1
338 338 2021 12.3866439819336 NA 112.787924564123 NA NA NA NA 1000 NA NA NA 1
339 339 2021 12.1094985961914 NA 129.640319906354 NA NA NA NA 1000 NA NA NA 1
340 340 2021 13.8897071838379 NA 159.825642016888 NA NA NA NA 1000 NA NA NA 1
341 341 2021 14.8226333618164 NA 162.983788326502 NA NA NA NA 1000 NA NA NA 1
342 342 2021 13.3979812622071 NA 176.521915989637 NA NA NA NA 1000 NA NA NA 1
343 343 2021 11.1797805786133 NA 154.058003646493 NA NA NA NA 1000 NA NA NA 1
344 344 2021 11.0929466247559 NA 183.623293772221 NA NA NA NA 1000 NA NA NA 1
345 345 2021 12.1838966369629 NA 114.567731764197 NA NA NA NA 1000 NA NA NA 1
346 346 2021 14.3866516113281 NA 81.8219881719351 NA NA NA NA 1000 NA NA NA 1
347 347 2021 14.0824256896973 NA 70.7372327751517 NA NA NA NA 1000 NA NA NA 1
348 348 2021 12.2167793273926 NA 169.978114468127 NA NA NA NA 1000 NA NA NA 1
349 349 2021 9.65366134643557 NA 247.553549873352 NA NA NA NA 1000 NA NA NA 1
350 350 2021 8.25446853637698 NA 241.549499993086 NA NA NA NA 1000 NA NA NA 1
351 351 2021 8.69246063232424 NA 197.406749633789 NA NA NA NA 1000 NA NA NA 1
352 352 2021 10.4877067565918 NA 149.463517225265 NA NA NA NA 1000 NA NA NA 1
353 353 2021 11.2401443481446 NA 162.948104813695 NA NA NA NA 1000 NA NA NA 1
354 354 2021 11.0283752441406 NA 198.61559454608 NA NA NA NA 1000 NA NA NA 1
355 355 2021 10.6016174316406 NA 181.504477890968 NA NA NA NA 1000 NA NA NA 1
356 356 2021 11.7092147827149 NA 127.18249433589 NA NA NA NA 1000 NA NA NA 1
357 357 2021 8.2211853027344 NA 145.738858466864 NA NA NA NA 1000 NA NA NA 1
358 358 2021 7.83353195190432 NA 200.837005330563 NA NA NA NA 1000 NA NA NA 1
359 359 2021 8.49933013916018 NA 157.925396582127 NA NA NA NA 1000 NA NA NA 1
360 360 2021 9.27503356933596 NA 195.54219294101 NA NA NA NA 1000 NA NA NA 1
361 361 2021 7.8904968261719 NA 256.242925311565 NA NA NA NA 1000 NA NA NA 1
362 362 2021 8.06075057983401 NA 245.242927345753 NA NA NA NA 1000 NA NA NA 1
363 363 2021 9.43226013183596 NA 177.935946424246 NA NA NA NA 1000 NA NA NA 1
364 364 2021 9.48961029052737 NA 189.828073035598 NA NA NA NA 1000 NA NA NA 1
365 365 2021 9.15250549316409 NA 225.06287032795 NA NA NA NA 1000 NA NA NA 1
1 1 2021 10.2195030212403 NA 205.380068605737 NA NA NA NA 1000 NA NA NA 1
2 2 2021 11.034139251709 NA 219.368264690713 NA NA NA NA 1000 NA NA NA 1
3 3 2021 10.2772880554199 NA 240.181264085606 NA NA NA NA 1000 NA NA NA 1
4 4 2021 11.0066429138184 NA 172.467729795293 NA NA NA NA 1000 NA NA NA 1
5 5 2021 8.9464050292969 NA 236.390196063594 NA NA NA NA 1000 NA NA NA 1
6 6 2021 9.27144775390627 NA 258.74457104905 NA NA NA NA 1000 NA NA NA 1
7 7 2021 7.93821105957034 NA 248.467255665139 NA NA NA NA 1000 NA NA NA 1
8 8 2021 9.46371994018557 NA 185.386759920911 NA NA NA NA 1000 NA NA NA 1
9 9 2021 9.80573425292971 NA 176.236529595689 NA NA NA NA 1000 NA NA NA 1
10 10 2021 7.96291122436526 NA 231.935349407986 NA NA NA NA 1000 NA NA NA 1
11 11 2021 9.7286087036133 NA 242.684877699212 NA NA NA NA 1000 NA NA NA 1
12 12 2021 7.97558364868166 NA 202.693805324391 NA NA NA NA 1000 NA NA NA 1
13 13 2021 8.85317764282229 NA 240.26144561036 NA NA NA NA 1000 NA NA NA 1
14 14 2021 10.1002670288086 NA 234.839914998845 NA NA NA NA 1000 NA NA NA 1
15 15 2021 6.91304168701174 NA 218.468382375554 NA NA NA NA 1000 NA NA NA 1
16 16 2021 8.98078689575198 NA 119.067595878915 NA NA NA NA 1000 NA NA NA 1
17 17 2021 6.54116210937502 NA 169.433985183076 NA NA NA NA 1000 NA NA NA 1
18 18 2021 7.22732696533205 NA 251.607918889359 NA NA NA NA 1000 NA NA NA 1
19 19 2021 7.98353729248049 NA 218.918321265057 NA NA NA NA 1000 NA NA NA 1
20 20 2021 7.69695434570315 NA 145.542692384318 NA NA NA NA 1000 NA NA NA 1
21 21 2021 10.2568832397461 NA 166.012678557948 NA NA NA NA 1000 NA NA NA 1
22 22 2021 11.902490234375 NA 160.034275576428 NA NA NA NA 1000 NA NA NA 1
23 23 2021 10.5342231750489 NA 164.261923268632 NA NA NA NA 1000 NA NA NA 1
24 24 2021 11.0285545349121 NA 207.89705832322 NA NA NA NA 1000 NA NA NA 1
25 25 2021 12.6397834777832 NA 216.281060016469 NA NA NA NA 1000 NA NA NA 1
26 26 2021 13.8980461120606 NA 196.737682660893 NA NA NA NA 1000 NA NA NA 1
27 27 2021 10.5911575317383 NA 267.5740556186 NA NA NA NA 1000 NA NA NA 1
28 28 2021 11.2079368591309 NA 188.326951944665 NA NA NA NA 1000 NA NA NA 1
29 29 2021 10.4833084106446 NA 233.552459834412 NA NA NA NA 1000 NA NA NA 1
30 30 2021 11.3742195129395 NA 213.866532393769 NA NA NA NA 1000 NA NA NA 1
31 31 2021 11.6030097961426 NA 245.584980724648 NA NA NA NA 1000 NA NA NA 1
32 32 2021 11.9035583496094 NA 278.27902831395 NA NA NA NA 1000 NA NA NA 1
33 33 2021 11.3288894653321 NA 306.954822526292 NA NA NA NA 1000 NA NA NA 1
34 34 2021 7.81919250488284 NA 349.404962495164 NA NA NA NA 1000 NA NA NA 1
35 35 2021 7.74614868164065 NA 356.118416884736 NA NA NA NA 1000 NA NA NA 1
36 36 2021 7.75324020385744 NA 337.256629615144 NA NA NA NA 1000 NA NA NA 1
37 37 2021 9.19497070312502 NA 328.124212758378 NA NA NA NA 1000 NA NA NA 1
38 38 2021 10.3131614685059 NA 336.098374640778 NA NA NA NA 1000 NA NA NA 1
39 39 2021 10.2719207763672 NA 356.399068601922 NA NA NA NA 1000 NA NA NA 1
40 40 2021 10.6676345825196 NA 374.494610102967 NA NA NA NA 1000 NA NA NA 1
41 41 2021 11.7589775085449 NA 378.771263860062 NA NA NA NA 1000 NA NA NA 1
42 42 2021 13.0009132385254 NA 378.3792294534 NA NA NA NA 1000 NA NA NA 1
43 43 2021 12.2296691894531 NA 376.757674102143 NA NA NA NA 1000 NA NA NA 1
44 44 2021 10.3243309020996 NA 351.320549195603 NA NA NA NA 1000 NA NA NA 1
45 45 2021 9.95526275634768 NA 310.594436249093 NA NA NA NA 1000 NA NA NA 1
46 46 2021 10.4929748535156 NA 342.589071715668 NA NA NA NA 1000 NA NA NA 1
47 47 2021 11.4513412475586 NA 366.507083709077 NA NA NA NA 1000 NA NA NA 1
48 48 2021 11.1548782348633 NA 384.580376897172 NA NA NA NA 1000 NA NA NA 1
49 49 2021 12.5596557617188 NA 408.150917640046 NA NA NA NA 1000 NA NA NA 1
50 50 2021 10.6942764282227 NA 405.019163754628 NA NA NA NA 1000 NA NA NA 1
51 51 2021 11.087419128418 NA 391.48982463524 NA NA NA NA 1000 NA NA NA 1
52 52 2021 13.1027542114258 NA 390.84833077116 NA NA NA NA 1000 NA NA NA 1
53 53 2021 14.6602684020996 NA 394.559207778726 NA NA NA NA 1000 NA NA NA 1
54 54 2021 10.6117874145508 NA 394.372086807959 NA NA NA NA 1000 NA NA NA 1
55 55 2021 11.3894630432129 NA 422.669223225471 NA NA NA NA 1000 NA NA NA 1
56 56 2021 14.0383392333985 NA 435.24523593231 NA NA NA NA 1000 NA NA NA 1
57 57 2021 14.2748657226563 NA 435.98027936272 NA NA NA NA 1000 NA NA NA 1
58 58 2021 14.7217079162598 NA 428.233305434104 NA NA NA NA 1000 NA NA NA 1
59 59 2021 15.772664642334 NA 388.79910098764 NA NA NA NA 1000 NA NA NA 1
60 60 2021 13.2832046508789 NA 402.462087239471 NA NA NA NA 1000 NA NA NA 1
61 61 2021 9.95848236083987 NA 286.213098695007 NA NA NA NA 1000 NA NA NA 1
62 62 2021 12.4344078063965 NA 384.482362453368 NA NA NA NA 1000 NA NA NA 1
63 63 2021 14.8529754638672 NA 466.446906034049 NA NA NA NA 1000 NA NA NA 1
64 64 2021 14.6291252136231 NA 468.496151331839 NA NA NA NA 1000 NA NA NA 1
65 65 2021 14.1534782409668 NA 395.868912161764 NA NA NA NA 1000 NA NA NA 1
66 66 2021 12.5731903076172 NA 339.613239195105 NA NA NA NA 1000 NA NA NA 1
67 67 2021 10.3984580993653 NA 250.062090421256 NA NA NA NA 1000 NA NA NA 1
68 68 2021 9.37370834350588 NA 283.308540191886 NA NA NA NA 1000 NA NA NA 1
69 69 2021 11.420613861084 NA 356.501532257315 NA NA NA NA 1000 NA NA NA 1
70 70 2021 13.7420783996582 NA 426.179628315922 NA NA NA NA 1000 NA NA NA 1
71 71 2021 14.7784286499024 NA 413.371985541936 NA NA NA NA 1000 NA NA NA 1
72 72 2021 13.6634498596192 NA 484.489003412601 NA NA NA NA 1000 NA NA NA 1
73 73 2021 13.1686988830567 NA 485.55816433179 NA NA NA NA 1000 NA NA NA 1
74 74 2021 11.0983711242676 NA 316.113967131552 NA NA NA NA 1000 NA NA NA 1
75 75 2021 9.94816741943362 NA 266.687550148901 NA NA NA NA 1000 NA NA NA 1
76 76 2021 7.86666641235354 NA 289.117649889883 NA NA NA NA 1000 NA NA NA 1
77 77 2021 7.78374252319338 NA 415.733050582525 NA NA NA NA 1000 NA NA NA 1
78 78 2021 8.6503730773926 NA 372.458749651906 NA NA NA NA 1000 NA NA NA 1
79 79 2021 9.72710571289065 NA 411.812789300677 NA NA NA NA 1000 NA NA NA 1
80 80 2021 10.1612754821778 NA 467.057216226336 NA NA NA NA 1000 NA NA NA 1
81 81 2021 12.0537239074707 NA 464.117029746768 NA NA NA NA 1000 NA NA NA 1
82 82 2021 12.3095909118653 NA 461.515414335724 NA NA NA NA 1000 NA NA NA 1
83 83 2021 12.1136604309082 NA 441.900754881379 NA NA NA NA 1000 NA NA NA 1
84 84 2021 10.2828727722168 NA 375.381124175068 NA NA NA NA 1000 NA NA NA 1
85 85 2021 9.27939758300784 NA 448.645393047091 NA NA NA NA 1000 NA NA NA 1
86 86 2021 8.0080276489258 NA 540.361560992238 NA NA NA NA 1000 NA NA NA 1
87 87 2021 9.60915908813479 NA 546.29541518211 NA NA NA NA 1000 NA NA NA 1
88 88 2021 10.4409957885742 NA 323.807476351735 NA NA NA NA 1000 NA NA NA 1
89 89 2021 11.6764808654785 NA 347.827956992146 NA NA NA NA 1000 NA NA NA 1
90 90 2021 12.4086242675781 NA 461.239205023285 NA NA NA NA 1000 NA NA NA 1
91 91 2021 12.7661071777344 NA 476.933590469357 NA NA NA NA 1000 NA NA NA 1
92 92 2021 12.164151763916 NA 534.574744653699 NA NA NA NA 1000 NA NA NA 1
93 93 2021 10.9991203308106 NA 619.350300071236 NA NA NA NA 1000 NA NA NA 1
94 94 2021 11.2665878295899 NA 607.054939924237 NA NA NA NA 1000 NA NA NA 1
95 95 2021 10.6959968566895 NA 451.692491334435 NA NA NA NA 1000 NA NA NA 1
96 96 2021 11.6820693969727 NA 225.213005973336 NA NA NA NA 1000 NA NA NA 1
97 97 2021 8.70816574096682 NA 290.013074742791 NA NA NA NA 1000 NA NA NA 1
98 98 2021 8.98228607177737 NA 469.093096382615 NA NA NA NA 1000 NA NA NA 1
99 99 2021 12.2144180297852 NA 532.832898618695 NA NA NA NA 1000 NA NA NA 1
100 100 2021 12.1811195373535 NA 361.410759703156 NA NA NA NA 1000 NA NA NA 1
101 101 2021 13.4110275268555 NA 511.565500792977 NA NA NA NA 1000 NA NA NA 1
102 102 2021 12.0696235656739 NA 464.945637775418 NA NA NA NA 1000 NA NA NA 1
103 103 2021 12.6971450805664 NA 450.779255596158 NA NA NA NA 1000 NA NA NA 1
104 104 2021 12.8322769165039 NA 542.495444962021 NA NA NA NA 1000 NA NA NA 1
105 105 2021 14.8796134948731 NA 651.42511958265 NA NA NA NA 1000 NA NA NA 1
106 106 2021 15.868482208252 NA 657.528265985009 NA NA NA NA 1000 NA NA NA 1
107 107 2021 14.1386619567871 NA 553.03112645292 NA NA NA NA 1000 NA NA NA 1
108 108 2021 12.7893043518067 NA 438.724462200161 NA NA NA NA 1000 NA NA NA 1
109 109 2021 12.9474197387696 NA 420.922925335404 NA NA NA NA 1000 NA NA NA 1
110 110 2021 13.4187637329102 NA 576.209665046212 NA NA NA NA 1000 NA NA NA 1
111 111 2021 13.0563369750977 NA 541.221351788994 NA NA NA NA 1000 NA NA NA 1
112 112 2021 12.7899490356446 NA 586.241949601647 NA NA NA NA 1000 NA NA NA 1
113 113 2021 14.271630859375 NA 654.54351836538 NA NA NA NA 1000 NA NA NA 1
114 114 2021 16.5486312866211 NA 623.252734402177 NA NA NA NA 1000 NA NA NA 1
115 115 2021 17.5089279174805 NA 651.861705049035 NA NA NA NA 1000 NA NA NA 1
116 116 2021 18.5656829833985 NA 644.016735796448 NA NA NA NA 1000 NA NA NA 1
117 117 2021 16.2882553100586 NA 631.119958015915 NA NA NA NA 1000 NA NA NA 1
118 118 2021 15.7563339233399 NA 663.386361398217 NA NA NA NA 1000 NA NA NA 1
119 119 2021 17.2363067626953 NA 641.642320356843 NA NA NA NA 1000 NA NA NA 1
120 120 2021 15.8364654541016 NA 553.307332741257 NA NA NA NA 1000 NA NA NA 1
121 121 2021 15.0155960083008 NA 580.245727355477 NA NA NA NA 1000 NA NA NA 1
122 122 2021 14.8029151916504 NA 686.172865584847 NA NA NA NA 1000 NA NA NA 1
123 123 2021 15.2162528991699 NA 565.072567433831 NA NA NA NA 1000 NA NA NA 1
124 124 2021 14.9762817382813 NA 652.930857903954 NA NA NA NA 1000 NA NA NA 1
125 125 2021 14.3846450805664 NA 723.589048295495 NA NA NA NA 1000 NA NA NA 1
126 126 2021 15.3238807678223 NA 694.133642795083 NA NA NA NA 1000 NA NA NA 1
127 127 2021 15.9249778747559 NA 705.658313256737 NA NA NA NA 1000 NA NA NA 1
128 128 2021 19.2179084777832 NA 724.978945394036 NA NA NA NA 1000 NA NA NA 1
129 129 2021 19.6207214355469 NA 702.642389169213 NA NA NA NA 1000 NA NA NA 1
130 130 2021 17.1278205871582 NA 673.752766805169 NA NA NA NA 1000 NA NA NA 1
131 131 2021 14.675309753418 NA 637.058281827447 NA NA NA NA 1000 NA NA NA 1
132 132 2021 14.9814430236817 NA 661.430694267747 NA NA NA NA 1000 NA NA NA 1
133 133 2021 15.2278495788574 NA 526.337752923337 NA NA NA NA 1000 NA NA NA 1
134 134 2021 14.3049407958985 NA 556.349990893238 NA NA NA NA 1000 NA NA NA 1
135 135 2021 15.4890914916992 NA 423.288448239221 NA NA NA NA 1000 NA NA NA 1
136 136 2021 15.5898414611817 NA 567.161876656406 NA NA NA NA 1000 NA NA NA 1
137 137 2021 15.9600006103516 NA 659.648760413084 NA NA NA NA 1000 NA NA NA 1
138 138 2021 17.6580253601074 NA 430.264720549498 NA NA NA NA 1000 NA NA NA 1
139 139 2021 15.6396881103516 NA 576.868960787667 NA NA NA NA 1000 NA NA NA 1
140 140 2021 14.1745315551758 NA 653.821835419569 NA NA NA NA 1000 NA NA NA 1
141 141 2021 14.3032203674317 NA 664.736177737274 NA NA NA NA 1000 NA NA NA 1
142 142 2021 16.0560279846192 NA 727.531595322729 NA NA NA NA 1000 NA NA NA 1
143 143 2021 15.2284980773926 NA 732.48090933343 NA NA NA NA 1000 NA NA NA 1
144 144 2021 16.6208206176758 NA 756.937968053229 NA NA NA NA 1000 NA NA NA 1
145 145 2021 17.1671348571778 NA 742.134525332488 NA NA NA NA 1000 NA NA NA 1
146 146 2021 20.8547035217285 NA 732.503172766887 NA NA NA NA 1000 NA NA NA 1
147 147 2021 22.3207145690918 NA 724.52456074623 NA NA NA NA 1000 NA NA NA 1
148 148 2021 23.7959609985352 NA 732.641280116447 NA NA NA NA 1000 NA NA NA 1
149 149 2021 19.6959091186524 NA 733.995551286109 NA NA NA NA 1000 NA NA NA 1
150 150 2021 17.1946350097656 NA 602.145722323783 NA NA NA NA 1000 NA NA NA 1
151 151 2021 17.432878112793 NA 594.915514882289 NA NA NA NA 1000 NA NA NA 1
152 152 2021 16.4132934570313 NA 535.924559149944 NA NA NA NA 1000 NA NA NA 1
153 153 2021 16.4871841430664 NA 578.797923428573 NA NA NA NA 1000 NA NA NA 1
154 154 2021 19.3685089111328 NA 714.572447824218 NA NA NA NA 1000 NA NA NA 1
155 155 2021 23.3940063476563 NA 734.70387779782 NA NA NA NA 1000 NA NA NA 1
156 156 2021 22.4874244689942 NA 745.805321917899 NA NA NA NA 1000 NA NA NA 1
157 157 2021 17.3566184997559 NA 715.64605820439 NA NA NA NA 1000 NA NA NA 1
158 158 2021 14.6282669067383 NA 718.782272975661 NA NA NA NA 1000 NA NA NA 1
159 159 2021 14.4933486938477 NA 767.772127361693 NA NA NA NA 1000 NA NA NA 1
160 160 2021 16.1449676513672 NA 771.897291097381 NA NA NA NA 1000 NA NA NA 1
161 161 2021 18.0071235656739 NA 765.054667955794 NA NA NA NA 1000 NA NA NA 1
162 162 2021 20.7386947631836 NA 746.535921943404 NA NA NA NA 1000 NA NA NA 1
163 163 2021 19.18740234375 NA 710.937319536604 NA NA NA NA 1000 NA NA NA 1
164 164 2021 17.0741134643555 NA 682.328322995879 NA NA NA NA 1000 NA NA NA 1
165 165 2021 15.2630783081055 NA 639.757908471801 NA NA NA NA 1000 NA NA NA 1
166 166 2021 16.7159896850586 NA 678.176416817762 NA NA NA NA 1000 NA NA NA 1
167 167 2021 17.6152702331543 NA 660.553088350036 NA NA NA NA 1000 NA NA NA 1
168 168 2021 16.103288269043 NA 674.002239078917 NA NA NA NA 1000 NA NA NA 1
169 169 2021 18.3691116333008 NA 773.193644049742 NA NA NA NA 1000 NA NA NA 1
170 170 2021 20.732251739502 NA 775.866564492323 NA NA NA NA 1000 NA NA NA 1
171 171 2021 19.2209259033203 NA 741.564305524565 NA NA NA NA 1000 NA NA NA 1
172 172 2021 16.9308181762696 NA 690.173307368972 NA NA NA NA 1000 NA NA NA 1
173 173 2021 17.4874435424805 NA 731.327081029035 NA NA NA NA 1000 NA NA NA 1
174 174 2021 17.6133399963379 NA 669.903791576781 NA NA NA NA 1000 NA NA NA 1
175 175 2021 18.2305465698242 NA 632.242588117995 NA NA NA NA 1000 NA NA NA 1
176 176 2021 17.7849822998047 NA 661.466333349623 NA NA NA NA 1000 NA NA NA 1
177 177 2021 18.0670600891114 NA 713.289458123304 NA NA NA NA 1000 NA NA NA 1
178 178 2021 18.2024017333985 NA 666.518127450086 NA NA NA NA 1000 NA NA NA 1
179 179 2021 18.5558029174805 NA 668.714337264754 NA NA NA NA 1000 NA NA NA 1
180 180 2021 15.9662338256836 NA 721.410632971205 NA NA NA NA 1000 NA NA NA 1
181 181 2021 16.9194313049317 NA 763.388545416273 NA NA NA NA 1000 NA NA NA 1
182 182 2021 18.5966163635254 NA 759.232200487532 NA NA NA NA 1000 NA NA NA 1
183 183 2021 18.2507415771485 NA 747.961463808455 NA NA NA NA 1000 NA NA NA 1
184 184 2021 16.6085754394531 NA 736.053691505231 NA NA NA NA 1000 NA NA NA 1
185 185 2021 16.1877151489258 NA 707.622916654982 NA NA NA NA 1000 NA NA NA 1
186 186 2021 17.852010345459 NA 755.499046965696 NA NA NA NA 1000 NA NA NA 1
187 187 2021 20.5917526245117 NA 763.179182224073 NA NA NA NA 1000 NA NA NA 1
188 188 2021 17.9469657897949 NA 767.807762740888 NA NA NA NA 1000 NA NA NA 1
189 189 2021 16.3808570861817 NA 761.668976927199 NA NA NA NA 1000 NA NA NA 1
190 190 2021 18.0281730651856 NA 750.122061869718 NA NA NA NA 1000 NA NA NA 1
191 191 2021 18.1132484436035 NA 748.562862100341 NA NA NA NA 1000 NA NA NA 1
192 192 2021 19.5687309265137 NA 740.455068585493 NA NA NA NA 1000 NA NA NA 1
193 193 2021 19.1051193237305 NA 726.836617264845 NA NA NA NA 1000 NA NA NA 1
194 194 2021 20.6650100708008 NA 753.004338826277 NA NA NA NA 1000 NA NA NA 1
195 195 2021 18.8685928344727 NA 727.772129037 NA NA NA NA 1000 NA NA NA 1
196 196 2021 16.4132934570313 NA 697.514884411253 NA NA NA NA 1000 NA NA NA 1
197 197 2021 17.0178237915039 NA 660.450641879775 NA NA NA NA 1000 NA NA NA 1
198 198 2021 17.4371734619141 NA 649.732284858771 NA NA NA NA 1000 NA NA NA 1
199 199 2021 17.4906669616699 NA 641.958594680854 NA NA NA NA 1000 NA NA NA 1
200 200 2021 17.916463470459 NA 648.551753661521 NA NA NA NA 1000 NA NA NA 1
201 201 2021 17.6365371704102 NA 648.262193981566 NA NA NA NA 1000 NA NA NA 1
202 202 2021 17.0339332580567 NA 624.84756276358 NA NA NA NA 1000 NA NA NA 1
203 203 2021 16.2530303955078 NA 577.394641689368 NA NA NA NA 1000 NA NA NA 1
204 204 2021 16.3509918212891 NA 575.434519364722 NA NA NA NA 1000 NA NA NA 1
205 205 2021 17.197640991211 NA 628.513896767818 NA NA NA NA 1000 NA NA NA 1
206 206 2021 17.1643386840821 NA 703.092324390151 NA NA NA NA 1000 NA NA NA 1
207 207 2021 17.1061225891114 NA 655.064736000099 NA NA NA NA 1000 NA NA NA 1
208 208 2021 18.6546188354492 NA 657.657444188647 NA NA NA NA 1000 NA NA NA 1
209 209 2021 18.1532035827637 NA 652.030975779109 NA NA NA NA 1000 NA NA NA 1
210 210 2021 17.2859321594239 NA 663.925411496528 NA NA NA NA 1000 NA NA NA 1
211 211 2021 17.3982902526856 NA 642.314988353141 NA NA NA NA 1000 NA NA NA 1
212 212 2021 17.2380233764649 NA 632.251509185203 NA NA NA NA 1000 NA NA NA 1
213 213 2021 17.2608009338379 NA 676.559320944824 NA NA NA NA 1000 NA NA NA 1
214 214 2021 17.6395545959473 NA 703.978839657985 NA NA NA NA 1000 NA NA NA 1
215 215 2021 18.394246673584 NA 710.193361693584 NA NA NA NA 1000 NA NA NA 1
216 216 2021 19.7436042785645 NA 704.949988108754 NA NA NA NA 1000 NA NA NA 1
217 217 2021 18.3650337219239 NA 679.107494855836 NA NA NA NA 1000 NA NA NA 1
218 218 2021 16.7735572814942 NA 634.786299085573 NA NA NA NA 1000 NA NA NA 1
219 219 2021 16.6998764038086 NA 614.730645025209 NA NA NA NA 1000 NA NA NA 1
220 220 2021 17.993367767334 NA 644.284024348153 NA NA NA NA 1000 NA NA NA 1
221 221 2021 19.4095436096192 NA 656.432376380815 NA NA NA NA 1000 NA NA NA 1
222 222 2021 20.2755180358887 NA 638.198714093533 NA NA NA NA 1000 NA NA NA 1
223 223 2021 19.4888130187989 NA 616.490290916768 NA NA NA NA 1000 NA NA NA 1
224 224 2021 18.2859741210938 NA 604.226128573891 NA NA NA NA 1000 NA NA NA 1
225 225 2021 18.2941375732422 NA 604.921080147263 NA NA NA NA 1000 NA NA NA 1
226 226 2021 20.7775856018067 NA 659.764590880868 NA NA NA NA 1000 NA NA NA 1
227 227 2021 26.1575981140137 NA 610.823743756768 NA NA NA NA 1000 NA NA NA 1
228 228 2021 26.7230278015137 NA 635.352077849862 NA NA NA NA 1000 NA NA NA 1
229 229 2021 26.3434234619141 NA 550.215691206452 NA NA NA NA 1000 NA NA NA 1
230 230 2021 25.2265182495117 NA 585.64498898935 NA NA NA NA 1000 NA NA NA 1
231 231 2021 23.9001480102539 NA 567.758818114754 NA NA NA NA 1000 NA NA NA 1
232 232 2021 24.2739578247071 NA 639.374787744042 NA NA NA NA 1000 NA NA NA 1
233 233 2021 20.6877799987793 NA 660.379345304963 NA NA NA NA 1000 NA NA NA 1
234 234 2021 19.4997650146485 NA 635.040236560341 NA NA NA NA 1000 NA NA NA 1
235 235 2021 20.6325698852539 NA 615.296403628823 NA NA NA NA 1000 NA NA NA 1
236 236 2021 21.0804954528809 NA 587.244288971421 NA NA NA NA 1000 NA NA NA 1
237 237 2021 21.3507514953614 NA 575.020200338837 NA NA NA NA 1000 NA NA NA 1
238 238 2021 19.591928100586 NA 578.60635097551 NA NA NA NA 1000 NA NA NA 1
239 239 2021 18.4462371826172 NA 594.24283042669 NA NA NA NA 1000 NA NA NA 1
240 240 2021 16.1290679931641 NA 593.721620526787 NA NA NA NA 1000 NA NA NA 1
241 241 2021 17.849008178711 NA 623.368554456231 NA NA NA NA 1000 NA NA NA 1
242 242 2021 17.6292320251465 NA 588.161982738968 NA NA NA NA 1000 NA NA NA 1
243 243 2021 17.7132316589356 NA 591.191276378152 NA NA NA NA 1000 NA NA NA 1
244 244 2021 17.7465339660645 NA 581.965309957024 NA NA NA NA 1000 NA NA NA 1
245 245 2021 17.0766883850098 NA 542.228162292477 NA NA NA NA 1000 NA NA NA 1
246 246 2021 16.864217376709 NA 538.022798194405 NA NA NA NA 1000 NA NA NA 1
247 247 2021 16.9563804626465 NA 561.116665984627 NA NA NA NA 1000 NA NA NA 1
248 248 2021 17.0876403808594 NA 566.159531237122 NA NA NA NA 1000 NA NA NA 1
249 249 2021 21.1092849731446 NA 589.7523696866 NA NA NA NA 1000 NA NA NA 1
250 250 2021 26.1900344848633 NA 583.110198403832 NA NA NA NA 1000 NA NA NA 1
251 251 2021 29.4973579406739 NA 583.880882544991 NA NA NA NA 1000 NA NA NA 1
252 252 2021 24.1826530456543 NA 579.163212005135 NA NA NA NA 1000 NA NA NA 1
253 253 2021 19.3747344970703 NA 544.424393653866 NA NA NA NA 1000 NA NA NA 1
254 254 2021 16.4964347839356 NA 560.524170457837 NA NA NA NA 1000 NA NA NA 1
255 255 2021 16.1479736328125 NA 577.59512226009 NA NA NA NA 1000 NA NA NA 1
256 256 2021 17.6614585876465 NA 566.226372443196 NA NA NA NA 1000 NA NA NA 1
257 257 2021 17.5063529968262 NA 531.808290271279 NA NA NA NA 1000 NA NA NA 1
258 258 2021 16.3763404846192 NA 524.876552220818 NA NA NA NA 1000 NA NA NA 1
259 259 2021 17.1750808715821 NA 525.224042623993 NA NA NA NA 1000 NA NA NA 1
260 260 2021 18.788892364502 NA 482.631346017834 NA NA NA NA 1000 NA NA NA 1
261 261 2021 19.3180213928223 NA 399.842643774983 NA NA NA NA 1000 NA NA NA 1
262 262 2021 19.0612998962403 NA 405.175091419694 NA NA NA NA 1000 NA NA NA 1
263 263 2021 18.8793350219727 NA 458.076276853558 NA NA NA NA 1000 NA NA NA 1
264 264 2021 20.036206817627 NA 522.519949745652 NA NA NA NA 1000 NA NA NA 1
265 265 2021 19.8879676818848 NA 526.707495335099 NA NA NA NA 1000 NA NA NA 1
266 266 2021 18.9485107421875 NA 521.945284823891 NA NA NA NA 1000 NA NA NA 1
267 267 2021 18.8453994750977 NA 511.356133190628 NA NA NA NA 1000 NA NA NA 1
268 268 2021 19.9489799499512 NA 462.695948116061 NA NA NA NA 1000 NA NA NA 1
269 269 2021 18.5109001159668 NA 496.205232670304 NA NA NA NA 1000 NA NA NA 1
270 270 2021 19.1448684692383 NA 494.476742578503 NA NA NA NA 1000 NA NA NA 1
271 271 2021 21.927579498291 NA 487.326730947491 NA NA NA NA 1000 NA NA NA 1
272 272 2021 25.6929145812989 NA 496.922468341824 NA NA NA NA 1000 NA NA NA 1
273 273 2021 21.608544921875 NA 471.440778767106 NA NA NA NA 1000 NA NA NA 1
274 274 2021 20.2647872924805 NA 480.836039668795 NA NA NA NA 1000 NA NA NA 1
275 275 2021 23.7525611877442 NA 483.985606099125 NA NA NA NA 1000 NA NA NA 1
276 276 2021 24.1166969299317 NA 485.268600714203 NA NA NA NA 1000 NA NA NA 1
277 277 2021 21.9520622253418 NA 485.633904081818 NA NA NA NA 1000 NA NA NA 1
278 278 2021 20.4538322448731 NA 478.657631100174 NA NA NA NA 1000 NA NA NA 1
279 279 2021 19.6909690856934 NA 470.866109561202 NA NA NA NA 1000 NA NA NA 1
280 280 2021 18.9886871337891 NA 454.396570352313 NA NA NA NA 1000 NA NA NA 1
281 281 2021 17.2397438049317 NA 413.354157582995 NA NA NA NA 1000 NA NA NA 1
282 282 2021 16.0796600341797 NA 365.878965956089 NA NA NA NA 1000 NA NA NA 1
283 283 2021 15.6916786193848 NA 394.247366701838 NA NA NA NA 1000 NA NA NA 1
284 284 2021 17.1776596069336 NA 339.11429751682 NA NA NA NA 1000 NA NA NA 1
285 285 2021 17.4584403991699 NA 338.334699585196 NA NA NA NA 1000 NA NA NA 1
286 286 2021 18.9504447937012 NA 434.358720184084 NA NA NA NA 1000 NA NA NA 1
287 287 2021 19.7985931396485 NA 434.964577450272 NA NA NA NA 1000 NA NA NA 1
288 288 2021 22.2227493286133 NA 423.774024564025 NA NA NA NA 1000 NA NA NA 1
289 289 2021 24.2032791137696 NA 423.337450942036 NA NA NA NA 1000 NA NA NA 1
290 290 2021 24.7001777648926 NA 420.82491736376 NA NA NA NA 1000 NA NA NA 1
291 291 2021 23.8290420532227 NA 419.871593635198 NA NA NA NA 1000 NA NA NA 1
292 292 2021 21.3260437011719 NA 413.077959610936 NA NA NA NA 1000 NA NA NA 1
293 293 2021 18.8524833679199 NA 394.024614679333 NA NA NA NA 1000 NA NA NA 1
294 294 2021 18.2378479003906 NA 398.568552996036 NA NA NA NA 1000 NA NA NA 1
295 295 2021 19.3756004333496 NA 397.935970360991 NA NA NA NA 1000 NA NA NA 1
296 296 2021 18.4324890136719 NA 391.561101782438 NA NA NA NA 1000 NA NA NA 1
297 297 2021 16.0115600585938 NA 377.212064517256 NA NA NA NA 1000 NA NA NA 1
298 298 2021 14.5309463500977 NA 339.145479024884 NA NA NA NA 1000 NA NA NA 1
299 299 2021 15.1597496032715 NA 333.80857864308 NA NA NA NA 1000 NA NA NA 1
300 300 2021 16.1393791198731 NA 390.442919551846 NA NA NA NA 1000 NA NA NA 1
301 301 2021 16.2669921875 NA 382.076758795973 NA NA NA NA 1000 NA NA NA 1
302 302 2021 16.0010238647461 NA 378.579706246611 NA NA NA NA 1000 NA NA NA 1
303 303 2021 15.3599678039551 NA 376.031527838823 NA NA NA NA 1000 NA NA NA 1
304 304 2021 14.7378288269043 NA 363.304067282614 NA NA NA NA 1000 NA NA NA 1
305 305 2021 14.8297744750977 NA 356.047138047632 NA NA NA NA 1000 NA NA NA 1
306 306 2021 16.5185600280762 NA 359.432816790816 NA NA NA NA 1000 NA NA NA 1
307 307 2021 17.3826118469239 NA 352.287249895629 NA NA NA NA 1000 NA NA NA 1
308 308 2021 15.4212051391602 NA 339.332584107306 NA NA NA NA 1000 NA NA NA 1
309 309 2021 14.0703445434571 NA 328.079660203662 NA NA NA NA 1000 NA NA NA 1
310 310 2021 16.8107276916504 NA 330.471905586776 NA NA NA NA 1000 NA NA NA 1
311 311 2021 16.0497947692871 NA 331.340600503173 NA NA NA NA 1000 NA NA NA 1
312 312 2021 11.1241508483887 NA 313.155957040187 NA NA NA NA 1000 NA NA NA 1
313 313 2021 11.5976387023926 NA 319.557564769309 NA NA NA NA 1000 NA NA NA 1
314 314 2021 8.49525985717776 NA 330.520913321224 NA NA NA NA 1000 NA NA NA 1
315 315 2021 8.83727798461916 NA 324.511333446544 NA NA NA NA 1000 NA NA NA 1
316 316 2021 11.4784103393555 NA 243.905512670082 NA NA NA NA 1000 NA NA NA 1
317 317 2021 10.6738716125489 NA 258.918310211618 NA NA NA NA 1000 NA NA NA 1
318 318 2021 10.6401382446289 NA 246.217564250906 NA NA NA NA 1000 NA NA NA 1
319 319 2021 11.2453132629395 NA 189.792593121998 NA NA NA NA 1000 NA NA NA 1
320 320 2021 10.4710670471192 NA 302.63807893347 NA NA NA NA 1000 NA NA NA 1
321 321 2021 13.3006034851074 NA 276.323360513421 NA NA NA NA 1000 NA NA NA 1
322 322 2021 14.6864753723145 NA 216.70873102233 NA NA NA NA 1000 NA NA NA 1
323 323 2021 14.3723999023438 NA 176.330074562204 NA NA NA NA 1000 NA NA NA 1
324 324 2021 11.5372711181641 NA 224.500232315969 NA NA NA NA 1000 NA NA NA 1
325 325 2021 10.7585083007813 NA 255.220796113417 NA NA NA NA 1000 NA NA NA 1
326 326 2021 10.7542129516602 NA 281.228132868127 NA NA NA NA 1000 NA NA NA 1
327 327 2021 10.0946823120117 NA 272.523390459374 NA NA NA NA 1000 NA NA NA 1
328 328 2021 11.3469329833985 NA 280.248069280223 NA NA NA NA 1000 NA NA NA 1
329 329 2021 10.5898643493653 NA 279.633305027798 NA NA NA NA 1000 NA NA NA 1
330 330 2021 11.4668060302735 NA 277.089595863656 NA NA NA NA 1000 NA NA NA 1
331 331 2021 10.8457313537598 NA 286.493742834882 NA NA NA NA 1000 NA NA NA 1
332 332 2021 10.5851417541504 NA 283.887682751015 NA NA NA NA 1000 NA NA NA 1
333 333 2021 9.71100006103518 NA 281.343960482434 NA NA NA NA 1000 NA NA NA 1
334 334 2021 9.79091033935549 NA 277.797915476636 NA NA NA NA 1000 NA NA NA 1
335 335 2021 9.79134521484377 NA 274.238499407128 NA NA NA NA 1000 NA NA NA 1
336 336 2021 10.0444046020508 NA 269.066430688456 NA NA NA NA 1000 NA NA NA 1
337 337 2021 10.0796409606934 NA 263.101404314831 NA NA NA NA 1000 NA NA NA 1
338 338 2021 10.5133834838867 NA 252.770628868893 NA NA NA NA 1000 NA NA NA 1
339 339 2021 10.488900756836 NA 254.494658915356 NA NA NA NA 1000 NA NA NA 1
340 340 2021 10.6085525512696 NA 260.058743896083 NA NA NA NA 1000 NA NA NA 1
341 341 2021 10.1516128540039 NA 227.306786279754 NA NA NA NA 1000 NA NA NA 1
342 342 2021 12.0822959899903 NA 245.714164282159 NA NA NA NA 1000 NA NA NA 1
343 343 2021 13.6252113342285 NA 263.930001507119 NA NA NA NA 1000 NA NA NA 1
344 344 2021 11.7149368286133 NA 264.82988180621 NA NA NA NA 1000 NA NA NA 1
345 345 2021 11.0147987365723 NA 255.554905540065 NA NA NA NA 1000 NA NA NA 1
346 346 2021 9.7874809265137 NA 218.913868527964 NA NA NA NA 1000 NA NA NA 1
347 347 2021 11.3314643859864 NA 151.824012028531 NA NA NA NA 1000 NA NA NA 1
348 348 2021 10.6719299316406 NA 83.3531647867716 NA NA NA NA 1000 NA NA NA 1
349 349 2021 9.37091979980471 NA 180.165693453625 NA NA NA NA 1000 NA NA NA 1
350 350 2021 8.23445663452151 NA 238.822539926842 NA NA NA NA 1000 NA NA NA 1
351 351 2021 8.87938079833987 NA 171.086735398845 NA NA NA NA 1000 NA NA NA 1
352 352 2021 11.4137474060059 NA 199.544229695753 NA NA NA NA 1000 NA NA NA 1
353 353 2021 9.15973434448244 NA 235.891257661418 NA NA NA NA 1000 NA NA NA 1
354 354 2021 7.7850395202637 NA 252.917636479214 NA NA NA NA 1000 NA NA NA 1
355 355 2021 8.13176879882815 NA 243.807495908336 NA NA NA NA 1000 NA NA NA 1
356 356 2021 8.41062316894534 NA 224.477958044843 NA NA NA NA 1000 NA NA NA 1
357 357 2021 8.84071502685549 NA 212.378615605191 NA NA NA NA 1000 NA NA NA 1
358 358 2021 8.29976425170901 NA 257.167563229398 NA NA NA NA 1000 NA NA NA 1
359 359 2021 8.15733489990237 NA 198.653267093257 NA NA NA NA 1000 NA NA NA 1
360 360 2021 10.1436630249024 NA 151.244888573483 NA NA NA NA 1000 NA NA NA 1
361 361 2021 11.9910026550293 NA 184.103765431837 NA NA NA NA 1000 NA NA NA 1
362 362 2021 9.3947578430176 NA 178.557494045571 NA NA NA NA 1000 NA NA NA 1
363 363 2021 10.1037040710449 NA 193.222824203328 NA NA NA NA 1000 NA NA NA 1
364 364 2021 8.85167083740237 NA 233.38762993534 NA NA NA NA 1000 NA NA NA 1
365 365 2021 8.1240287780762 NA 205.963653618172 NA NA NA NA 1000 NA NA NA 1
366 366 2021 9.95804748535159 NA 224.883353686885 NA NA NA NA 1000 NA NA NA 1
1 1 2021 9.20095596313479 NA 250.040463895798 NA NA NA NA 1000 NA NA NA 1
2 2 2021 9.98380432128909 NA 108.098870842457 NA NA NA NA 1000 NA NA NA 1
3 3 2021 10.434457397461 NA 121.661027258158 NA NA NA NA 1000 NA NA NA 1
4 4 2021 11.4932647705078 NA 116.804611204624 NA NA NA NA 1000 NA NA NA 1
5 5 2021 8.98622665405276 NA 145.817774153233 NA NA NA NA 1000 NA NA NA 1
6 6 2021 8.01207122802737 NA 168.922668320656 NA NA NA NA 1000 NA NA NA 1
7 7 2021 9.65961990356448 NA 151.511189864397 NA NA NA NA 1000 NA NA NA 1
8 8 2021 9.44169769287112 NA 182.704144907951 NA NA NA NA 1000 NA NA NA 1
9 9 2021 8.7773147583008 NA 229.460010327339 NA NA NA NA 1000 NA NA NA 1
10 10 2021 8.74469146728518 NA 223.113096666813 NA NA NA NA 1000 NA NA NA 1
11 11 2021 9.74546966552737 NA 183.755992343426 NA NA NA NA 1000 NA NA NA 1
12 12 2021 10.2081352233887 NA 236.214225065708 NA NA NA NA 1000 NA NA NA 1
13 13 2021 11.7596221923828 NA 196.293154586792 NA NA NA NA 1000 NA NA NA 1
14 14 2021 12.929288482666 NA 185.689608231544 NA NA NA NA 1000 NA NA NA 1
15 15 2021 11.4710556030274 NA 250.129986365318 NA NA NA NA 1000 NA NA NA 1
16 16 2021 13.5012184143067 NA 261.498917124271 NA NA NA NA 1000 NA NA NA 1
17 17 2021 13.5480476379395 NA 274.725370327473 NA NA NA NA 1000 NA NA NA 1
18 18 2021 14.8579917907715 NA 289.236429487705 NA NA NA NA 1000 NA NA NA 1
19 19 2021 16.1919609069824 NA 305.76614427948 NA NA NA NA 1000 NA NA NA 1
20 20 2021 12.228288269043 NA 302.901534122467 NA NA NA NA 1000 NA NA NA 1
21 21 2021 10.9013305664063 NA 287.231208930016 NA NA NA NA 1000 NA NA NA 1
22 22 2021 9.95258483886721 NA 230.726707556725 NA NA NA NA 1000 NA NA NA 1
23 23 2021 8.3566719055176 NA 251.633897121429 NA NA NA NA 1000 NA NA NA 1
24 24 2021 8.21978912353518 NA 243.809927227974 NA NA NA NA 1000 NA NA NA 1
25 25 2021 7.56341705322268 NA 213.221227180958 NA NA NA NA 1000 NA NA NA 1
26 26 2021 6.43117294311526 NA 301.236479090691 NA NA NA NA 1000 NA NA NA 1
27 27 2021 8.95601806640627 NA 188.576601400018 NA NA NA NA 1000 NA NA NA 1
28 28 2021 9.86613616943362 NA 104.20926147294 NA NA NA NA 1000 NA NA NA 1
29 29 2021 8.23500595092776 NA 208.861650551319 NA NA NA NA 1000 NA NA NA 1
30 30 2021 8.72668609619143 NA 252.542518585205 NA NA NA NA 1000 NA NA NA 1
31 31 2021 10.9287506103516 NA 304.642678565979 NA NA NA NA 1000 NA NA NA 1
32 32 2021 12.1114250183106 NA 289.598981427193 NA NA NA NA 1000 NA NA NA 1
33 33 2021 12.7517868041992 NA 195.961929816246 NA NA NA NA 1000 NA NA NA 1
34 34 2021 9.43488845825198 NA 297.203634425163 NA NA NA NA 1000 NA NA NA 1
35 35 2021 9.28220520019534 NA 327.197037619591 NA NA NA NA 1000 NA NA NA 1
36 36 2021 9.70744094848635 NA 356.756268580437 NA NA NA NA 1000 NA NA NA 1
37 37 2021 10.620565032959 NA 362.579476953506 NA NA NA NA 1000 NA NA NA 1
38 38 2021 11.4686561584473 NA 360.211701432228 NA NA NA NA 1000 NA NA NA 1
39 39 2021 10.4630790710449 NA 314.57035038662 NA NA NA NA 1000 NA NA NA 1
40 40 2021 11.5655075073242 NA 252.560433361053 NA NA NA NA 1000 NA NA NA 1
41 41 2021 11.0716300964356 NA 292.477017585754 NA NA NA NA 1000 NA NA NA 1
42 42 2021 10.8378883361817 NA 262.689527462006 NA NA NA NA 1000 NA NA NA 1
43 43 2021 11.3918128967285 NA 251.974079657912 NA NA NA NA 1000 NA NA NA 1
44 44 2021 11.8268562316895 NA 257.193036940575 NA NA NA NA 1000 NA NA NA 1
45 45 2021 10.310994720459 NA 304.660585277557 NA NA NA NA 1000 NA NA NA 1
46 46 2021 11.9049011230469 NA 120.371946891308 NA NA NA NA 1000 NA NA NA 1
47 47 2021 10.0494400024414 NA 237.225792480469 NA NA NA NA 1000 NA NA NA 1
48 48 2021 9.6900344848633 NA 392.15213895607 NA NA NA NA 1000 NA NA NA 1
49 49 2021 10.5279136657715 NA 378.634753387873 NA NA NA NA 1000 NA NA NA 1
50 50 2021 11.8542762756348 NA 177.852211616938 NA NA NA NA 1000 NA NA NA 1
51 51 2021 10.8937202453614 NA 268.830538350729 NA NA NA NA 1000 NA NA NA 1
52 52 2021 10.2457557678223 NA 411.407714902438 NA NA NA NA 1000 NA NA NA 1
53 53 2021 11.8414665222168 NA 418.900465502594 NA NA NA NA 1000 NA NA NA 1
54 54 2021 13.6905265808106 NA 401.027967743508 NA NA NA NA 1000 NA NA NA 1
55 55 2021 13.9230590820313 NA 447.067669826657 NA NA NA NA 1000 NA NA NA 1
56 56 2021 12.9649101257324 NA 445.778604911074 NA NA NA NA 1000 NA NA NA 1
57 57 2021 10.6685920715332 NA 446.95577491428 NA NA NA NA 1000 NA NA NA 1
58 58 2021 10.209130859375 NA 454.291872474089 NA NA NA NA 1000 NA NA NA 1
59 59 2021 11.1792922973633 NA 458.888683216393 NA NA NA NA 1000 NA NA NA 1
60 60 2021 11.7850395202637 NA 460.119570771247 NA NA NA NA 1000 NA NA NA 1
61 61 2021 11.9035011291504 NA 464.076318968803 NA NA NA NA 1000 NA NA NA 1
62 62 2021 11.4430404663086 NA 408.475958506763 NA NA NA NA 1000 NA NA NA 1
63 63 2021 9.4929252624512 NA 419.688244222701 NA NA NA NA 1000 NA NA NA 1
64 64 2021 11.140470123291 NA 436.020997787535 NA NA NA NA 1000 NA NA NA 1
65 65 2021 11.4146209716797 NA 472.33446528548 NA NA NA NA 1000 NA NA NA 1
66 66 2021 9.25058898925784 NA 477.656367133081 NA NA NA NA 1000 NA NA NA 1
67 67 2021 10.1737113952637 NA 452.112090254724 NA NA NA NA 1000 NA NA NA 1
68 68 2021 9.84272155761721 NA 395.356923459291 NA NA NA NA 1000 NA NA NA 1
69 69 2021 8.77371368408205 NA 369.785781347394 NA NA NA NA 1000 NA NA NA 1
70 70 2021 7.6442695617676 NA 404.367032430768 NA NA NA NA 1000 NA NA NA 1
71 71 2021 9.49171981811526 NA 494.857475938439 NA NA NA NA 1000 NA NA NA 1
72 72 2021 10.6938110351563 NA 460.164326808333 NA NA NA NA 1000 NA NA NA 1
73 73 2021 9.67242202758791 NA 360.892048990607 NA NA NA NA 1000 NA NA NA 1
74 74 2021 8.56018981933596 NA 362.279595102429 NA NA NA NA 1000 NA NA NA 1
75 75 2021 7.48676834106448 NA 484.576209944248 NA NA NA NA 1000 NA NA NA 1
76 76 2021 7.5904365539551 NA 482.150231310129 NA NA NA NA 1000 NA NA NA 1
77 77 2021 10.8735099792481 NA 271.918949044824 NA NA NA NA 1000 NA NA NA 1
78 78 2021 12.1298309326172 NA 223.475645834208 NA NA NA NA 1000 NA NA NA 1
79 79 2021 9.97039566040041 NA 467.777934296131 NA NA NA NA 1000 NA NA NA 1
80 80 2021 9.87074050903323 NA 551.711113960028 NA NA NA NA 1000 NA NA NA 1
81 81 2021 10.7382331848145 NA 551.970700039864 NA NA NA NA 1000 NA NA NA 1
82 82 2021 11.4764572143555 NA 563.084525177002 NA NA NA NA 1000 NA NA NA 1
83 83 2021 13.6208854675293 NA 574.90552429676 NA NA NA NA 1000 NA NA NA 1
84 84 2021 11.1388641357422 NA 484.750760312796 NA NA NA NA 1000 NA NA NA 1
85 85 2021 11.3884063720703 NA 523.67816832447 NA NA NA NA 1000 NA NA NA 1
86 86 2021 13.3783546447754 NA 571.754451107979 NA NA NA NA 1000 NA NA NA 1
87 87 2021 14.5928436279297 NA 573.235986538887 NA NA NA NA 1000 NA NA NA 1
88 88 2021 12.8906684875489 NA 581.207663618088 NA NA NA NA 1000 NA NA NA 1
89 89 2021 14.1555953979492 NA 605.136126905441 NA NA NA NA 1000 NA NA NA 1
90 90 2021 16.9826103210449 NA 608.985469610691 NA NA NA NA 1000 NA NA NA 1
91 91 2021 18.3940177917481 NA 608.273800301552 NA NA NA NA 1000 NA NA NA 1
92 92 2021 15.1913887023926 NA 590.78622562933 NA NA NA NA 1000 NA NA NA 1
93 93 2021 11.5626998901367 NA 529.058285381317 NA NA NA NA 1000 NA NA NA 1
94 94 2021 11.5010696411133 NA 549.567128232002 NA NA NA NA 1000 NA NA NA 1
95 95 2021 10.9059310913086 NA 445.210143192768 NA NA NA NA 1000 NA NA NA 1
96 96 2021 10.8464981079102 NA 556.822653779984 NA NA NA NA 1000 NA NA NA 1
97 97 2021 11.2481285095215 NA 566.226645514011 NA NA NA NA 1000 NA NA NA 1
98 98 2021 10.5203109741211 NA 628.894533890724 NA NA NA NA 1000 NA NA NA 1
99 99 2021 12.1810585021973 NA 630.3492132864 NA NA NA NA 1000 NA NA NA 1
100 100 2021 10.7818580627442 NA 632.511104969978 NA NA NA NA 1000 NA NA NA 1
101 101 2021 12.1662536621094 NA 631.195168315887 NA NA NA NA 1000 NA NA NA 1
102 102 2021 12.6233154296875 NA 598.968263728142 NA NA NA NA 1000 NA NA NA 1
103 103 2021 12.4454093933106 NA 626.92064151001 NA NA NA NA 1000 NA NA NA 1
104 104 2021 11.5254913330078 NA 656.430622965813 NA NA NA NA 1000 NA NA NA 1
105 105 2021 12.6455322265625 NA 642.420869071007 NA NA NA NA 1000 NA NA NA 1
106 106 2021 11.4196258544922 NA 636.606624134064 NA NA NA NA 1000 NA NA NA 1
107 107 2021 12.0409828186035 NA 633.522667848587 NA NA NA NA 1000 NA NA NA 1
108 108 2021 15.1057334899903 NA 655.660770452499 NA NA NA NA 1000 NA NA NA 1
109 109 2021 14.2906661987305 NA 667.745855262756 NA NA NA NA 1000 NA NA NA 1
110 110 2021 12.2252899169922 NA 655.3698236866 NA NA NA NA 1000 NA NA NA 1
111 111 2021 11.5837226867676 NA 624.44095811367 NA NA NA NA 1000 NA NA NA 1
112 112 2021 11.581918334961 NA 602.007456258774 NA NA NA NA 1000 NA NA NA 1
113 113 2021 11.5306869506836 NA 588.311027479172 NA NA NA NA 1000 NA NA NA 1
114 114 2021 11.5973258972168 NA 593.668747034073 NA NA NA NA 1000 NA NA NA 1
115 115 2021 12.3405548095703 NA 446.794641711235 NA NA NA NA 1000 NA NA NA 1
116 116 2021 10.7708564758301 NA 472.764158636093 NA NA NA NA 1000 NA NA NA 1
117 117 2021 11.7956367492676 NA 616.003771047592 NA NA NA NA 1000 NA NA NA 1
118 118 2021 15.690274810791 NA 700.312923864365 NA NA NA NA 1000 NA NA NA 1
119 119 2021 16.1191192626953 NA 682.529944396973 NA NA NA NA 1000 NA NA NA 1
120 120 2021 14.3935333251953 NA 681.688461005211 NA NA NA NA 1000 NA NA NA 1
121 121 2021 13.3695426940918 NA 643.12360871315 NA NA NA NA 1000 NA NA NA 1
122 122 2021 13.7925811767578 NA 663.296741043091 NA NA NA NA 1000 NA NA NA 1
123 123 2021 16.5265556335449 NA 706.624031661987 NA NA NA NA 1000 NA NA NA 1
124 124 2021 18.7922492980957 NA 701.387153177261 NA NA NA NA 1000 NA NA NA 1
125 125 2021 17.6097694396973 NA 682.722392152786 NA NA NA NA 1000 NA NA NA 1
126 126 2021 14.2186256408692 NA 661.819686322212 NA NA NA NA 1000 NA NA NA 1
127 127 2021 13.3515335083008 NA 706.673253950119 NA NA NA NA 1000 NA NA NA 1
128 128 2021 16.2844139099121 NA 728.905335540771 NA NA NA NA 1000 NA NA NA 1
129 129 2021 19.6621452331543 NA 718.248094251633 NA NA NA NA 1000 NA NA NA 1
130 130 2021 17.174520111084 NA 714.909032848358 NA NA NA NA 1000 NA NA NA 1
131 131 2021 17.7620559692383 NA 723.06868705368 NA NA NA NA 1000 NA NA NA 1
132 132 2021 15.5750061035156 NA 679.141648897593 NA NA NA NA 1000 NA NA NA 1
133 133 2021 14.401139831543 NA 645.231777095153 NA NA NA NA 1000 NA NA NA 1
134 134 2021 13.2922988891602 NA 665.81671367814 NA NA NA NA 1000 NA NA NA 1
135 135 2021 11.8918968200684 NA 601.774700979857 NA NA NA NA 1000 NA NA NA 1
136 136 2021 12.7700019836426 NA 557.341848624352 NA NA NA NA 1000 NA NA NA 1
137 137 2021 12.7363792419434 NA 638.141867465485 NA NA NA NA 1000 NA NA NA 1
138 138 2021 13.4669967651367 NA 685.52882983961 NA NA NA NA 1000 NA NA NA 1
139 139 2021 13.3003021240235 NA 728.184728799626 NA NA NA NA 1000 NA NA NA 1
140 140 2021 12.4686294555664 NA 748.317574911021 NA NA NA NA 1000 NA NA NA 1
141 141 2021 13.2432647705078 NA 758.330288349397 NA NA NA NA 1000 NA NA NA 1
142 142 2021 13.2224555969239 NA 725.09182376539 NA NA NA NA 1000 NA NA NA 1
143 143 2021 13.6260887145996 NA 683.255043251529 NA NA NA NA 1000 NA NA NA 1
144 144 2021 14.0959602355957 NA 714.622551971242 NA NA NA NA 1000 NA NA NA 1
145 145 2021 15.6242347717285 NA 709.967578831211 NA NA NA NA 1000 NA NA NA 1
146 146 2021 14.4263473510742 NA 748.72935555698 NA NA NA NA 1000 NA NA NA 1
147 147 2021 14.2488456726074 NA 734.092977357134 NA NA NA NA 1000 NA NA NA 1
148 148 2021 14.7503372192383 NA 703.88921566318 NA NA NA NA 1000 NA NA NA 1
149 149 2021 13.6937271118164 NA 692.19353574054 NA NA NA NA 1000 NA NA NA 1
150 150 2021 14.424146270752 NA 719.080623311073 NA NA NA NA 1000 NA NA NA 1
151 151 2021 18.1740966796875 NA 737.445472400963 NA NA NA NA 1000 NA NA NA 1
152 152 2021 18.0294052124024 NA 724.823265752018 NA NA NA NA 1000 NA NA NA 1
153 153 2021 15.8171440124512 NA 657.724179286033 NA NA NA NA 1000 NA NA NA 1
154 154 2021 15.4711471557617 NA 701.955599853814 NA NA NA NA 1000 NA NA NA 1
155 155 2021 16.8027091979981 NA 721.640879569769 NA NA NA NA 1000 NA NA NA 1
156 156 2021 15.6448417663574 NA 742.127319468826 NA NA NA NA 1000 NA NA NA 1
157 157 2021 16.6726394653321 NA 749.342569028228 NA NA NA NA 1000 NA NA NA 1
158 158 2021 15.2306114196778 NA 755.013619179517 NA NA NA NA 1000 NA NA NA 1
159 159 2021 13.6096778869629 NA 745.417139872342 NA NA NA NA 1000 NA NA NA 1
160 160 2021 13.9124542236328 NA 765.035289423048 NA NA NA NA 1000 NA NA NA 1
161 161 2021 13.8137985229492 NA 766.691375663519 NA NA NA NA 1000 NA NA NA 1
162 162 2021 14.7515350341797 NA 748.348907285511 NA NA NA NA 1000 NA NA NA 1
163 163 2021 18.8228698730469 NA 665.897278992057 NA NA NA NA 1000 NA NA NA 1
164 164 2021 19.0207801818848 NA 644.068033866256 NA NA NA NA 1000 NA NA NA 1
165 165 2021 18.7414222717285 NA 598.650484458297 NA NA NA NA 1000 NA NA NA 1
166 166 2021 17.1673179626465 NA 721.13957033521 NA NA NA NA 1000 NA NA NA 1
167 167 2021 19.6693511962891 NA 718.932904942453 NA NA NA NA 1000 NA NA NA 1
