Year DOY_disc DOY TA_C PAR_umol_m2_day
2018 93 1 13.1069618225098 598.548793162823
2018 94 2 13.5117965698242 547.01147437191
2018 95 3 13.4687934875489 385.891285169124
2018 96 4 13.7985702514649 206.620705080748
2018 97 5 15.7762275695801 279.462440413892
2018 98 6 13.3281951904297 603.815945421219
2018 99 7 13.944955444336 616.414425853729
2018 100 8 17.0717826843262 565.806925964355
2018 101 9 12.550984954834 466.718307864189
2018 102 10 10.5822196960449 544.00422038269
2018 103 11 11.5570922851563 602.245571975708
2018 104 12 14.6038948059082 636.864765449524
2018 105 13 14.5379463195801 634.458058656692
2018 106 14 10.1393447875977 505.034283679008
2018 107 15 10.035962677002 595.621590662002
2018 108 16 10.9700942993164 514.776772139072
2018 109 17 10.8568016052246 610.306489274979
2018 110 18 13.5213104248047 658.089123762131
2018 111 19 14.8104530334473 659.156811944008
2018 112 20 17.5192123413086 670.669833567619
2018 113 21 17.562215423584 666.723917700767
2018 114 22 15.5487915039063 655.197537613869
2018 115 23 13.5802360534668 625.013627128601
2018 116 24 13.0085426330567 626.499460815429
2018 117 25 12.9334922790528 563.177785435676
2018 118 26 13.7142120361328 533.060609808922
2018 119 27 13.2051712036133 483.912229703903
2018 120 28 13.1011711120606 530.947509983063
2018 121 29 12.9454780578614 599.901163684845
2018 122 30 14.0768676757813 671.319336931228
2018 123 31 13.2444549560547 633.501603975296
2018 124 32 14.2517906188965 660.998528923034
2018 125 33 15.2855888366699 560.219450316429
2018 126 34 13.4878135681153 619.697530295372
2018 127 35 14.9481483459473 687.886014808655
2018 128 36 15.2541595458985 684.442773117065
2018 129 37 15.788217163086 646.985378962517
2018 130 38 14.4176155090332 704.412627376556
2018 131 39 15.3234230041504 667.217706058502
2018 132 40 20.7289443969727 726.971607426207
2018 133 41 15.0054336547852 632.629668053191
2018 134 42 13.6331649780274 635.370029485866
2018 135 43 14.0363403320313 580.020259339578
2018 136 44 13.9100128173828 573.921212779809
2018 137 45 13.925309753418 578.521073914938
2018 138 46 13.8306213378906 629.448901899312
2018 139 47 13.6571517944336 665.473853213366
2018 140 48 12.9173599243164 652.114631045915
2018 141 49 13.4142051696778 640.503718760587
2018 142 50 13.8428207397461 584.166386349939
2018 143 51 14.0204292297364 577.73367440059
2018 144 52 13.5320602416992 587.133606790572
2018 145 53 13.0643669128418 403.343229581073
2018 146 54 14.0289016723633 398.351874680072
2018 147 55 15.6672645568848 588.655037031546
2018 148 56 19.2156730651856 724.146738893568
2018 149 57 20.6460281372071 739.329883893549
2018 150 58 15.3866897583008 686.266708286196
2018 151 59 13.0604377746582 716.784255766779
2018 152 60 14.39052734375 742.23928688088
2018 153 61 19.3990684509278 746.256378183931
2018 154 62 20.8172317504883 745.495663339078
2018 155 63 18.7597709655762 748.365034439504
2018 156 64 15.2369972229004 750.095543465406
2018 157 65 13.9532295227051 726.993849143624
2018 158 66 13.9956069946289 726.12635580346
2018 159 67 15.4809776306153 745.411129849106
2018 160 68 16.2228294372559 675.323106343716
2018 161 69 15.4234977722168 745.557948421597
2018 162 70 16.7281471252442 746.363146315396
2018 163 71 19.8632446289063 753.09835779047
2018 164 72 18.6933952331543 757.364598747909
2018 165 73 17.453874206543 750.994164824843
2018 166 74 16.3266235351563 746.741279117584
2018 167 75 15.1604972839356 708.474219526648
2018 168 76 15.2355476379395 670.985702645004
2018 169 77 16.7955528259278 701.285254258335
2018 170 78 16.4448791503906 709.119288549781
2018 171 79 15.4739471435547 735.23270348984
2018 172 80 15.9298492431641 756.603875492275
2018 173 81 17.9612594604492 763.454740065813
2018 174 82 21.9269119262696 763.503682120561
2018 175 83 20.9907012939453 678.53499650836
2018 176 84 17.4867530822754 636.611200985312
2018 177 85 17.4110733032227 748.84992620635
2018 178 86 16.7213264465332 680.777110227048
2018 179 87 16.3228965759278 722.527426795423
2018 180 88 17.8729759216309 749.045667523444
2018 181 89 21.0630699157715 749.819736641943
2018 182 90 19.6314636230469 683.735439928114
2018 183 91 17.5460906982422 666.18119402951
2018 184 92 16.7620559692383 725.743785416186
2018 185 93 16.9152656555176 670.847785168052
2018 186 94 17.1166473388672 666.995280638933
2018 187 95 20.7128158569336 602.392371805072
2018 188 96 21.8998199462891 710.605127591789
2018 189 97 20.1361633300781 743.538262327552
2018 190 98 20.0491195678711 748.542968273342
2018 191 99 21.4069038391114 742.870976555526
2018 192 100 18.9394393920899 708.136129857242
2018 193 101 19.1559120178223 675.354241891742
2018 194 102 19.9442878723145 556.011050524711
2018 195 103 19.1904426574707 665.72743065995
2018 196 104 17.6219650268555 675.033949026733
2018 197 105 18.3791175842285 678.68180071637
2018 198 106 18.4696784973145 695.768970112145
2018 199 107 19.089128112793 716.303805302143
2018 200 108 19.4187103271485 697.859817403912
2018 201 109 19.4484802246094 675.852490735829
2018 202 110 20.8685050964356 627.633877744615
2018 203 111 19.4187103271485 610.399905873388
2018 204 112 19.0244117736817 677.889960939348
2018 205 113 18.6973243713379 687.040760961145
2018 206 114 20.1125846862793 710.489461829901
2018 207 115 19.5948654174805 706.036399299532
2018 208 116 17.8326545715332 711.975303565249
2018 209 117 17.6877189636231 715.792207744345
2018 210 118 17.6265197753906 708.26070808655
2018 211 119 17.2036949157715 605.475279073924
2018 212 120 17.8855949401856 676.501990130305
2018 213 121 17.6666275024414 696.734322423965
2018 214 122 17.3211380004883 700.030764325567
2018 215 123 17.9556785583496 710.898716587409
2018 216 124 20.2693191528321 695.546552213453
2018 217 125 18.7188201904297 706.103121667877
2018 218 126 19.1253143310547 701.147342802022
2018 219 127 18.5265480041504 693.829365022987
2018 220 128 17.2529006958008 673.81056534601
2018 221 129 18.8685203552246 674.371087046269
2018 222 130 20.7078567504883 688.277504038375
2018 223 131 20.8908363342285 679.976351965904
2018 224 132 20.1268592834473 671.0746599226
2018 225 133 18.5625129699707 649.983752174377
2018 226 134 16.4351745605469 614.964186846733
2018 227 135 17.0186401367188 584.971581007004
2018 228 136 17.8074279785156 628.883923327446
2018 229 137 18.6563888549805 648.066396374702
2018 230 138 20.097501373291 662.106249149322
2018 231 139 19.0661827087403 672.76958803463
2018 232 140 17.6256881713867 652.283680975914
2018 233 141 16.0131698608399 575.549400815964
2018 234 142 16.9853569030762 572.857989002228
2018 235 143 16.9578567504883 598.028297454834
2018 236 144 16.4254547119141 583.236609762192
2018 237 145 16.9272476196289 603.344395296097
2018 238 146 16.733113861084 601.360292541504
2018 239 147 16.7047821044922 567.208230980873
2018 240 148 16.9702621459961 502.796640275001
2018 241 149 16.9249816894531 565.233048316955
2018 242 150 18.1258445739746 562.421520209312
2018 243 151 17.0312515258789 601.600529161453
2018 244 152 17.4181037902832 613.229237778663
2018 245 153 17.6000495910645 606.671952010155
2018 246 154 17.8241859436035 578.952595342636
2018 247 155 17.5541511535645 573.089323676109
2018 248 156 17.6469818115235 565.322003263473
2018 249 157 16.2195259094239 558.488935588837
2018 250 158 17.203687286377 586.702095734596
2018 251 159 18.5687232971192 593.610809286117
2018 252 160 18.0024047851563 582.876272976875
2018 253 161 18.1427894592285 579.633235860824
2018 254 162 18.1882835388184 585.963623311996
2018 255 163 16.7467552185059 563.59594354105
2018 256 164 16.0233055114746 549.95201719141
2018 257 165 15.4706321716309 523.220250343799
2018 258 166 16.564599609375 529.288166974544
2018 259 167 15.5523086547852 559.574383309364
2018 260 168 16.1091094970703 517.855225568294
2018 261 169 15.1617370605469 505.372388783932
2018 262 170 15.1660858154297 539.173005928993
2018 263 171 18.8594223022461 548.319379517078
2018 264 172 20.1601463317871 542.282607097149
2018 265 173 17.5709014892578 530.253533178329
2018 266 174 17.2059646606446 529.141379619598
2018 267 175 17.2479415893555 517.650577075958
2018 268 176 17.5768943786621 505.181102787018
2018 269 177 17.2913566589356 497.938748208046
2018 270 178 17.7210136413574 484.80640705204
2018 271 179 15.9391532897949 423.313099512339
2018 272 180 16.4432388305664 451.428388905048
2018 273 181 17.5924049377442 414.166732476473
2018 274 182 18.2705703735352 366.068239433289
2018 275 183 19.1422668457031 375.388092606068
2018 276 184 19.5634399414063 362.567171633482
2018 277 185 18.2904220581055 283.114770545483
2018 278 186 15.9222007751465 427.072194215775
2018 279 187 16.8466201782227 435.244302930117
2018 280 188 19.2224899291992 468.826952432871
2018 281 189 20.0114875793457 461.326580274582
2018 282 190 17.9054389953614 441.912793722153
2018 283 191 15.4199768066406 397.484395830393
2018 284 192 14.8875785827637 391.665586768627
2018 285 193 16.7070594787598 418.56642380929
2018 286 194 17.8901344299317 438.892166149139
2018 287 195 15.7183319091797 412.743167554617
2018 288 196 17.4259582519531 438.189287398338
2018 289 197 17.0539947509766 433.980897938967
2018 290 198 16.1053863525391 415.314470760703
2018 291 199 14.7659965515137 417.841293847442
2018 292 200 16.0346771240235 412.734281485081
2018 293 201 17.4536643981934 405.127124531269
2018 294 202 15.6443115234375 399.165977701545
2018 295 203 14.4244323730469 376.767157373905
2018 296 204 13.6251083374024 343.228991203606
2018 297 205 13.5938774108887 346.23626352644
2018 298 206 15.6544509887696 354.942222505927
2018 299 207 16.5757614135742 365.667859326184
2018 300 208 17.4561515808106 353.047109160006
2018 301 209 16.5784545898438 303.898728172958
2018 302 210 15.1613250732422 301.136141616046
2018 303 211 15.1925483703614 356.005446106315
2018 304 212 15.3441024780274 360.720988686919
2018 305 213 17.3343673706055 328.895541731358
2018 306 214 17.8227287292481 341.053615241527
2018 307 215 17.5589080810547 341.970046100289
2018 308 216 16.9456535339356 322.943279616624
2018 309 217 15.6176391601563 338.789283072889
2018 310 218 14.4517227172852 343.682766102552
2018 311 219 14.7486282348633 337.935136729628
2018 312 220 14.4932838439942 343.166715807661
2018 313 221 13.9892021179199 344.754871299326
2018 314 222 11.353849029541 338.442284700438
2018 315 223 11.3162208557129 335.217027614474
2018 316 224 12.2855049133301 330.101113337547
2018 317 225 11.8037506103516 236.875787395343
2018 318 226 10.8884407043457 277.700792398475
2018 319 227 10.660173034668 310.72291960245
2018 320 228 10.9006286621094 307.066149393253
2018 321 229 11.2064262390137 303.142466041572
2018 322 230 9.99212799072268 289.605316336557
2018 323 231 10.899186706543 250.270590193156
2018 324 232 11.1954742431641 266.668214675467
2018 325 233 13.2031036376953 109.956597161531
2018 326 234 13.4144111633301 203.048465435862
2018 327 235 13.7425361633301 154.932167366505
2018 328 236 14.79287109375 127.813362935543
2018 329 237 12.0392623901367 233.84182518959
2018 330 238 11.7179504394531 239.255801848173
2018 331 239 12.8751846313477 176.952845630646
2018 332 240 14.5377326965332 113.457661055207
2018 333 241 14.1645332336426 137.76938268137
2018 334 242 12.1153388977051 218.267200957537
2018 335 243 10.7767807006836 124.672638473272
2018 336 244 8.88431320190432 248.740264916658
2018 337 245 9.04165802001955 254.136439699173
2018 338 246 10.5553451538086 152.454283310413
2018 339 247 10.8580451965332 145.283108892798
2018 340 248 11.6352439880371 218.32058894515
2018 341 249 10.8460479736328 231.519645807028
2018 342 250 10.0820671081543 221.439069378614
2018 343 251 9.43573532104494 164.870392544508
2018 344 252 9.28315124511721 125.135296984672
2018 345 253 9.34869155883791 223.774592859983
2018 346 254 11.3552947998047 225.349406946182
2018 347 255 10.3289428710938 250.630928990602
2018 348 256 11.2413764953614 164.372139605284
2018 349 257 12.467244720459 163.326718510985
2018 350 258 12.7629142761231 149.860738469601
2018 351 259 12.4858528137207 152.779029353529
2018 352 260 11.3375144958496 203.475533929586
2018 353 261 11.9677177429199 157.641382568359
2018 354 262 10.0152870178223 147.227150243997
2018 355 263 11.8014808654785 142.369259437084
2018 356 264 10.6957374572754 186.748718550205
2018 357 265 10.2410713195801 200.09903037262
2018 358 266 11.7437950134278 135.153591039658
2018 359 267 11.2155242919922 173.038061626196
2018 360 268 10.2611251831055 253.504743755817
2018 361 269 9.81369552612307 253.446909835339
2018 362 270 9.87324676513674 252.601674289942
2018 363 271 7.84472808837893 252.970908485174
2018 364 272 8.21503601074221 249.291891983032
2018 365 273 9.76738510131838 261.347651831388
2019 1 274 7.87785491943362 268.30010371542
2019 2 275 6.86431274414065 261.167506371498
2019 3 276 6.69465789794924 261.600182178974
2019 4 277 7.12281188964846 236.317135231495
2019 5 278 10.3082252502442 125.768462137222
2019 6 279 9.38873825073244 67.6638339421749
2019 7 280 11.751725769043 106.797249716699
2019 8 281 12.4762931823731 95.3779493381977
2019 9 282 14.0070281982422 115.727504963398
2019 10 283 10.7684684753418 147.808609061241
2019 11 284 10.8214088439942 175.955409841061
2019 12 285 12.4317604064942 196.211286621571
2019 13 286 10.8384567260742 251.064087394238
2019 14 287 11.0492340087891 154.321177948475
2019 15 288 10.3705917358399 75.8223921627998
2019 16 289 12.8109870910645 70.8086009978056
2019 17 290 13.5590110778809 90.4489151001573
2019 18 291 12.3324943542481 170.018258372784
2019 19 292 13.9057518005371 207.023944034576
2019 20 293 14.1028839111328 173.323619191647
2019 21 294 10.0984550476074 244.698726716042
2019 22 295 9.7204414367676 293.11478340435
2019 23 296 8.60762939453127 302.785499357224
2019 24 297 10.2272087097168 304.877550430298
2019 25 298 10.6557632446289 294.845523931503
2019 26 299 11.1597229003906 288.417704977989
2019 27 300 11.9338203430176 277.462313513756
2019 28 301 12.3497482299805 257.170751330376
2019 29 302 12.6994834899903 219.072202347755
2019 30 303 11.5676322937012 253.972450752258
2019 31 304 12.730973815918 250.604646274567
2019 32 305 12.2145782470703 154.477306752205
2019 33 306 12.2181907653809 191.884448786139
2019 34 307 11.6532646179199 207.755488241196
2019 35 308 10.0972610473633 214.250218459129
2019 36 309 5.89589080810549 287.391760481834
2019 37 310 6.3334785461426 337.953386771202
2019 38 311 7.03919372558596 283.30132684803
2019 39 312 8.84024963378909 262.849174807548
2019 40 313 8.10146102905276 190.519483512402
2019 41 314 7.86883316040041 294.854436965942
2019 42 315 7.00008163452151 345.184128801346
2019 43 316 6.90582046508791 248.806996499062
2019 44 317 10.1237197875977 91.4659447348118
2019 45 318 14.3162590026856 145.698717302799
2019 46 319 9.57584533691409 244.42216761589
2019 47 320 8.03127059936526 297.388103593826
2019 48 321 7.77317199707034 337.556393846512
2019 49 322 7.00329360961916 365.355256268313
2019 50 323 7.37429199218752 419.86906257859
2019 51 324 9.57584533691409 364.703998150261
2019 52 325 8.45862731933596 393.890142171496
2019 53 326 7.84376296997073 427.113167023435
2019 54 327 7.30450592041018 423.486657196023
2019 55 328 9.58125839233401 375.133049553223
2019 56 329 10.5438667297364 303.316319110647
2019 57 330 11.8457847595215 170.19668988391
2019 58 331 12.6409317016602 195.854438794639
2019 59 332 10.626481628418 286.566534579679
2019 60 333 9.99377593994143 302.116408606261
2019 61 334 12.0651756286621 183.449325287219
2019 62 335 12.8759666442871 186.05881174475
2019 63 336 11.2343307495117 301.857688647926
2019 64 337 11.1404739379883 188.070576882824
2019 65 338 13.1023803710938 172.45378926862
2019 66 339 10.7403923034668 278.394591608137
2019 67 340 8.89320144653323 367.830926125109
2019 68 341 8.46564254760744 305.702792445242
2019 69 342 9.2301078796387 318.585184261084
2019 70 343 9.13966903686526 427.581552914858
2019 71 344 10.9910713195801 492.140773439884
2019 72 345 10.7365814208985 510.964749615431
2019 73 346 10.4407859802246 529.414076690435
2019 74 347 11.5036521911621 523.182535138965
2019 75 348 12.4566284179688 518.070605335951
2019 76 349 13.4051986694336 518.980584117174
2019 77 350 14.7785049438477 508.64076282835
2019 78 351 14.3274894714356 504.28715627861
2019 79 352 13.3476387023926 307.732386314034
2019 80 353 11.0943504333496 480.043429427147
2019 81 354 11.3851371765137 319.637909945965
2019 82 355 12.8805824279785 333.461516043901
2019 83 356 11.0197463989258 488.924613527775
2019 84 357 12.6230827331543 381.569791802645
2019 85 358 12.9178749084473 345.625732511759
2019 86 359 14.0647750854492 336.37431046629
2019 87 360 12.2456642150879 442.997604617357
2019 88 361 11.4741760253906 484.370268648624
2019 89 362 11.8896995544434 549.098986268997
2019 90 363 13.7068077087403 588.785539711475
2019 91 364 14.8252311706543 463.177655334949
2019 92 365 13.284268951416 295.920547827005
2019 93 366 13.1853996276856 336.922978701591
2019 94 367 13.0360008239746 280.236841238499
2019 95 368 13.0606666564942 250.787528294086
2019 96 369 14.261304473877 393.395006519556
2019 97 370 15.1553207397461 466.714965224266
2019 98 371 16.7538505554199 454.305400397301
2019 99 372 14.8126045227051 524.244165163994
2019 100 373 13.3247772216797 632.388553266525
2019 101 374 13.8213249206543 578.410034279823
2019 102 375 12.9166809082031 598.706060036659
2019 103 376 14.8944221496582 639.360567305565
2019 104 377 13.3705001831055 616.749446879387
2019 105 378 12.3395095825196 547.475311022758
2019 106 379 11.9478622436524 420.872712043762
2019 107 380 12.9802490234375 591.841083053589
2019 108 381 15.4695755004883 647.746608755112
2019 109 382 17.1170288085938 619.83177418232
2019 110 383 14.0922523498535 540.922597191334
2019 111 384 12.4570327758789 666.71337165165
2019 112 385 15.0913520812989 672.94045277977
2019 113 386 18.7436271667481 668.252290411949
2019 114 387 20.4841361999512 657.16306936264
2019 115 388 18.1722846984864 655.499239091873
2019 116 389 15.2973114013672 666.771342664719
2019 117 390 15.4366889953614 615.375564413071
2019 118 391 13.7136245727539 613.078308917046
2019 119 392 13.3955665588379 626.072230910301
2019 120 393 14.0493370056153 641.862989927292
2019 121 394 13.6314025878906 669.496821987152
2019 122 395 15.2810722351074 710.757968000412
2019 123 396 14.9499755859375 690.867853242874
2019 124 397 14.0198608398438 673.975336519241
2019 125 398 13.0915542602539 657.194298248291
2019 126 399 13.0879379272461 559.193482635498
2019 127 400 13.7687774658203 608.87638372612
2019 128 401 14.1227394104004 650.360558215141
2019 129 402 14.3457389831543 549.464767444611
2019 130 403 14.9890800476074 617.610355081558
2019 131 404 15.357266998291 645.908818067551
2019 132 405 14.8007713317871 659.901921260834
2019 133 406 14.8490997314453 678.476123673251
2019 134 407 14.3423324584961 539.691449124726
2019 135 408 14.4401985168457 281.195881138613
2019 136 409 13.3604713439942 507.770918019107
2019 137 410 12.4772811889649 485.338234376544
2019 138 411 11.9741302490235 431.221446886793
2019 139 412 11.8425727844239 386.779844705783
2019 140 413 12.5707450866699 557.734831197012
2019 141 414 13.1298500061035 495.990310656272
2019 142 415 13.7048049926758 544.923814018227
2019 143 416 16.0006118774414 665.772161346562
2019 144 417 15.5887046813965 620.661453380711
2019 145 418 14.4145256042481 634.217409309924
2019 146 419 13.0955635070801 557.324454919264
2019 147 420 12.6942764282227 571.866219244361
2019 148 421 14.0826240539551 559.809042667568
2019 149 422 15.3614822387696 648.161457170665
2019 150 423 14.9559875488281 660.941271928623
2019 151 424 15.0538536071778 673.734447150186
2019 152 425 16.9383445739746 692.393420092106
2019 153 426 16.3559700012207 611.378805796578
2019 154 427 16.2426696777344 676.94166339308
2019 155 428 17.8227363586426 722.244184746504
2019 156 429 20.0658012390137 739.761222103238
2019 157 430 16.9439636230469 743.253903629243
2019 158 431 14.6886726379395 764.393010101825
2019 159 432 19.257413482666 779.05521119681
2019 160 433 22.8070121765137 751.88084025979
2019 161 434 25.8247695922852 672.534516012609
2019 162 435 26.8236747741699 733.788381168455
2019 163 436 26.0387512207031 729.39017422834
2019 164 437 18.9451728820801 708.465193970442
2019 165 438 15.957894897461 684.556011659682
2019 166 439 14.9094635009766 652.439225057066
2019 167 440 14.9190879821778 604.48708339423
2019 168 441 16.561124420166 711.895428750515
2019 169 442 18.9172988891602 729.599821906567
2019 170 443 17.7352958679199 682.334617003739
2019 171 444 17.1138206481934 718.546295017421
2019 172 445 16.5781723022461 759.802990057647
2019 173 446 19.1411033630371 766.935592567742
2019 174 447 20.5743728637696 756.542234102309
2019 175 448 19.4685874938965 721.610763616383
2019 176 449 18.4123321533203 700.525205440283
2019 177 450 17.0181632995606 747.116839858651
2019 178 451 16.0242782592774 744.485059289575
2019 179 452 16.402303314209 670.29080777353
2019 180 453 16.8302551269531 736.17036779207
2019 181 454 17.4637657165528 736.277432568967
2019 182 455 16.8958335876465 754.601849141538
2019 183 456 16.7418151855469 749.570207021833
2019 184 457 16.5932136535645 747.768106714308
2019 185 458 16.6840606689453 740.126998994708
2019 186 459 17.2243209838867 736.683370911181
2019 187 460 17.9759498596192 749.012649125874
2019 188 461 16.8844009399414 693.776230650365
2019 189 462 16.1211372375489 696.408013739526
2019 190 463 15.7595573425293 674.416928322256
2019 191 464 18.0493484497071 659.460306021035
2019 192 465 18.712548828125 697.393829231024
2019 193 466 17.5784736633301 698.571439713478
2019 194 467 18.1506248474121 734.899083505094
2019 195 468 18.2691474914551 734.653757700741
2019 196 469 19.8105102539063 737.374768031537
2019 197 470 19.0173660278321 702.51466828835
2019 198 471 18.1716819763184 695.703225709796
2019 199 472 19.4419189453125 671.071435695142
2019 200 473 18.3258987426758 646.609130238414
2019 201 474 17.9254165649414 654.009389304072
2019 202 475 17.9087692260742 672.503305649579
2019 203 476 19.3572898864746 693.606711567283
2019 204 477 19.6536880493164 689.89098376742
2019 205 478 19.6998077392578 708.688224588275
2019 206 479 22.1554466247559 653.590077000052
2019 207 480 19.5477958679199 633.784738148853
2019 208 481 18.996713256836 701.453024607614
2019 209 482 22.0275016784668 720.317172912762
2019 210 483 19.3911758422852 715.820806071415
2019 211 484 17.5008674621582 701.854487894237
2019 212 485 17.5666481018067 688.682137169823
2019 213 486 18.1801048278809 652.983431128584
2019 214 487 17.9466720581055 635.747429699525
2019 215 488 18.9339385986328 667.529663807422
2019 216 489 19.7146545410156 655.013045221053
2019 217 490 18.8461051940918 588.468833879448
2019 218 491 19.3711181640625 615.92422031571
2019 219 492 18.2627311706543 648.393399421141
2019 220 493 17.3271957397461 680.019521708313
2019 221 494 17.9308258056641 653.050350467117
2019 222 495 19.6546875 522.955033251574
2019 223 496 18.9209075927735 616.107111643791
2019 224 497 20.7406288146973 675.059259084701
2019 225 498 21.2463966369629 680.791215202332
2019 226 499 22.7961822509766 677.307424345016
2019 227 500 24.2106071472168 675.643612218857
2019 228 501 23.3703437805176 671.022358091354
2019 229 502 19.3781410217285 650.396242609978
2019 230 503 17.849008178711 595.476542669296
2019 231 504 17.7284866333008 578.405563650131
2019 232 505 17.7786155700684 574.069797785759
2019 233 506 18.9822708129883 639.989502748489
2019 234 507 21.782243347168 605.459492036819
2019 235 508 20.6046501159668 596.047502058983
2019 236 509 19.4886375427246 588.37961207962
2019 237 510 20.1656700134278 622.949762695313
2019 238 511 20.8940330505371 613.082786602974
2019 239 512 20.8629547119141 607.823656781197
2019 240 513 19.7377143859864 536.51099946785
2019 241 514 19.6187911987305 543.420570856094
2019 242 515 18.9303337097168 602.912465937614
2019 243 516 19.5690589904785 591.305799994469
2019 244 517 22.0136657714844 614.420971570015
2019 245 518 21.3398452758789 594.892181470871
2019 246 519 18.5825897216797 591.832166995049
2019 247 520 19.0845504760742 543.670360611915
2019 248 521 19.1120239257813 531.608728210926
2019 249 522 17.9358421325684 530.390972532272
2019 250 523 17.5891052246094 534.013020258903
2019 251 524 17.6245971679688 575.693480088234
2019 252 525 18.2998291015625 584.284717896462
2019 253 526 17.1001907348633 574.208092456341
2019 254 527 18.1742835998535 565.630215127468
2019 255 528 21.3986068725586 572.892174954891
2019 256 529 23.8775077819824 572.441661990166
2019 257 530 23.1589637756348 569.292429471016
2019 258 531 19.1621604919434 532.2778282547
2019 259 532 18.4363952636719 378.523151414633
2019 260 533 17.1637550354004 534.989908792496
2019 261 534 18.0549636840821 374.41932076025
2019 262 535 17.3023277282715 431.404342247009
2019 263 536 18.5462928771973 537.822432227135
2019 264 537 20.3285079956055 535.007753005981
2019 265 538 19.7086349487305 517.972464933872
2019 266 539 18.6573959350586 499.572227590561
2019 267 540 22.728402709961 516.875137535572
2019 268 541 24.3184944152832 494.250654613972
2019 269 542 23.2662521362305 498.381218575478
2019 270 543 18.9188972473145 382.412841930866
2019 271 544 14.9616027832031 476.675623437405
2019 272 545 13.8947196960449 507.418538536072
2019 273 546 13.8251358032227 451.254303744078
2019 274 547 13.0029121398926 492.274561695576
2019 275 548 15.137281036377 496.146425890923
2019 276 549 14.8420845031739 484.571015294313
2019 277 550 14.2899909973145 489.071816192627
2019 278 551 16.1016860961914 479.436780854464
2019 279 552 19.0145545959473 470.484231744289
2019 280 553 20.6018539428711 449.608298282146
2019 281 554 19.4487358093262 458.998008949995
2019 282 555 16.4450164794922 440.231986146927
2019 283 556 16.3760238647461 474.507750585556
2019 284 557 16.1738830566406 455.799728280544
2019 285 558 16.8996444702149 454.680085283041
2019 286 559 16.3034301757813 444.121701611996
2019 287 560 14.3200698852539 442.92623809576
2019 288 561 13.9175773620606 435.369881254911
2019 289 562 13.7840171813965 347.650880384684
2019 290 563 15.281266784668 348.386892070889
2019 291 564 14.5833793640137 389.656962458968
2019 292 565 13.9408432006836 385.075872806311
2019 293 566 14.7863288879395 345.60789447248
2019 294 567 16.5950218200684 396.905540638328
2019 295 568 19.3296104431153 401.290379979849
2019 296 569 19.8602462768555 390.892567769289
2019 297 570 21.8710800170899 389.598979979515
2019 298 571 22.0718208312989 390.20117027092
2019 299 572 19.224324798584 387.319587093592
2019 300 573 15.9490753173828 395.478144684196
2019 301 574 14.7235542297364 393.323633571744
2019 302 575 12.5548950195313 377.644402968109
2019 303 576 13.6049362182617 377.662241511404
2019 304 577 13.0871368408203 374.281044864297
2019 305 578 12.365380859375 372.541398862958
2019 306 579 13.5309349060059 366.153725546658
2019 307 580 14.1311546325684 358.55275265941
2019 308 581 15.0147415161133 344.608707980275
2019 309 582 14.3603759765625 343.056397901088
2019 310 583 13.5184989929199 323.045848216474
2019 311 584 13.0686851501465 325.253879431963
2019 312 585 13.2969032287598 317.296063525632
2019 313 586 13.2056594848633 312.598970215023
2019 314 587 13.1136070251465 316.323630973741
2019 315 588 13.9029441833496 310.109923933432
2019 316 589 15.566236114502 275.597751347668
2019 317 590 13.932820892334 240.688585451327
2019 318 591 13.6103454589844 208.848354601875
2019 319 592 13.2918830871582 229.786720287964
2019 320 593 13.7613578796387 270.789154922988
2019 321 594 14.6646018981934 289.782662118549
2019 322 595 14.8677459716797 295.85364131137
2019 323 596 14.6642013549805 294.073832609089
2019 324 597 13.2479721069336 272.542196143439
2019 325 598 12.4943367004395 284.889311263373
2019 326 599 11.2678237915039 267.314294083118
2019 327 600 11.8038650512696 278.216167775393
2019 328 601 12.4365745544434 281.592892595768
2019 329 602 11.2479606628418 286.673590111017
2019 330 603 9.87385330200198 243.128570249796
2019 331 604 7.99497375488284 159.245753842235
2019 332 605 6.70147476196291 184.77414700675
2019 333 606 6.37539062500002 241.433518149614
2019 334 607 7.08330307006838 137.232371600389
2019 335 608 10.9321113586426 30.2076264323592
2019 336 609 11.9991966247559 45.3025179355592
2019 337 610 12.5803695678711 149.441209690332
2019 338 611 12.2929893493653 112.582733623624
2019 339 612 12.5091720581055 138.383223448873
2019 340 613 13.4906288146973 178.239268316507
2019 341 614 15.2495780944824 159.812263896942
2019 342 615 13.2634140014649 151.082741624475
2019 343 616 11.1314483642578 172.45378850472
2019 344 617 11.4575286865235 166.503255514383
2019 345 618 11.6891609191895 117.377950940013
2019 346 619 14.5252281188965 103.482978761494
2019 347 620 13.9817558288574 75.1755934167504
2019 348 621 12.5458770751953 167.810231378436
2019 349 622 9.63520965576174 246.344708741188
2019 350 623 8.53302917480471 227.73481385982
2019 351 624 8.85670242309573 204.178036935806
2019 352 625 10.7905288696289 145.609501527548
2019 353 626 11.1727577209473 178.600582516551
2019 354 627 11.0137306213379 189.70318181181
2019 355 628 10.5960021972656 181.254685111046
2019 356 629 11.5483718872071 145.118832908273
2019 357 630 7.77517852783205 167.145596042156
2019 358 631 7.69997558593752 211.377549576282
2019 359 632 8.89320526123049 180.995958379984
2019 360 633 9.33459625244143 199.150870107949
2019 361 634 7.97371826171877 255.382013077259
2019 362 635 7.93060073852541 246.277807053089
2019 363 636 9.4918151855469 194.551927232504
2019 364 637 9.75572738647463 184.08720123744
2019 365 638 8.9258857727051 238.623299225807
2020 1 639 10.034741973877 206.707610752419
2020 2 640 10.959806060791 228.910523122386
2020 3 641 9.99458084106448 243.451112883405
2020 4 642 10.5600028991699 180.931920069531
2020 5 643 9.11827621459963 233.441089241341
2020 6 644 9.43558273315432 256.356773457364
2020 7 645 7.99599227905276 247.095168002919
2020 8 646 9.33224258422854 199.628870635823
2020 9 647 9.74665222167971 184.290868970708
2020 10 648 8.23037872314455 233.806388072804
2020 11 649 9.57436141967776 241.504342154816
2020 12 650 7.9809623718262 195.735347827271
2020 13 651 9.22182235717776 233.926670692281
2020 14 652 9.9627738952637 236.501561364487
2020 15 653 6.96781311035159 231.080029240922
2020 16 654 8.70794830322268 129.834942678765
2020 17 655 6.58456192016604 188.990727050141
2020 18 656 7.40779266357424 229.110992558793
2020 19 657 7.97322616577151 202.569073243932
2020 20 658 8.09954605102541 132.182632371501
2020 21 659 10.1952186584473 183.520187349633
2020 22 660 11.9029174804688 190.674651717738
2020 23 661 10.6949211120606 186.972682287053
2020 24 662 10.8934188842774 215.973678268269
2020 25 663 12.8481727600098 231.561147622422
2020 26 664 13.529615020752 201.508813766793
2020 27 665 10.7520614624024 281.878547494248
2020 28 666 11.0384346008301 233.868758649186
2020 29 667 10.4167152404785 249.242405899838
2020 30 668 10.8526092529297 228.955068889931
2020 31 669 11.534268951416 248.333614582375
2020 32 670 11.5819602966309 281.958727506951
2020 33 671 11.7873321533203 305.711920941666
2020 34 672 7.4398017883301 353.663794215516
2020 35 673 8.04476318359377 356.898003979996
2020 36 674 8.04132614135744 337.056155894593
2020 37 675 9.85751113891604 325.576043548897
2020 38 676 10.1393676757813 334.071419363335
2020 39 677 10.093392944336 355.222979494408
2020 40 678 11.0835510253906 373.911031138734
2020 41 679 12.1611381530762 378.111939223603
2020 42 680 12.8092895507813 378.57524363263
2020 43 681 12.6292587280274 376.610654395417
2020 44 682 10.3859954833985 346.482600068406
2020 45 683 9.88844070434573 313.993462556199
2020 46 684 10.4732109069824 349.400511018113
2020 47 685 11.4799133300781 371.416310902909
2020 48 686 11.5284629821778 383.716116982774
2020 49 687 12.7096076965332 408.707770941899
2020 50 688 10.8859077453614 406.921373847173
2020 51 689 11.0508895874024 384.491274107667
2020 52 690 12.6765228271485 398.809114029598
2020 53 691 14.9861694335938 381.306056128256
2020 54 692 10.7090965270996 394.786396744483
2020 55 693 11.3323226928711 423.58247156417
2020 56 694 13.9367195129395 435.285317370374
2020 57 695 14.9627548217774 437.775583443683
2020 58 696 14.815805053711 433.717218718406
2020 59 697 16.3368125915528 391.770476693031
2020 60 698 13.005216217041 410.249144275707
2020 61 699 10.1312004089356 292.939902129051
2020 62 700 12.5224853515625 371.037650790122
2020 63 701 15.1889701843262 468.478321860847
2020 64 702 14.6682144165039 464.88327299523
2020 65 703 14.2789474487305 376.432467656669
2020 66 704 12.6049781799317 340.985330385443
2020 67 705 10.4448562622071 269.347075775978
2020 68 706 9.3868118286133 319.031891500708
2020 69 707 11.5714279174805 359.161053600248
2020 70 708 13.8759208679199 428.790164825674
2020 71 709 14.9333168029785 424.473429000494
2020 72 710 13.8050323486328 486.119481878635
2020 73 711 13.2398048400879 472.812873863575
2020 74 712 11.6842170715332 288.810260140416
2020 75 713 10.0102516174317 170.445236375805
2020 76 714 8.03509674072268 305.24416308808
2020 77 715 7.60672531127932 415.05145180225
2020 78 716 8.80956039428713 338.058489012715
2020 79 717 9.99564514160159 380.397276281115
2020 80 718 10.4349761962891 470.086511629578
2020 81 719 11.9750991821289 449.638819130417
2020 82 720 12.5835014343262 456.788830761429
2020 83 721 12.0638290405274 468.162017942902
2020 84 722 10.5443244934082 388.384804691073
2020 85 723 9.28756103515627 440.751412185427
2020 86 724 8.45015106201174 534.369805847642
2020 87 725 9.66975173950198 562.680302740571
2020 88 726 10.4081207275391 372.757233234164
2020 89 727 11.523095703125 369.073085588214
2020 90 728 12.4694229125977 471.993186555621
2020 91 729 12.8256164550781 485.281973289963
2020 92 730 12.1327796936035 541.212455891129
2020 93 731 10.7832122802735 618.641985498425
2020 94 732 11.1720596313477 610.739107730862
2020 95 733 10.8154426574707 421.408502754208
2020 96 734 12.0146232604981 221.644678633448
2020 97 735 9.12687072753909 272.376375589367
2020 98 736 8.83297119140627 502.67364816713
2020 99 737 12.290902709961 530.930690038201
2020 100 738 11.9536148071289 319.989672250506
2020 101 739 13.3906188964844 454.628221296784
2020 102 740 12.4571815490723 510.670082555291
2020 103 741 12.2522293090821 483.508948770997
2020 104 742 12.9787879943848 536.058206941124
2020 105 743 14.9028144836426 654.03121444368
2020 106 744 16.0959869384766 657.372339292046
2020 107 745 14.176904296875 548.184279915806
2020 108 746 13.168058013916 443.606964403149
2020 109 747 13.3461433410645 466.424636489388
2020 110 748 13.1848159790039 527.175255253312
2020 111 749 13.1796585083008 490.45402512407
2020 112 750 12.9442001342774 605.362092897889
2020 113 751 14.2443595886231 660.628814506051
2020 114 752 16.5484214782715 611.451863700387
2020 115 753 17.5357795715332 660.709015687463
2020 116 754 18.5446258544922 623.564571659562
2020 117 755 16.5866638183594 624.571373594758
2020 118 756 15.8407646179199 670.830414458748
2020 119 757 17.5888534545899 644.720618548867
2020 120 758 16.0055404663086 573.345202062127
2020 121 759 15.0901504516602 568.66762505674
2020 122 760 14.7290168762207 680.145456790444
2020 123 761 15.4416061401367 563.183712780472
2020 124 762 14.8183799743653 663.903127885338
2020 125 763 14.4349113464356 722.61789446592
2020 126 764 15.4991851806641 689.362526305672
2020 127 765 16.2878318786621 698.15191935682
2020 128 766 18.9605422973633 729.144219485756
2020 129 767 19.3236061096192 703.016611619469
2020 130 768 17.2131057739258 683.0010309329
2020 131 769 14.6026969909668 635.855482849595
2020 132 770 15.367276763916 654.84199514341
2020 133 771 15.4074493408203 490.952973943081
2020 134 772 14.0995651245117 512.05998771941
2020 135 773 15.3384910583496 403.789618582599
2020 136 774 15.9486137390137 599.26344266404
2020 137 775 15.8102546691895 627.074980322752
2020 138 776 17.4835754394531 567.999386717752
2020 139 777 15.2450386047364 573.42092018405
2020 140 778 14.1378036499024 644.903236634169
2020 141 779 14.6039863586426 672.26485724739
2020 142 780 15.6693321228028 728.253262814641
2020 143 781 15.3651329040528 737.35894997903
2020 144 782 16.7192131042481 752.451945685752
2020 145 783 16.9490791320801 740.633241181575
2020 146 784 21.0188385009766 732.262607527934
2020 147 785 22.2001968383789 724.377543055572
2020 148 786 23.4382606506348 730.213380422004
2020 149 787 19.7977348327637 716.532570117362
2020 150 788 17.3937812805176 616.77095743502
2020 151 789 17.6997009277344 585.658366622337
2020 152 790 16.4596954345703 503.488893796169
2020 153 791 16.4753776550293 561.499775277503
2020 154 792 19.1070571899414 720.519650050529
2020 155 793 22.7394195556641 735.755198535659
2020 156 794 22.1499267578125 745.51129932601
2020 157 795 17.3798156738281 713.262729730346
2020 158 796 14.6276145935059 707.395713879951
2020 159 797 14.9015289306641 762.012011474677
2020 160 798 16.0100494384766 769.94609125749
2020 161 799 18.0893989562989 764.217150483825
2020 162 800 20.1455474853516 742.718102343656
2020 163 801 19.473348236084 707.417985409178
2020 164 802 16.6706558227539 688.449283370711
2020 165 803 15.240739440918 702.032070457198
2020 166 804 16.614591217041 689.353632787444
2020 167 805 17.4934631347656 652.774946065046
2020 168 806 16.3159690856934 709.779040369429
2020 169 807 17.7211814880371 772.716990564741
2020 170 808 20.1408210754395 774.093532539107
2020 171 809 19.7272697448731 748.148568292357
2020 172 810 17.2788444519043 712.394038499572
2020 173 811 17.57509765625 728.770013905622
2020 174 812 17.4504943847656 689.883739593245
2020 175 813 17.865983581543 620.174438967802
2020 176 814 17.7639366149903 654.334138400175
2020 177 815 17.8032508850098 720.190002884306
2020 178 816 17.8930450439453 652.039903288283
2020 179 817 17.7929397583008 647.005923160292
2020 180 818 15.9827705383301 732.360609971144
2020 181 819 16.7894607543946 760.573115902998
2020 182 820 18.9680686950684 755.601511580564
2020 183 821 17.6956153869629 747.284315812208
2020 184 822 16.2375579833985 716.750856518843
2020 185 823 16.2742973327637 687.740975035109
2020 186 824 17.8956275939942 757.690810721495
2020 187 825 20.4278388977051 763.246004088499
2020 188 826 17.6457763671875 768.18641650752
2020 189 827 16.419091796875 760.724570265211
2020 190 828 17.9740348815918 751.560971585371
2020 191 829 18.2812477111817 734.31182524655
2020 192 830 19.4003005981446 738.753306004621
2020 193 831 19.5154472351074 743.096789690413
2020 194 832 20.1850830078125 748.447021570601
2020 195 833 18.845174407959 729.758993111052
2020 196 834 16.4635635375977 686.333237755217
2020 197 835 17.2526374816895 671.926290337004
2020 198 836 17.7892852783203 640.764699003615
2020 199 837 17.4565063476563 631.792660316863
2020 200 838 18.309171295166 626.255292325713
2020 201 839 18.0928398132324 652.004259876319
2020 202 840 16.7391906738281 622.829530285903
2020 203 841 16.1918045043946 580.566491776832
2020 204 842 16.4386421203614 588.451549870231
2020 205 843 16.9797988891602 614.008946969398
2020 206 844 17.1149269104004 691.572124211677
2020 207 845 17.0928016662598 641.869504972823
2020 208 846 18.5216499328614 648.516125039302
2020 209 847 18.0268836975098 640.132106051974
2020 210 848 17.396573638916 652.725936755546
2020 211 849 17.4103218078614 644.787413559951
2020 212 850 17.4541412353516 634.670488442458
2020 213 851 16.722859954834 685.201707062923
2020 214 852 17.8258033752442 697.488143252492
2020 215 853 18.1871467590332 707.061599068761
2020 216 854 19.4499259948731 700.615442973256
2020 217 855 18.4533248901367 661.270315764342
2020 218 856 16.4689308166504 635.29861644641
2020 219 857 16.8001991271973 617.358978453551
2020 220 858 17.9115234375 631.253617581262
2020 221 859 19.2793518066406 664.482267806901
2020 222 860 19.9070869445801 639.116411558025
2020 223 861 19.7893577575684 597.820073405591
2020 224 862 18.5396934509278 610.409439868447
2020 225 863 18.3418289184571 626.41566811609
2020 226 864 21.1799636840821 655.848782966134
2020 227 865 26.1114097595215 594.211639846322
2020 228 866 27.3576408386231 646.765362597939
2020 229 867 26.3666282653809 586.045931390282
2020 230 868 25.3661514282227 543.520064901826
2020 231 869 23.8874794006348 559.798032840249
2020 232 870 24.3654724121094 640.671143342492
2020 233 871 20.81044921875 660.120971133706
2020 234 872 19.0782676696778 627.703122776505
2020 235 873 20.6525512695313 616.762044383522
2020 236 874 20.6293464660645 567.415802373406
2020 237 875 21.3140159606934 594.625948774811
2020 238 876 19.4750610351563 563.865305890557
2020 239 877 18.4778190612793 604.591430933472
2020 240 878 16.1022087097168 605.509128733155
2020 241 879 17.9544921875 618.013855978486
2020 242 880 17.8202262878418 580.717944798943
2020 243 881 17.7441688537598 592.563363536355
2020 244 882 17.8002410888672 578.347979828354
2020 245 883 17.0975280761719 530.556486740586
2020 246 884 16.9697013854981 531.964211420056
2020 247 885 16.9929061889649 552.033245616433
2020 248 886 17.3226715087891 580.152179303166
2020 249 887 20.8972412109375 589.329140667435
2020 250 888 26.8575149536133 575.247407114502
2020 251 889 28.8524375915528 582.125692159173
2020 252 890 23.9489151000977 581.043152616021
2020 253 891 19.1867576599121 505.431181954857
2020 254 892 16.3280044555664 543.283948115822
2020 255 893 16.0519500732422 576.819962953087
2020 256 894 17.2567192077637 561.989802140233
2020 257 895 17.7602783203125 553.320690700528
2020 258 896 16.648526763916 525.518058852669
2020 259 897 17.6086059570313 542.482073898312
2020 260 898 18.7749305725098 486.07938847017
2020 261 899 19.3543296813965 434.438903976914
2020 262 900 19.2462669372559 401.366205141064
2020 263 901 19.0170417785645 463.970023396489
2020 264 902 20.3986221313477 530.097626752373
2020 265 903 19.9034400939942 520.426180983063
2020 266 904 18.7388359069824 519.468384608742
2020 267 905 18.6060691833496 514.919983600613
2020 268 906 20.0473724365235 422.954333853957
2020 269 907 18.3111129760742 482.176956659314
2020 270 908 19.4931083679199 493.073470888135
2020 271 909 22.0212417602539 496.499236298558
2020 272 910 25.8768096923828 497.57732738876
2020 273 911 21.247632598877 464.936735325333
2020 274 912 20.0686393737793 480.764751017806
2020 275 913 23.8348442077637 484.756291248318
2020 276 914 24.0724464416504 485.201770092484
2020 277 915 21.8216606140137 485.330973054644
2020 278 916 20.8168960571289 480.216823435303
2020 279 917 19.4230743408203 474.478989724871
2020 280 918 18.6584869384766 449.01959735274
2020 281 919 16.851335144043 417.287777454135
2020 282 920 15.7739578247071 350.794878542897
2020 283 921 15.8225036621094 405.910130227324
2020 284 922 17.2427536010742 343.56023000395
2020 285 923 17.7102180480957 357.508316047904
2020 286 924 19.0329376220703 434.331983096835
2020 287 925 20.1771369934082 435.949093775269
2020 288 926 21.9116760253906 425.070381674525
2020 289 927 24.1598793029785 422.660312333104
2020 290 928 24.5923400878906 421.154579429981
2020 291 929 23.4395500183106 420.379428691265
2020 292 930 21.5385147094727 413.389794222232
2020 293 931 18.9796653747559 396.528243539449
2020 294 932 18.2419296264649 397.004899103519
2020 295 933 19.1917015075684 398.541816160795
2020 296 934 18.2702919006348 391.761566052672
2020 297 935 16.1419578552246 381.862905821439
2020 298 936 14.7077423095703 362.212625478384
2020 299 937 14.5747619628906 308.554107436415
2020 300 938 15.9191795349121 380.25916847479
2020 301 939 16.0212265014649 381.720351011213
2020 302 940 15.8618179321289 378.3881455605
2020 303 941 15.3904815673828 376.156268991586
2020 304 942 14.4144989013672 368.485035301265
2020 305 943 14.6435104370117 357.904800608572
2020 306 944 16.3217788696289 359.722364405867
2020 307 945 16.9806571960449 351.039907103297
2020 308 946 15.0261283874512 338.931642714408
2020 309 947 14.1650863647461 317.708786529597
2020 310 948 16.8337188720703 327.74109341928
2020 311 949 15.8878150939942 326.092808210265
2020 312 950 10.996541595459 321.557779762146
2020 313 951 11.3813034057617 315.035888925281
2020 314 952 8.23489532470705 327.651984747615
2020 315 953 9.14040145874026 326.827861539882
2020 316 954 11.8887344360352 229.676756551702
2020 317 955 10.5909400939942 237.936028432567
2020 318 956 10.6225219726563 245.535975676973
2020 319 957 11.417611694336 192.808525273793
2020 320 958 9.98748550415041 280.693559887402
2020 321 959 13.3057609558106 273.369807506295
2020 322 960 14.4652038574219 214.837688577386
2020 323 961 14.5573707580567 167.442677130532
2020 324 962 11.8870178222656 218.59312100954
2020 325 963 10.9924598693848 278.426040292905
2020 326 964 10.9368186950684 279.704577802256
2020 327 965 9.64653930664065 273.160419909314
2020 328 966 10.9757019042969 280.221340257243
2020 329 967 10.6504531860352 279.900587193326
2020 330 968 11.2560516357422 261.568936466531
2020 331 969 10.8889099121094 285.602784138516
2020 332 970 10.3309951782227 283.513473657206
2020 333 971 9.87685165405276 280.689095387296
2020 334 972 9.23449478149416 277.726628085688
2020 335 973 9.60916671752932 271.342853906945
2020 336 974 9.92603454589846 268.910512815789
2020 337 975 10.0991912841797 267.266676390485
2020 338 976 10.3297058105469 257.715500136212
2020 339 977 10.6195198059082 258.111980601743
2020 340 978 10.2504364013672 257.479397210673
2020 341 979 9.79692230224612 228.384856453255
2020 342 980 11.9781127929688 255.857834551171
2020 343 981 13.5115715026856 264.518037996606
2020 344 982 11.7033363342285 265.253086128548
2020 345 983 11.122216796875 253.269576091365
2020 346 984 9.87190017700198 196.149646675423
2020 347 985 11.1711975097656 126.128513328747
2020 348 986 10.8096405029297 81.767239396528
2020 349 987 9.61604080200198 182.92323492761
2020 350 988 8.45401916503909 237.748924002484
2020 351 989 8.60375747680666 203.865425314263
2020 352 990 11.5413528442383 213.109216922239
2020 353 991 9.3356872558594 239.60213231428
2020 354 992 7.97731170654299 249.184484280423
2020 355 993 7.86366043090823 248.387073132352
2020 356 994 7.93304977416994 233.325269439296
2020 357 995 8.7244926452637 210.120019211606
2020 358 996 8.4043899536133 257.225468720273
2020 359 997 7.93928680419924 203.308574616984
2020 360 998 9.88715515136721 146.745497662381
2020 361 999 12.3703857421875 168.115358212904
2020 362 1000 9.10602722167971 184.807636465863
2020 363 1001 9.80272445678713 170.373957504586
2020 364 1002 8.54704055786135 220.268141209677
2020 365 1003 8.22780380249026 206.609606182889
2020 366 1004 10.023999786377 214.788690742806
2021 1 1005 9.48992309570315 245.278046233654
2021 2 1006 9.80450592041018 97.6609356124401
2021 3 1007 10.6673942565918 120.900109830022
2021 4 1008 11.233716583252 118.451765825033
2021 5 1009 8.50435791015627 139.488763676167
2021 6 1010 7.93543395996096 165.811876160622
2021 7 1011 9.72905883789065 156.586928105593
2021 8 1012 9.66942367553713 174.942830360413
2021 9 1013 8.83514556884768 241.06169456768
2021 10 1014 8.77731094360354 218.793797537804
2021 11 1015 9.58096847534182 179.848483066559
2021 12 1016 9.96878967285159 245.689833061695
2021 13 1017 11.8036476135254 204.184271624565
2021 14 1018 13.2368637084961 195.975364890099
2021 15 1019 11.2727409362793 247.614492569923
2021 16 1020 12.7543846130371 251.441438781261
2021 17 1021 13.3185173034668 276.139769702435
2021 18 1022 14.5858360290528 283.847382259846
2021 19 1023 16.272607421875 305.99441352272
2021 20 1024 12.4226013183594 303.156661417007
2021 21 1025 10.7816558837891 284.411346399307
2021 22 1026 9.93617401123049 224.715486776352
2021 23 1027 8.29983673095705 256.270994515419
2021 24 1028 8.12073669433596 243.174341786385
2021 25 1029 7.52599868774416 221.846399437428
2021 26 1030 6.43797454833987 310.112304987907
2021 27 1031 9.14792785644534 159.491820551395
2021 28 1032 9.88134536743166 135.684202366352
2021 29 1033 8.04289779663088 219.639754583359
2021 30 1034 8.52016601562502 266.726835700989
2021 31 1035 10.8927169799805 308.70684687233
2021 32 1036 11.8828941345215 289.639264472008
2021 33 1037 12.6909576416016 197.501665083885
2021 34 1038 9.68643341064455 295.095455820084
2021 35 1039 9.30701599121096 329.940800658226
2021 36 1040 9.42849121093752 340.705480200768
2021 37 1041 10.4826866149903 358.381037543297
2021 38 1042 11.8848892211914 363.18822148037
2021 39 1043 10.0092178344727 324.063864086151
2021 40 1044 11.6571632385254 257.076669524193
2021 41 1045 11.0189949035645 294.509098210812
2021 42 1046 10.6850105285645 298.895543476105
2021 43 1047 11.0916343688965 240.985598225713
2021 44 1048 11.7992454528809 285.257308485031
2021 45 1049 10.0074211120606 315.295456281662
2021 46 1050 11.4948707580567 111.961622412682
2021 47 1051 10.415055847168 236.464879210472
2021 48 1052 9.65421447753909 400.759424661636
2021 49 1053 10.252156829834 384.363985798304
2021 50 1054 11.7962471008301 212.111188261454
2021 51 1055 10.6129623413086 262.147928785948
2021 52 1056 10.186124420166 402.594562495746
2021 53 1057 11.6775756835938 419.021312620971
2021 54 1058 13.9274650573731 408.936982704066
2021 55 1059 13.4695983886719 446.378380378872
2021 56 1060 13.0771728515625 450.814060107455
2021 57 1061 10.9843803405762 447.425752506748
2021 58 1062 10.3940368652344 454.5470078329
2021 59 1063 11.3001609802246 459.090100456536
2021 60 1064 11.7796340942383 459.586933800727
2021 61 1065 11.9143081665039 461.144562833011
2021 62 1066 11.3451896667481 421.56366509375
2021 63 1067 9.91395721435549 407.612104388952
2021 64 1068 10.9595657348633 446.602167116523
2021 65 1069 11.5320907592774 472.464252277195
2021 66 1070 9.86873779296877 483.931673036933
2021 67 1071 10.197526550293 416.313367443204
2021 68 1072 9.91436538696291 406.596059162259
2021 69 1073 8.66985092163088 365.609700818837
2021 70 1074 7.79254302978518 418.16194031179
2021 71 1075 9.55255279541018 489.146157673836
2021 72 1076 11.1018463134766 474.572431701303
2021 73 1077 9.27019653320315 358.32732572484
2021 74 1078 8.41610488891604 356.630938231945
2021 75 1079 7.79955062866213 485.739947362184
2021 76 1080 8.12914047241213 492.001818003178
2021 77 1081 10.5821472167969 220.360386194587
2021 78 1082 11.9005027770996 253.419814896107
2021 79 1083 9.8807426452637 433.586085139275
2021 80 1084 9.56436309814455 527.590166627646
2021 81 1085 10.7796607971192 544.706225924253
2021 82 1086 11.2929512023926 563.917028752089
2021 83 1087 13.588265991211 575.514248158932
2021 84 1088 11.1642776489258 465.36090926981
2021 85 1089 11.1995025634766 519.524482084751
2021 86 1090 13.2878967285156 581.834307800293
2021 87 1091 14.6352668762207 577.031600037098
2021 88 1092 12.5058532714844 586.296836933136
2021 89 1093 13.6831260681153 605.086921753883
2021 90 1094 16.6582237243653 608.309587515831
2021 91 1095 18.5196891784668 608.42150698328
2021 92 1096 15.3610778808594 607.302505851269
2021 93 1097 11.6905799865723 522.921747860908
2021 94 1098 11.2331176757813 575.599299494743
2021 95 1099 11.0512138366699 446.467904706955
2021 96 1100 10.9619613647461 535.373854232311
2021 97 1101 11.1176429748535 597.679206798077
2021 98 1102 10.9101387023926 625.54205152607
2021 99 1103 11.953931427002 631.110137644768
2021 100 1104 10.782056427002 634.740126661301
2021 101 1105 12.0025650024414 621.679295419693
2021 102 1106 12.4556213378906 596.130527750969
2021 103 1107 12.6175094604492 631.956091666222
2021 104 1108 11.6121383666992 652.169519137382
2021 105 1109 12.7211662292481 626.419332212448
2021 106 1110 11.947526550293 629.436125225067
2021 107 1111 12.3179412841797 635.648763245582
2021 108 1112 15.2264038085938 663.704052201271
2021 109 1113 14.3851219177246 667.253491256714
2021 110 1114 12.4794288635254 651.489178005218
2021 111 1115 11.8508735656739 632.157508906364
2021 112 1116 11.9037033081055 606.147724057197
2021 113 1117 11.1580787658692 597.186841279983
2021 114 1118 11.3115669250489 606.984709602356
2021 115 1119 12.3183380126953 442.041168836594
2021 116 1120 10.7708526611328 505.747490743637
2021 117 1121 11.9241119384766 646.55666119957
2021 118 1122 15.4149147033692 695.868307491302
2021 119 1123 16.1421295166016 687.319225654602
2021 120 1124 14.4627738952637 680.873840704918
2021 121 1125 13.1654296875 635.756184362411
2021 122 1126 13.7133346557617 675.936853269577
2021 123 1127 16.4481025695801 706.62402964592
2021 124 1128 18.6305557250977 701.839236154556
2021 125 1129 17.1823211669922 679.669799829483
2021 126 1130 14.0885520935059 656.211308086395
2021 127 1131 13.5010162353516 702.846312274933
2021 128 1132 16.3116317749024 730.355567491531
2021 129 1133 18.5310989379883 715.432710414886
2021 130 1134 17.5555435180664 715.481964960098
2021 131 1135 18.0730377197266 720.41445555687
2021 132 1136 15.936612701416 691.81307065243
2021 133 1137 14.6582809448242 642.644666533782
2021 134 1138 13.1250015258789 669.992787843484
2021 135 1139 11.9475303649903 558.277350026755
2021 136 1140 12.9068733215332 552.431744441155
2021 137 1141 12.9853225708008 631.266784944046
2021 138 1142 13.6461006164551 680.256145995997
2021 139 1143 13.3625465393067 721.658778768346
2021 140 1144 12.1974769592285 747.19857680311
2021 141 1145 13.2198616027832 755.313505417116
2021 142 1146 13.045556640625 731.635686556451
2021 143 1147 13.4740043640137 667.020752407566
2021 144 1148 13.8250061035156 718.67328520374
2021 145 1149 15.229810333252 686.970103260532
2021 146 1150 14.2930770874024 737.485763210788
2021 147 1151 13.7179389953614 719.635645828888
2021 148 1152 14.9120193481446 691.26702022861
2021 149 1153 13.7445617675781 691.683275103256
2021 150 1154 14.2998748779297 721.721431830436
2021 151 1155 18.3217750549317 739.526787631065
2021 152 1156 18.4992767333985 738.922545707464
2021 153 1157 15.8035369873047 696.101063681781
2021 154 1158 15.555795288086 702.036164525896
2021 155 1159 17.2357536315918 721.058990070105
2021 156 1160 15.6548477172852 745.457439612716
2021 157 1161 16.8079124450684 746.77785496077
2021 158 1162 14.7097106933594 756.866651620925
2021 159 1163 13.3827491760254 735.596899248868
2021 160 1164 13.836011505127 760.944266215503
2021 161 1165 13.7355514526367 768.933837468863
2021 162 1166 15.0084854125977 756.526483700931
2021 163 1167 18.3684059143067 667.906969360411
2021 164 1168 18.7420211791992 620.260400119692
2021 165 1169 18.9679542541504 604.773588353902
2021 166 1170 16.8559356689453 725.13659263128
2021 167 1171 19.6979690551758 750.282530859888
