Year DOY_disc DOY TA_C PAR_umol_m2_day
2018 93 1 13.0682960510254 598.695589590072
2018 94 2 13.8140808105469 571.572338722229
2018 95 3 13.2326751708985 438.732031419277
2018 96 4 14.4626823425293 151.208668350935
2018 97 5 15.721021270752 314.526482269764
2018 98 6 13.504972076416 579.241757888794
2018 99 7 13.8054023742676 611.836819587707
2018 100 8 16.9506164550781 569.770636651039
2018 101 9 12.3605667114258 422.383335296631
2018 102 10 10.4331527709961 508.624329358101
2018 103 11 11.8519302368164 636.504414551735
2018 104 12 14.4659896850586 636.170782596588
2018 105 13 14.4850173950196 630.62334100914
2018 106 14 9.98903045654299 507.040629706383
2018 107 15 9.53932723999026 588.112300681114
2018 108 16 10.8950515747071 509.825458528042
2018 109 17 11.1869865417481 614.194586341858
2018 110 18 13.7621818542481 654.143211927414
2018 111 19 15.1412673950196 655.93155654335
2018 112 20 16.9088569641114 670.282813120842
2018 113 21 17.1826072692871 664.21044602108
2018 114 22 15.2396827697754 647.950730549812
2018 115 23 13.2531448364258 617.028364778519
2018 116 24 13.2014480590821 641.606983627319
2018 117 25 13.1437698364258 612.459619129181
2018 118 26 13.5525222778321 522.552968792915
2018 119 27 13.1762252807617 506.844878623962
2018 120 28 12.617147064209 498.45922526741
2018 121 29 12.4614616394043 597.810302091598
2018 122 30 13.8504653930664 658.961068925857
2018 123 31 13.5031105041504 633.47935667038
2018 124 32 14.1029182434082 671.283755355835
2018 125 33 15.1511894226074 602.41906466484
2018 126 34 13.4046913146973 590.5234680233
2018 127 35 14.9742065429688 666.456997419357
2018 128 36 15.4985443115235 683.926740478515
2018 129 37 15.5585037231446 662.818017749786
2018 130 38 14.4167839050293 693.811559776306
2018 131 39 15.2742095947266 682.903539850235
2018 132 40 20.6834541320801 725.645934174102
2018 133 41 14.8458076477051 645.392762413543
2018 134 42 13.8070503234864 633.261388193294
2018 135 43 13.5333000183106 542.883156821497
2018 136 44 13.9137321472168 536.806345470238
2018 137 45 13.6393753051758 579.846769343786
2018 138 46 13.9234519958496 655.055167643957
2018 139 47 13.8188301086426 663.925716153718
2018 140 48 12.9973808288574 650.495339738466
2018 141 49 13.529988861084 622.371147139646
2018 142 50 13.6261344909668 616.561248513482
2018 143 51 13.4667221069336 574.241507790826
2018 144 52 13.3819557189942 587.91212133792
2018 145 53 13.2378402709961 402.791609318927
2018 146 54 14.0814224243164 414.282396395549
2018 147 55 15.7727104187012 606.00466445832
2018 148 56 18.9032569885254 730.899744495451
2018 149 57 20.2536026000977 737.274596992716
2018 150 58 15.3724227905274 708.879052465349
2018 151 59 12.9386611938477 713.696922568232
2018 152 60 14.1674324035645 740.82905169335
2018 153 61 19.1153961181641 745.12643046689
2018 154 62 20.9321876525879 746.732377612531
2018 155 63 18.2302566528321 750.126689534783
2018 156 64 15.0997100830078 745.07749701193
2018 157 65 14.2753540039063 731.264522393972
2018 158 66 13.978662109375 737.016600030839
2018 159 67 15.5206733703614 750.495902907818
2018 160 68 15.9352241516114 669.691139614075
2018 161 69 15.2322441101074 738.271100776344
2018 162 70 16.4725891113281 742.016843474209
2018 163 71 19.0885177612305 751.585831369877
2018 164 72 18.9652839660645 759.108449258029
2018 165 73 17.4704109191895 742.804254297435
2018 166 74 16.0537010192871 735.886637098789
2018 167 75 15.3052268981934 683.206066907883
2018 168 76 14.8356796264649 688.295263470709
2018 169 77 16.9909339904785 678.801912820637
2018 170 78 15.9405990600586 694.487771876216
2018 171 79 15.4915214538574 722.256065369308
2018 172 80 15.1820045471192 753.142860653579
2018 173 81 18.4041381835938 773.072672347307
2018 174 82 21.5783096313477 762.725183701753
2018 175 83 21.0450759887696 689.055987545371
2018 176 84 17.3407760620117 627.633869617343
2018 177 85 16.8782554626465 749.503871281683
2018 178 86 16.3272415161133 667.724873985231
2018 179 87 16.3504005432129 723.448303933561
2018 180 88 17.5876480102539 745.833773610174
2018 181 89 21.1139350891114 743.106772156775
2018 182 90 19.9858528137207 704.488258510947
2018 183 91 17.3182350158692 641.767146645129
2018 184 92 16.8515830993653 726.63793939054
2018 185 93 16.6992088317871 700.168655333757
2018 186 94 16.8244987487793 710.965460722983
2018 187 95 21.0208908081055 628.941766824245
2018 188 96 21.5931945800781 712.873909158408
2018 189 97 19.8795753479004 744.05430926758
2018 190 98 19.8855682373047 750.647185998797
2018 191 99 21.2599006652832 743.026689545333
2018 192 100 18.9259963989258 701.285248714149
2018 193 101 18.5757499694824 670.318406666636
2018 194 102 19.9866729736328 577.34220346117
2018 195 103 18.6911254882813 672.284690219581
2018 196 104 17.4540802001953 675.44320310697
2018 197 105 17.9213577270508 659.005561645627
2018 198 106 18.6636215209961 696.685388874501
2018 199 107 18.9022270202637 718.795039568245
2018 200 108 19.0918212890625 657.484137153596
2018 201 109 19.7003150939942 655.010686429948
2018 202 110 20.7004104614258 618.42966302231
2018 203 111 19.3785949707031 611.507619547456
2018 204 112 18.6131759643555 652.675167421728
2018 205 113 18.5046249389649 688.157384960562
2018 206 114 19.395337677002 707.798039778322
2018 207 115 19.0281349182129 695.324111996263
2018 208 116 17.6234107971192 702.922352025255
2018 209 117 17.6157661437989 711.325805745825
2018 210 118 17.5090843200684 696.236079092562
2018 211 119 17.1187149047852 634.373531876445
2018 212 120 17.9699417114258 658.031322476745
2018 213 121 17.2537284851074 689.082674892455
2018 214 122 16.8714309692383 699.367901490636
2018 215 123 17.6596008300781 713.808121748313
2018 216 124 20.4738021850586 701.445416543744
2018 217 125 18.8718238830567 699.229981462099
2018 218 126 18.8178649902344 700.853732810948
2018 219 127 18.7264801025391 690.497351791709
2018 220 128 17.043660736084 684.865392283685
2018 221 129 18.8858810424805 685.62166103423
2018 222 130 20.6315551757813 687.38777312712
2018 223 131 20.6505790710449 677.707573423385
2018 224 132 19.6953483581543 669.495412755966
2018 225 133 18.2544456481934 643.29745522213
2018 226 134 16.5575691223145 608.57152710247
2018 227 135 16.8424812316895 600.328232304573
2018 228 136 17.7671142578125 636.602302693367
2018 229 137 18.6607261657715 646.006668911934
2018 230 138 20.1084609985352 666.946336316108
2018 231 139 18.6613479614258 674.331051469803
2018 232 140 17.5351310729981 662.226344274521
2018 233 141 16.0892616271973 597.596776350021
2018 234 142 17.0215393066406 566.736678839683
2018 235 143 16.9082275390625 560.877837481499
2018 236 144 16.4022994995117 549.609486818313
2018 237 145 16.420484161377 604.518830220222
2018 238 146 16.4885154724121 588.450400241852
2018 239 147 16.8714309692383 567.524086764812
2018 240 148 16.8763900756836 528.994581680298
2018 241 149 17.1966682434082 520.564437746048
2018 242 150 18.4862190246582 575.224654678345
2018 243 151 17.1154037475586 592.538684747696
2018 244 152 17.1958366394043 611.854611383438
2018 245 153 17.2841239929199 606.026898107528
2018 246 154 17.6494689941406 585.220697396278
2018 247 155 17.5607658386231 564.934994913101
2018 248 156 17.383992767334 571.501157426834
2018 249 157 16.1268936157227 555.205856348038
2018 250 158 17.3089309692383 592.205042712212
2018 251 159 18.2399688720703 593.993389344215
2018 252 160 17.6984725952149 588.68619344902
2018 253 161 18.0063301086426 591.390957677841
2018 254 162 18.0464454650879 586.141568486213
2018 255 163 16.5118804931641 567.319451376915
2018 256 164 16.0871940612793 550.3746645751
2018 257 165 15.6143280029297 517.365878607273
2018 258 166 16.3113189697266 528.874453289985
2018 259 167 15.0961929321289 561.945521631241
2018 260 168 16.0086265563965 508.882344165325
2018 261 169 15.1513954162598 502.649822175026
2018 262 170 15.2396827697754 541.579721290111
2018 263 171 18.9665237426758 548.025779606342
2018 264 172 19.8692413330078 540.209533267498
2018 265 173 17.3296104431153 529.350456908226
2018 266 174 17.2529083251953 533.185157419205
2018 267 175 17.0461441040039 523.691811053276
2018 268 176 17.8884864807129 516.222578821659
2018 269 177 17.5301681518555 512.205468554973
2018 270 178 17.8988166809082 487.066309857368
2018 271 179 16.0783020019531 430.777897655487
2018 272 180 16.2548728942871 471.620704117298
2018 273 181 17.5154815673828 401.016604312897
2018 274 182 18.1002059936524 371.001749152183
2018 275 183 19.2276626586914 369.8629032377
2018 276 184 19.7106567382813 398.436393490553
2018 277 185 18.0927597045899 261.912632824898
2018 278 186 15.4925552368164 424.149440923929
2018 279 187 16.5786643981934 415.959525797367
2018 280 188 19.014291381836 465.930903719187
2018 281 189 19.9482208251953 461.904901334762
2018 282 190 18.1593376159668 444.363983784437
2018 283 191 15.1561561584473 394.615045898676
2018 284 192 14.8313346862793 402.715974325657
2018 285 193 17.0308395385742 407.484893301487
2018 286 194 17.9517456054688 438.763156981468
2018 287 195 15.6058555603028 406.90658131361
2018 288 196 17.890340423584 437.023744339943
2018 289 197 16.718637084961 434.047635821581
2018 290 198 15.8485847473145 403.254268129587
2018 291 199 15.0327201843262 415.915034715652
2018 292 200 16.1223350524903 410.874759983897
2018 293 201 17.4412590026856 410.136280253053
2018 294 202 15.3358322143555 403.3877165519
2018 295 203 14.1486183166504 372.669989444613
2018 296 204 13.5794044494629 357.740402860641
2018 297 205 13.8089080810547 346.240713113427
2018 298 206 15.7716728210449 355.427119753957
2018 299 207 16.517049407959 367.451752276063
2018 300 208 16.6063705444336 345.849227707148
2018 301 209 16.9107147216797 301.95468656975
2018 302 210 15.1826225280762 290.036825297713
2018 303 211 15.2326522827149 359.012710175872
2018 304 212 15.4675346374512 362.300236546576
2018 305 213 17.4189277648926 326.297540184319
2018 306 214 17.8279014587403 341.752058139801
2018 307 215 17.759049987793 345.809191536099
2018 308 216 16.5679069519043 320.923601996362
2018 309 217 15.2553993225098 337.806125892401
2018 310 218 14.7097640991211 344.154314054102
2018 311 219 14.7112098693848 338.789273969084
2018 312 220 14.6369834899903 343.12223379825
2018 313 221 14.1029220581055 344.955072346747
2018 314 222 11.8713661193848 338.820407233283
2018 315 223 11.142953491211 335.06578257677
2018 316 224 12.1221633911133 330.047727366
2018 317 225 11.8672348022461 266.739386752866
2018 318 226 11.3135314941406 274.706875703834
2018 319 227 10.6343284606934 311.737205180224
2018 320 228 10.3986183166504 309.219288571767
2018 321 229 11.4756332397461 305.291146938808
2018 322 230 9.90218887329104 288.973600988552
2018 323 231 10.6946960449219 259.915202860001
2018 324 232 10.9674125671387 259.123351687472
2018 325 233 13.0323196411133 131.127591175318
2018 326 234 13.171460723877 196.642449874401
2018 327 235 13.8980270385742 154.536241445541
2018 328 236 14.6144462585449 117.759477602839
2018 329 237 11.9435211181641 230.047149918795
2018 330 238 11.7471099853516 236.417586550951
2018 331 239 13.2667861938477 168.157924018383
2018 332 240 14.718034362793 116.327024532378
2018 333 241 13.9333778381348 148.370446501493
2018 334 242 12.2536712646485 221.56363021934
2018 335 243 10.9572845458985 121.336169984817
2018 336 244 9.26041183471682 254.461186844826
2018 337 245 9.06109390258791 255.880305833816
2018 338 246 10.6138626098633 148.121325576067
2018 339 247 10.7447334289551 104.048826979041
2018 340 248 11.7030654907227 210.139572866559
2018 341 249 10.7106224060059 232.413822525144
2018 342 250 10.2507797241211 231.77766893053
2018 343 251 9.46054992675784 178.687806543112
2018 344 252 9.3571716308594 110.815177309751
2018 345 253 9.43657455444338 219.557302336574
2018 346 254 11.6610961914063 229.06845473671
2018 347 255 10.3212867736817 252.468207597017
2018 348 256 11.722917175293 176.877223694563
2018 349 257 12.1151329040528 157.846016948223
2018 350 258 12.744100189209 160.252720212936
2018 351 259 12.4172149658203 159.331857124269
2018 352 260 10.7259155273438 209.227601328611
2018 353 261 12.1234107971192 160.266064311743
2018 354 262 10.3043342590332 141.212613536596
2018 355 263 11.5219398498535 133.227336570024
2018 356 264 10.7875343322754 184.359804057121
2018 357 265 10.466641998291 210.757922821045
2018 358 266 11.6131301879883 124.272261579275
2018 359 267 11.224210357666 179.746585092664
2018 360 268 10.3022705078125 254.069720465183
2018 361 269 10.1304489135742 254.950546154261
2018 362 270 9.91252670288088 259.194524245262
2018 363 271 7.95513305664065 249.056120196581
2018 364 272 8.15651855468752 247.094278607368
2018 365 273 9.61044845581057 261.027350870609
2019 1 274 7.8365417480469 267.229552213669
2019 2 275 6.41329345703127 260.007733298302
2019 3 276 6.78790817260744 261.448518460751
2019 4 277 7.19741592407229 231.602209315538
2019 5 278 9.91816864013674 137.357274290562
2019 6 279 9.3339897155762 75.2648076169491
2019 7 280 11.8800750732422 111.248994400442
2019 8 281 12.3194595336914 117.75710330534
2019 9 282 13.6991897583008 111.222233183384
2019 10 283 10.8312355041504 159.045030255318
2019 11 284 11.0803123474121 198.620054339409
2019 12 285 11.8668342590332 195.41283467865
2019 13 286 10.9609848022461 257.215352287769
2019 14 287 11.3069206237793 153.6654635849
2019 15 288 10.5446601867676 85.118416425705
2019 16 289 12.6198707580567 63.7964392424822
2019 17 290 13.9201866149903 105.39660168618
2019 18 291 12.2853675842285 173.595716230392
2019 19 292 13.4657608032227 203.781042247057
2019 20 293 13.9590927124024 177.191013765335
2019 21 294 9.98294982910159 259.994346610069
2019 22 295 9.72886047363284 280.49110515213
2019 23 296 8.92107543945315 300.457054288864
2019 24 297 10.4137130737305 303.36093945694
2019 25 298 10.6170593261719 302.763206690788
2019 26 299 10.9236885070801 284.742117554665
2019 27 300 11.6309982299805 278.568552434444
2019 28 301 12.4796920776367 252.603018754959
2019 29 302 12.200341796875 227.989070339203
2019 30 303 11.4593330383301 264.709264209747
2019 31 304 12.4339729309082 227.328892906189
2019 32 305 12.2408462524414 159.602607996941
2019 33 306 12.1437850952149 203.990688570738
2019 34 307 11.7260566711426 228.20763826561
2019 35 308 9.77919540405276 214.629378258705
2019 36 309 5.86562118530276 275.878785227776
2019 37 310 6.37719879150393 330.914464491844
2019 38 311 7.68814239501955 292.044229382515
2019 39 312 8.55047378540041 257.924600299835
2019 40 313 7.8808647155762 210.797660015583
2019 41 314 7.99878082275393 301.103839993477
2019 42 315 7.19340286254885 353.266857934952
2019 43 316 6.90141830444338 255.208045100212
2019 44 317 10.4512115478516 68.7923814058304
2019 45 318 14.2639213562012 146.305365623474
2019 46 319 9.89069519042971 247.593699857712
2019 47 320 8.11509857177737 310.341879634857
2019 48 321 8.03668365478518 350.367431300163
2019 49 322 7.09734497070315 389.304581822207
2019 50 323 7.6923538208008 420.109934259804
2019 51 324 9.37710723876955 341.95015425721
2019 52 325 8.75001296997073 395.692250480289
2019 53 326 8.11950454711916 418.918933228269
2019 54 327 7.61394271850588 416.938403409935
2019 55 328 9.57985839843752 369.784692155112
2019 56 329 10.7592445373535 353.717374498673
2019 57 330 12.1127029418946 204.191426608764
2019 58 331 12.9577842712403 215.882824648157
2019 59 332 10.5031562805176 295.849172847375
2019 60 333 10.0021949768067 313.303764340207
2019 61 334 11.9827514648438 186.669924812295
2019 62 335 12.9142700195313 154.771706962988
2019 63 336 11.2792526245117 283.506516528487
2019 64 337 11.1841903686524 168.118019868255
2019 65 338 13.1378761291504 217.493128279418
2019 66 339 10.8171974182129 273.193454409152
2019 67 340 8.78771743774416 347.860533764601
2019 68 341 8.41470489501955 300.573020318806
2019 69 342 9.16333160400393 284.077481273353
2019 70 343 8.8035598754883 440.495166875124
2019 71 344 11.3261772155762 460.960712912083
2019 72 345 9.96008453369143 491.275390197873
2019 73 346 10.6317001342774 529.90029055655
2019 74 347 11.360669708252 521.66144295156
2019 75 348 12.4373794555664 522.758761655569
2019 76 349 13.3297897338867 525.328108142137
2019 77 350 15.152921295166 502.743755548239
2019 78 351 14.0048194885254 461.009767362595
2019 79 352 13.4156280517578 289.595322642684
2019 80 353 10.8204055786133 487.283092556
2019 81 354 11.3610664367676 348.150481569052
2019 82 355 12.6603790283203 328.166693259001
2019 83 356 11.0700813293457 489.593717603683
2019 84 357 12.754037475586 366.006520298719
2019 85 358 12.9988952636719 343.043018237591
2019 86 359 14.1121078491211 411.616823904753
2019 87 360 12.2534843444824 429.981391469717
2019 88 361 11.5088706970215 464.136690078735
2019 89 362 12.3074317932129 536.845553269863
2019 90 363 13.530534362793 588.062908539295
2019 91 364 14.6718193054199 485.998422588825
2019 92 365 13.3590675354004 332.658580870867
2019 93 366 13.2997108459473 398.935154730797
2019 94 367 13.0261703491211 293.703595071793
2019 95 368 12.8956199645996 243.766447204113
2019 96 369 14.3908668518067 378.143998041272
2019 97 370 15.5331474304199 453.38648741293
2019 98 371 16.3365226745606 457.708881205559
2019 99 372 14.694482421875 522.089666399956
2019 100 373 13.5632263183594 633.927464970589
2019 101 374 13.4457107543946 538.286343472481
2019 102 375 12.6938720703125 545.882843493462
2019 103 376 14.5683456420899 630.849611321449
2019 104 377 13.7723937988281 613.702798931122
2019 105 378 11.6847434997559 581.2871450634
2019 106 379 12.227613067627 438.345124376297
2019 107 380 13.7106224060059 601.030065724373
2019 108 381 15.464559173584 645.957877054214
2019 109 382 16.9946990966797 621.138737319946
2019 110 383 13.6506591796875 569.684956806183
2019 111 384 12.7333808898926 663.974523785591
2019 112 385 15.0997749328614 673.315141949654
2019 113 386 18.9068656921387 665.495601356506
2019 114 387 20.521630859375 656.636714458466
2019 115 388 17.9643188476563 647.184579536438
2019 116 389 15.3005195617676 667.43151404953
2019 117 390 15.4092155456543 623.766079516411
2019 118 391 13.7759986877442 594.249836154938
2019 119 392 13.7645736694336 624.091711715698
2019 120 393 14.1494041442871 648.4424806633
2019 121 394 14.1449943542481 680.57711891365
2019 122 395 15.4074073791504 710.09332094574
2019 123 396 15.4423042297364 690.564541934967
2019 124 397 13.9320236206055 696.956671453476
2019 125 398 12.7582450866699 639.646047504425
2019 126 399 13.0640693664551 543.367035191536
2019 127 400 14.0006004333496 574.689839346886
2019 128 401 14.1831031799317 657.345948862076
2019 129 402 14.1953369140625 549.8617573452
2019 130 403 14.9469696044922 598.768500671387
2019 131 404 15.5227256774903 636.652933204651
2019 132 405 14.9150749206543 641.474927173614
2019 133 406 14.413720703125 672.869068985751
2019 134 407 14.0629707336426 608.715778088959
2019 135 408 14.3998809814453 292.557201242736
2019 136 409 13.6031318664551 455.03694472008
2019 137 410 12.4736801147461 493.0373591736
2019 138 411 11.8874908447266 374.31674200131
2019 139 412 11.938436126709 382.609113003166
2019 140 413 12.0513397216797 545.575063182104
2019 141 414 13.2531829833985 498.019899689652
2019 142 415 13.7308784484864 591.912451453436
2019 143 416 16.072412109375 614.71539291013
2019 144 417 15.6727310180664 620.117251120821
2019 145 418 14.1277481079102 623.694700205386
2019 146 419 13.3414207458496 522.027202611953
2019 147 420 12.893815612793 598.590078177437
2019 148 421 14.2354370117188 614.135499624431
2019 149 422 15.6506629943848 683.820020134151
2019 150 423 14.5143943786621 679.979387612298
2019 151 424 15.2900901794434 686.340294954881
2019 152 425 16.9114738464356 697.206468517542
2019 153 426 16.1740852355957 622.07547531791
2019 154 427 16.2342468261719 670.857319718301
2019 155 428 18.1147323608399 721.468028336614
2019 156 429 20.4253746032715 740.671194332242
2019 157 430 17.2445770263672 739.939655984819
2019 158 431 14.6605926513672 759.441677086145
2019 159 432 19.2552085876465 778.676073794484
2019 160 433 22.8671813964844 755.788397764772
2019 161 434 26.4739242553711 693.035755453706
2019 162 435 26.8306900024414 739.685388921082
2019 163 436 26.1536575317383 727.601447189599
2019 164 437 18.6596008300781 713.947343195677
2019 165 438 16.1873146057129 686.407208723634
2019 166 439 14.7592597961426 651.837043837964
2019 167 440 14.7510391235352 593.460304554701
2019 168 441 16.5186172485352 724.349610915422
2019 169 442 19.1152320861817 734.05156482625
2019 170 443 17.9765563964844 676.749858006775
2019 171 444 16.9814659118653 732.1290191648
2019 172 445 16.4309783935547 755.355707813323
2019 173 446 19.1238494873047 767.720672312915
2019 174 447 21.0314155578614 760.164308163822
2019 175 448 19.5568252563477 717.845965457976
2019 176 449 17.9609199523926 719.014664922059
2019 177 450 16.9930969238281 737.762841306567
2019 178 451 16.2027565002442 755.525206483722
2019 179 452 16.5358634948731 660.932339473784
2019 180 453 16.8047920227051 741.880020154893
2019 181 454 17.2814727783203 720.70079529351
2019 182 455 16.6054435729981 751.706856847227
2019 183 456 17.1695724487305 753.196750452995
2019 184 457 16.5486961364746 747.531690794289
2019 185 458 17.0757156372071 727.989519740105
2019 186 459 17.1874252319336 745.140773842156
2019 187 460 17.8772827148438 751.782689840376
2019 188 461 16.7684913635254 674.519519256353
2019 189 462 16.0375076293946 678.940042110682
2019 190 463 15.6127677917481 685.974503840685
2019 191 464 18.1993576049805 667.007769673109
2019 192 465 18.6874824523926 684.39099571538
2019 193 466 17.6592994689942 705.342731740654
2019 194 467 18.2601219177246 737.455046264529
2019 195 468 18.0038238525391 738.133080511451
2019 196 469 20.0024314880371 733.614416184008
2019 197 470 18.6742378234864 682.579941800058
2019 198 471 18.3048377990723 679.600211101413
2019 199 472 19.4168449401856 679.809865016848
2019 200 473 18.339933013916 629.863808178365
2019 201 474 18.0565696716309 659.41123566249
2019 202 475 17.9823699951172 676.013856243402
2019 203 476 19.6845718383789 695.917344679236
2019 204 477 19.6777549743653 713.938426412612
2019 205 478 19.9512916564942 701.408427950114
2019 206 479 22.212606048584 695.266087368399
2019 207 480 19.3640991210938 636.496820938975
2019 208 481 18.9951034545899 704.26770033215
2019 209 482 22.0311103820801 718.39463077943
2019 210 483 19.4044166564942 714.901924840107
2019 211 484 17.3320098876953 696.854082031429
2019 212 485 17.5449882507324 686.639162219986
2019 213 486 17.7383056640625 652.238505273901
2019 214 487 17.9196029663086 644.2093116946
2019 215 488 19.408822631836 685.653343452379
2019 216 489 19.6208053588867 654.049531389542
2019 217 490 18.4071212768555 591.635888435341
2019 218 491 19.1070037841797 596.823641946569
2019 219 492 18.1414047241211 666.762436607763
2019 220 493 17.3360229492188 679.684980506722
2019 221 494 18.0298973083496 635.029261447154
2019 222 495 19.5764823913574 559.969640012076
2019 223 496 18.7839332580567 590.502885990143
2019 224 497 20.6949058532715 676.642795434952
2019 225 498 21.0171676635742 682.691465677261
2019 226 499 22.8138328552246 679.426249802589
2019 227 500 24.6696487426758 675.665927062034
2019 228 501 23.7473541259766 675.991535068512
2019 229 502 19.6605087280274 642.068182253838
2019 230 503 18.0451370239258 599.687401055336
2019 231 504 18.0369163513184 524.993552576065
2019 232 505 17.7437301635742 613.618059581756
2019 233 506 18.7229705810547 627.847586003303
2019 234 507 21.8961463928223 612.511823181152
2019 235 508 20.6002479553223 600.106716887474
2019 236 509 19.5034767150879 577.566947106361
2019 237 510 20.4057136535645 617.489920248985
2019 238 511 20.3636070251465 595.659431241035
2019 239 512 20.6241088867188 606.47653559494
2019 240 513 19.8343711853028 542.385685100555
2019 241 514 19.4944511413574 549.732420566559
2019 242 515 19.1214462280274 613.377185884476
2019 243 516 19.5604301452637 600.133476151466
2019 244 517 21.7497573852539 610.883665208817
2019 245 518 21.3035484313965 597.974505749702
2019 246 519 18.859334564209 576.02356578064
2019 247 520 19.375936126709 533.370692079544
2019 248 521 18.9469734191895 528.401501997948
2019 249 522 18.2258277893067 537.077491251946
2019 250 523 17.4513336181641 536.04709527874
2019 251 524 17.6777473449707 572.39257578659
2019 252 525 18.3662086486817 584.860146907806
2019 253 526 17.7112327575684 572.245388242245
2019 254 527 18.2647415161133 560.487075717449
2019 255 528 21.3424507141114 571.478149560451
2019 256 529 24.0263038635254 573.806626885891
2019 257 530 23.1736045837403 571.2997225461
2019 258 531 19.1635643005371 536.693892071724
2019 259 532 18.9497848510742 404.881209153175
2019 260 533 17.0001121520996 540.686182531357
2019 261 534 18.011849975586 389.639122403622
2019 262 535 17.5889068603516 430.503290108681
2019 263 536 18.5633445739746 528.182943143845
2019 264 537 20.6696334838867 534.115619446278
2019 265 538 20.3555847167969 513.342301300049
2019 266 539 18.6341300964356 493.956250796318
2019 267 540 22.486344909668 518.235656498432
2019 268 541 24.1965614318848 483.839469827652
2019 269 542 23.1631713867188 498.7202435112
2019 270 543 19.1727882385254 386.177635301113
2019 271 544 15.1092010498047 484.990311721802
2019 272 545 13.5955062866211 506.548707219124
2019 273 546 13.9711280822754 452.391764494181
2019 274 547 13.3618789672852 493.287153776646
2019 275 548 14.5950141906739 497.417719754219
2019 276 549 14.6868644714356 488.474083678484
2019 277 550 14.3718048095703 488.451783451796
2019 278 551 15.8119026184082 479.490309462786
2019 279 552 18.7444282531739 468.316337219715
2019 280 553 20.4480339050293 449.180077479839
2019 281 554 19.5115066528321 456.914868139267
2019 282 555 16.3437362670899 429.08926169014
2019 283 556 16.6698165893555 473.820808596373
2019 284 557 16.1869178771973 455.224290448904
2019 285 558 16.4720893859864 441.217807623625
2019 286 559 16.2113777160645 445.259174710512
2019 287 560 14.6078468322754 443.564108749866
2019 288 561 13.7473274230957 433.656980909109
2019 289 562 13.8116966247559 345.710493407845
2019 290 563 15.3235832214356 358.383248098314
2019 291 564 14.4795013427735 410.947736839414
2019 292 565 13.6797348022461 398.979761988401
2019 293 566 14.8244300842285 360.064922141552
2019 294 567 16.7161422729492 397.672788518429
2019 295 568 19.5084930419922 401.879193663359
2019 296 569 19.4308868408203 389.991521931171
2019 297 570 21.799691772461 389.91568919003
2019 298 571 21.9196105957031 389.955825943947
2019 299 572 19.0318046569824 387.09653770113
2019 300 573 15.5493942260742 396.147243215918
2019 301 574 14.8204284667969 392.632223472953
2019 302 575 12.8382583618164 377.586410786331
2019 303 576 13.7511344909668 378.322426063657
2019 304 577 13.4735809326172 374.633436453581
2019 305 578 12.4857116699219 373.19711373055
2019 306 579 13.4811988830567 365.814717747509
2019 307 580 14.6048408508301 358.285103569597
2019 308 581 15.0309883117676 347.789170897126
2019 309 582 13.8157135009766 334.951371942908
2019 310 583 13.5818687438965 328.617217784613
2019 311 584 13.2985130310059 325.093298521161
2019 312 585 12.9160743713379 318.986655958489
2019 313 586 13.1862007141114 314.583970466167
2019 314 587 13.2317291259766 315.997995703101
2019 315 588 14.1197296142578 311.510561899364
2019 316 589 16.3158622741699 278.434740875848
2019 317 590 13.9554840087891 244.047461884327
2019 318 591 13.6705146789551 222.154523000028
2019 319 592 13.1101928710938 234.929859426286
2019 320 593 13.9967933654785 262.715351443931
2019 321 594 14.3190628051758 288.025161571378
2019 322 595 15.1078010559082 296.353235439502
2019 323 596 15.0143447875977 285.750230534228
2019 324 597 13.1707664489746 283.234407383492
2019 325 598 12.4277549743653 286.495152376464
2019 326 599 11.1976219177246 273.188992568254
2019 327 600 12.0962539672852 275.887688937902
2019 328 601 12.3936592102051 281.432308786869
2019 329 602 11.3313919067383 285.393372880936
2019 330 603 9.77057037353518 233.127759028196
2019 331 604 8.25306472778323 142.058814400315
2019 332 605 6.4114929199219 162.292390954137
2019 333 606 6.6788154602051 236.17884824717
2019 334 607 6.98684082031252 125.491903793097
2019 335 608 10.745206451416 41.042581551969
2019 336 609 12.6864524841309 40.3333358394802
2019 337 610 12.4279533386231 152.56814065975
2019 338 611 12.3068290710449 96.1585634938478
2019 339 612 12.2687278747559 121.927830103636
2019 340 613 13.4465080261231 148.584765565634
2019 341 614 15.0731101989746 161.569764192104
2019 342 615 13.2971015930176 140.314693737149
2019 343 616 10.8759628295899 150.355647760868
2019 344 617 11.4691635131836 170.09409842217
2019 345 618 12.1624351501465 140.10949952054
2019 346 619 14.4871231079102 94.789142080903
2019 347 620 14.1875129699707 91.5908435188532
2019 348 621 12.529630279541 175.879576784909
2019 349 622 9.39595565795901 243.623701560497
2019 350 623 8.45842895507815 233.426622135162
2019 351 624 8.85730133056643 195.689393274784
2019 352 625 10.3054176330567 176.548675757647
2019 353 626 11.1196151733399 171.2940147385
2019 354 627 10.5871788024903 187.811858609796
2019 355 628 10.4086967468262 183.404720553637
2019 356 629 11.6590782165528 152.434316429853
2019 357 630 8.0976501464844 137.794418207645
2019 358 631 7.38411865234377 201.871877981663
2019 359 632 8.89400253295901 162.47081355834
2019 360 633 9.3813186645508 193.891744444311
2019 361 634 7.99517211914065 257.804157655001
2019 362 635 7.83653793334963 247.687368370056
2019 363 636 9.23231277465823 178.582740193129
2019 364 637 9.79262695312502 182.753460439205
2019 365 638 8.8797660827637 249.78387923646
2020 1 639 9.92023239135744 198.74236795266
2020 2 640 10.7836433410645 214.895608850793
2020 3 641 10.056226348877 226.050522955731
2020 4 642 10.381478881836 178.455029430703
2020 5 643 8.90731201171877 232.082366594628
2020 6 644 9.54062805175784 254.258546665505
2020 7 645 8.30127105712893 248.54299730523
2020 8 646 9.15737686157229 206.418049528912
2020 9 647 9.85363922119143 161.900857724026
2020 10 648 7.95926437377932 229.814860694722
2020 11 649 9.61024246215823 233.516825841264
2020 12 650 8.24026260375979 186.754390561894
2020 13 651 8.84328613281252 230.398441675023
2020 14 652 9.8431106567383 239.33929734166
2020 15 653 6.93901977539065 221.515490491227
2020 16 654 8.73930892944338 133.661644945935
2020 17 655 6.35361633300784 173.438887152985
2020 18 656 7.53496704101565 228.714508691148
2020 19 657 7.75968322753909 202.7472618583
2020 20 658 8.01662597656252 143.016800468758
2020 21 659 10.393514251709 158.733465224818
2020 22 660 11.7806716918946 165.896846659497
2020 23 661 11.1295219421387 170.146761817292
2020 24 662 10.8807502746582 180.860646791056
2020 25 663 12.7429061889649 205.856745086507
2020 26 664 13.4481941223145 146.527211985425
2020 27 665 10.9471336364746 269.672283922509
2020 28 666 11.4719635009766 220.718077831105
2020 29 667 10.5920120239258 251.639101909474
2020 30 668 11.047452545166 222.647024506882
2020 31 669 11.3838821411133 256.62851869233
2020 32 670 11.5303970336914 283.664927452401
2020 33 671 11.7594123840332 308.273457686738
2020 34 672 7.37298736572268 351.498745370225
2020 35 673 7.61789474487307 356.448061058358
2020 36 674 8.0196243286133 345.19514540799
2020 37 675 9.94902572631838 339.982989959077
2020 38 676 10.1067100524903 344.999135260895
2020 39 677 10.4882484436035 357.619683568314
2020 40 678 10.8141494750977 373.737292489365
2020 41 679 12.2868209838867 378.232223859147
2020 42 680 12.9536529541016 378.552964070634
2020 43 681 12.756005859375 376.873487099961
2020 44 682 10.6296134948731 340.87840214856
2020 45 683 9.52473602294924 312.309544188813
2020 46 684 10.476651763916 326.190812085465
2020 47 685 11.4236198425293 377.474896165208
2020 48 686 11.2861343383789 390.875035600022
2020 49 687 12.8228240966797 404.244007975743
2020 50 688 10.3997436523438 405.348812968419
2020 51 689 10.9507843017578 389.355952257844
2020 52 690 12.9437728881836 390.483027403545
2020 53 691 14.8022743225098 389.240126157556
2020 54 692 10.7546401977539 391.81057223963
2020 55 693 11.1755004882813 424.575906302412
2020 56 694 13.8009544372559 435.160575209577
2020 57 695 14.6344886779785 437.494926686328
2020 58 696 15.0241943359375 432.131289296028
2020 59 697 15.6693283081055 400.27029592025
2020 60 698 13.1886764526367 406.752088702243
2020 61 699 9.79520568847659 312.51891750991
2020 62 700 12.6756607055664 379.034091226485
2020 63 701 14.7073188781739 468.219935278174
2020 64 702 14.7414756774903 469.587583055731
2020 65 703 13.9985900878906 402.675916745719
2020 66 704 12.5682502746582 337.537283050444
2020 67 705 10.6149993896485 273.084694918838
2020 68 706 9.81776962280276 323.954481189963
2020 69 707 11.6438308715821 371.180217350241
2020 70 708 14.0941902160645 423.426542981144
2020 71 709 15.1891761779785 451.282652531621
2020 72 710 13.8424087524414 480.70238510358
2020 73 711 13.3014656066895 477.298908957478
2020 74 712 11.0588432312012 337.608563164648
2020 75 713 9.88157043457034 201.927573590871
2020 76 714 8.02005920410159 283.335271986958
2020 77 715 7.72252044677737 402.479914725896
2020 78 716 8.70300445556643 354.095908848759
2020 79 717 9.99005661010744 418.370302128789
2020 80 718 10.834561920166 476.541571183201
2020 81 719 11.5929161071778 490.102110964772
2020 82 720 12.5160423278809 450.053110922333
2020 83 721 12.4518028259278 411.670231907364
2020 84 722 10.5247741699219 334.365437908646
2020 85 723 9.2392288208008 471.316046686646
2020 86 724 8.31501541137698 516.933596039292
2020 87 725 9.5129219055176 551.436310204979
2020 88 726 10.4006019592285 324.364323016879
2020 89 727 11.6144004821778 355.436815506932
2020 90 728 12.3317161560059 439.334763383147
2020 91 729 13.0062843322754 487.923680975434
2020 92 730 11.8895889282227 556.033692581173
2020 93 731 10.9409004211426 620.370457949635
2020 94 732 10.9286590576172 604.039029949185
2020 95 733 10.297696685791 431.298246800896
2020 96 734 11.7866912841797 240.675750807282
2020 97 735 8.71139297485354 298.878199353692
2020 98 736 8.47270355224612 471.708074541089
2020 99 737 12.1246200561524 532.766070013043
2020 100 738 12.2627540588379 351.093351288792
2020 101 739 13.6295104980469 498.454930141923
2020 102 740 12.2142082214356 457.955998770234
2020 103 741 12.4382759094239 463.043419114586
2020 104 742 13.0168128967285 535.465717966553
2020 105 743 14.6566139221192 659.038453767296
2020 106 744 15.9769721984864 656.655115212914
2020 107 745 14.2454277038574 559.57083463287
2020 108 746 12.5751243591309 462.112359323498
2020 109 747 13.0831924438477 462.130183880326
2020 110 748 12.8511787414551 513.868662358758
2020 111 749 13.2688079833985 541.706937776086
2020 112 750 12.550626373291 621.252516211983
2020 113 751 14.2447868347168 661.265884781357
2020 114 752 16.6059928894043 595.846581885811
2020 115 753 17.6182800292969 663.355185938355
2020 116 754 18.5654617309571 640.555326312539
2020 117 755 16.3015838623047 637.410204555031
2020 118 756 15.5941368103028 659.978415000435
2020 119 757 17.5235382080078 640.37268773317
2020 120 758 15.8115478515625 579.541877868172
2020 121 759 14.9255920410156 571.024234588143
2020 122 760 14.6448036193848 689.478357448098
2020 123 761 15.4813552856446 555.601566152093
2020 124 762 14.985311126709 657.488162370202
2020 125 763 14.5180488586426 722.626791371819
2020 126 764 15.615625 713.498825992104
2020 127 765 15.7834030151367 704.014474311349
2020 128 766 19.1010375976563 724.93441247892
2020 129 767 19.7459617614746 697.256499103066
2020 130 768 17.6034561157227 690.084193797585
2020 131 769 14.6948562622071 625.747445565697
2020 132 770 14.8338562011719 656.534831585404
2020 133 771 15.0403076171875 526.867879889813
2020 134 772 13.8103996276856 526.373369444721
2020 135 773 14.9681259155274 419.479565152042
2020 136 774 15.7034889221192 580.668942263477
2020 137 775 15.9451766967774 666.170635971938
2020 138 776 17.3478065490723 508.861426733885
2020 139 777 15.6164833068848 571.126692821417
2020 140 778 14.3848587036133 654.280684992746
2020 141 779 14.6707969665528 668.763363301315
2020 142 780 16.2564636230469 717.468081881643
2020 143 781 15.032788848877 735.773032653056
2020 144 782 16.7089019775391 756.202905808814
2020 145 783 16.7089019775391 741.573219882049
2020 146 784 21.0978904724121 732.815026152812
2020 147 785 22.7892547607422 725.580353121795
2020 148 786 23.2133346557617 729.647619462379
2020 149 787 19.5317779541016 709.137555882819
2020 150 788 17.1331916809082 583.092383771144
2020 151 789 17.6971221923828 632.193584195174
2020 152 790 16.3344474792481 500.299220978938
2020 153 791 16.3832145690918 582.196947404601
2020 154 792 19.3988014221192 726.008016827949
2020 155 793 23.0601593017578 736.187324460723
2020 156 794 21.8749366760254 746.344335709937
2020 157 795 17.4683280944824 737.831153325774
2020 158 796 14.5960327148438 721.383891820319
2020 159 797 14.8497520446778 766.039168813773
2020 160 798 15.9271293640137 770.18219897119
2020 161 799 17.8427749633789 764.604735429503
2020 162 800 20.1571556091309 731.175620555617
2020 163 801 19.4922500610352 703.457648611464
2020 164 802 17.096021270752 654.95335740576
2020 165 803 15.4716812133789 689.696622319915
2020 166 804 16.5537887573242 672.077754149534
2020 167 805 17.7065711975098 668.727715888716
2020 168 806 16.1539932250977 705.404383554854
2020 169 807 17.7029167175293 772.868467103698
2020 170 808 20.6499725341797 774.285093225219
2020 171 809 19.1972862243653 738.633009272673
2020 172 810 17.0743270874024 706.388903218963
2020 173 811 17.7531829833985 737.608405461408
2020 174 812 17.5484596252442 675.980194150664
2020 175 813 17.7085052490235 623.613584010221
2020 176 814 17.3899169921875 668.799007437803
2020 177 815 18.0178619384766 705.480132566192
2020 178 816 17.9523406982422 651.585497801222
2020 179 817 18.5177742004395 681.348271630384
2020 180 818 15.956559753418 735.10924918405
2020 181 819 16.8698097229004 761.798175983228
2020 182 820 19.1592613220215 759.267824400343
2020 183 821 17.7229057312012 747.097218699552
2020 184 822 16.6233917236328 736.405595395185
2020 185 823 16.4216705322266 719.802419324674
2020 186 824 17.7198959350586 746.228527468778
2020 187 825 20.2785278320313 763.156901969053
2020 188 826 18.0354782104492 761.428433234968
2020 189 827 16.3299385070801 763.424209650435
2020 190 828 17.9768310546875 749.694396809019
2020 191 829 18.2995048522949 745.346473742582
2020 192 830 19.8271690368653 735.367635766723
2020 193 831 19.5612045288086 735.046896248259
2020 194 832 20.429345703125 753.534463083662
2020 195 833 19.5996681213379 729.643166693785
2020 196 834 16.6472412109375 698.227658336379
2020 197 835 17.2844253540039 665.386604837813
2020 198 836 17.6131187438965 644.93889016191
2020 199 837 17.4092422485352 626.375578977324
2020 200 838 18.262769317627 645.6204714906
2020 201 839 18.1497703552246 635.05358766944
2020 202 840 16.6231819152832 616.365559524902
2020 203 841 15.7984443664551 588.821294288047
2020 204 842 16.3372398376465 573.006610282965
2020 205 843 17.0547729492188 642.172438268073
2020 206 844 17.4000068664551 705.61377768109
2020 207 845 17.3832565307617 650.507427501716
2020 208 846 18.7519393920899 640.996362942271
2020 209 847 18.2060523986817 650.578716325961
2020 210 848 17.6266532897949 656.191804426231
2020 211 849 17.3224540710449 624.682734786071
2020 212 850 16.9467178344727 628.469345708095
2020 213 851 17.0040832519531 672.603419164859
2020 214 852 17.5671440124512 707.77437503358
2020 215 853 17.9811264038086 707.783290084087
2020 216 854 19.7012802124024 702.464195019841
2020 217 855 18.3248573303223 685.620459396318
2020 218 856 16.6603446960449 642.386268758729
2020 219 857 16.5241485595703 611.523150505934
2020 220 858 18.2919898986817 631.315986645593
2020 221 859 19.5014892578125 660.067521489991
2020 222 860 19.8658424377442 631.01752969157
2020 223 861 19.8054748535156 613.229351792809
2020 224 862 18.1091629028321 617.51043686628
2020 225 863 18.4816833496094 622.361760585305
2020 226 864 20.8534141540528 654.94890619516
2020 227 865 25.9756294250489 573.117985206124
2020 228 866 27.3935218811035 643.664814076897
2020 229 867 26.7146507263184 521.076584520814
2020 230 868 25.1380096435547 550.603246919152
2020 231 869 23.8657852172852 579.149855557915
2020 232 870 24.2494674682617 645.97241401529
2020 233 871 20.9039016723633 659.323545873162
2020 234 872 19.4181304931641 637.396855164048
2020 235 873 20.2381378173828 605.023547786233
2020 236 874 21.0416122436524 583.217113487717
2020 237 875 21.290170288086 599.40154295015
2020 238 876 19.582048034668 588.99058245134
2020 239 877 18.1347404479981 603.811836781975
2020 240 878 16.1372352600098 610.690103682038
2020 241 879 17.8782249450684 598.051707128998
2020 242 880 18.0649085998535 593.993364249703
2020 243 881 17.4081779479981 586.540429403779
2020 244 882 17.7263427734375 574.793023804185
2020 245 883 17.2111755371094 536.392322752472
2020 246 884 17.0842147827149 528.07514412069
2020 247 885 16.8509002685547 560.185605689522
2020 248 886 16.955525970459 557.91362663984
2020 249 887 20.6405197143555 591.547663687226
2020 250 888 27.0512939453125 581.493084449288
2020 251 889 28.7632766723633 584.286274406907
2020 252 890 24.2196022033692 580.57985526323
2020 253 891 19.110498046875 521.646804013726
2020 254 892 16.7675491333008 572.659144370553
2020 255 893 15.999097442627 576.84668996
2020 256 894 17.9486824035645 570.565373591897
2020 257 895 17.6601615905762 547.752144414422
2020 258 896 16.360009765625 527.24208285093
2020 259 897 17.3997932434082 546.656255480286
2020 260 898 18.9882522583008 470.233514703747
2020 261 899 19.6168495178223 418.708871433255
2020 262 900 19.1087699890137 418.388123157498
2020 263 901 18.8799835205078 449.736822691914
2020 264 902 20.1146179199219 524.279624873635
2020 265 903 19.6819473266602 523.647027748105
2020 266 904 18.7192932128906 516.617288656231
2020 267 905 18.7113395690918 517.490433380124
2020 268 906 19.9436088562012 439.361496942278
2020 269 907 18.1987548828125 484.128169792649
2020 270 908 19.2870880126953 498.548471137997
2020 271 909 22.0637756347656 495.327608244416
2020 272 910 25.3188911437989 496.855636208054
2020 273 911 21.46181640625 480.653394789216
2020 274 912 20.5133453369141 475.490237088915
2020 275 913 23.5020690917969 485.206231649872
2020 276 914 24.4271293640137 485.749714307543
2020 277 915 21.9735542297364 485.023581982133
2020 278 916 20.5642562866211 480.613301254746
2020 279 917 19.2883735656739 471.899635731217
2020 280 918 19.0552841186524 456.307702803608
2020 281 919 17.2629409790039 420.419543520447
2020 282 920 15.8362518310547 341.488715602514
2020 283 921 15.4794174194336 396.056021685835
2020 284 922 17.1703544616699 356.973732690212
2020 285 923 17.7121559143067 345.141694214818
2020 286 924 19.1478706359864 435.610533543107
2020 287 925 19.6699081420899 434.621549612519
2020 288 926 21.9602256774903 424.571439492222
2020 289 927 23.9536376953125 423.457736333605
2020 290 928 24.6097389221192 420.726913298246
2020 291 929 23.4601760864258 420.38834071767
2020 292 930 21.2201400756836 414.5480552448
2020 293 931 18.7154174804688 399.094225083348
2020 294 932 17.9510513305664 397.619667640087
2020 295 933 19.5953727722168 397.909239321944
2020 296 934 18.4376426696778 392.581264196989
2020 297 935 15.7804008483887 384.295256362912
2020 298 936 14.7272926330567 357.160837741133
2020 299 937 14.832349395752 327.52725458872
2020 300 938 16.2751480102539 391.240354892727
2020 301 939 16.3804222106934 381.747082050261
2020 302 940 16.1277824401856 378.401497975585
2020 303 941 15.5825325012207 375.305401813623
2020 304 942 14.133504486084 361.695864346441
2020 305 943 15.0259109497071 359.945108112094
2020 306 944 16.4072700500489 359.673363381144
2020 307 945 17.3091331481934 354.17165376496
2020 308 946 15.2920890808106 336.695321504172
2020 309 947 14.3893714904785 327.335709968146
2020 310 948 17.1003204345703 328.975084836062
2020 311 949 15.4115348815918 329.380480556857
2020 312 950 10.7280021667481 305.373349795696
2020 313 951 11.3295303344727 317.48605474652
2020 314 952 8.55391082763674 325.001359491554
2020 315 953 8.59838638305666 325.362205160659
2020 316 954 11.9140830993653 234.773092450578
2020 317 955 10.8695732116699 241.139054460284
2020 318 956 10.9243560791016 245.945818007905
2020 319 957 11.3782936096192 201.241532067214
2020 320 958 10.4994255065918 299.443956655257
2020 321 959 13.0821128845215 276.35900257084
2020 322 960 14.6705833435059 218.303554578515
2020 323 961 14.6660743713379 180.205789572489
2020 324 962 11.2779670715332 212.048965132665
2020 325 963 11.359391784668 264.88333993666
2020 326 964 10.7183319091797 280.626725062922
2020 327 965 9.59863052368166 275.289839549617
2020 328 966 11.0620666503906 277.374704098061
2020 329 967 10.3655830383301 279.308101242856
2020 330 968 11.471322631836 272.946591757611
2020 331 969 10.731649017334 286.382375265912
2020 332 970 10.4186454772949 283.272908418254
2020 333 971 9.62420425415041 281.205853810147
2020 334 972 9.44653091430666 278.483955779628
2020 335 973 9.89510498046877 273.766279947594
2020 336 974 9.89058837890627 268.910510799722
2020 337 975 9.95504150390627 266.509356760815
2020 338 976 10.4066177368164 251.193620545224
2020 339 977 10.7905212402344 253.808610674099
2020 340 978 10.5636535644531 255.425719966487
2020 341 979 10.3526931762696 233.302989121274
2020 342 980 12.2842384338379 258.775756085233
2020 343 981 13.1886764526367 264.126019718484
2020 344 982 11.6090255737305 264.201743213967
2020 345 983 11.0919357299805 256.588430450038
2020 346 984 9.67339859008791 187.854742565469
2020 347 985 11.1327377319336 146.112918177441
2020 348 986 10.4212242126465 79.8249324934042
2020 349 987 9.47081146240237 190.095528136686
2020 350 988 9.06564102172854 237.753376991586
2020 351 989 8.75306091308596 197.927128719643
2020 352 990 11.4246994018555 209.625531530455
2020 353 991 9.25361404418948 240.880665875987
2020 354 992 8.08923492431643 250.979787101344
2020 355 993 8.0340286254883 248.734545894936
2020 356 994 8.01726303100588 234.933466327266
2020 357 995 8.89764556884768 217.853613334969
2020 358 996 8.31051406860354 257.301208344296
2020 359 997 8.27162322998049 198.083045836285
2020 360 998 9.97481307983401 173.340882205442
2020 361 999 11.8756309509278 177.368057059125
2020 362 1000 9.41409454345705 185.863424305276
2020 363 1001 10.0828643798828 202.809630922631
2020 364 1002 8.45144424438479 218.798041417674
2020 365 1003 8.0140434265137 203.856515807942
2020 366 1004 10.3028503417969 216.971558096722
2021 1 1005 9.25898513793948 247.856188318729
2021 2 1006 10.0376373291016 106.773986880779
2021 3 1007 10.6133628845215 117.220877230644
2021 4 1008 11.5587059020996 96.5956591513157
2021 5 1009 8.86876449584963 131.1634859972
2021 6 1010 7.62284622192385 159.769332747459
2021 7 1011 9.89334640502932 159.053179704189
2021 8 1012 9.77168426513674 171.40234768486
2021 9 1013 8.66484603881838 238.519347761154
2021 10 1014 8.74709472656252 227.459252335072
2021 11 1015 9.3154235839844 170.310218716621
2021 12 1016 9.75207290649416 223.851631587505
2021 13 1017 11.8034454345703 189.529982460499
2021 14 1018 13.5132308959961 196.091741378784
2021 15 1019 10.9865814208985 255.613036268711
2021 16 1020 13.2854934692383 260.160607665062
2021 17 1021 13.7113395690918 279.031251519203
2021 18 1022 15.0723167419434 287.06559049654
2021 19 1023 16.0812965393067 306.182412825584
2021 20 1024 12.3259407043457 302.449472313881
2021 21 1025 10.5373207092285 286.197255605698
2021 22 1026 9.98580703735354 213.62854287529
2021 23 1027 8.11873397827151 262.523914068699
2021 24 1028 8.12233123779299 249.628672027588
2021 25 1029 7.60444412231448 218.117927035332
2021 26 1030 6.24045715332034 308.863512454033
2021 27 1031 9.11430130004885 186.27595878458
2021 28 1032 10.1592994689942 96.1659635956287
2021 29 1033 8.17416915893557 228.627478779316
2021 30 1034 8.56759033203127 268.494841219902
2021 31 1035 10.920743560791 299.04325066185
2021 32 1036 11.616342163086 295.310303597927
2021 33 1037 12.538663482666 156.233326245785
2021 34 1038 9.1611267089844 286.425525856972
2021 35 1039 9.21656570434573 327.107516158104
2021 36 1040 9.58257064819338 351.881947579384
2021 37 1041 10.5781455993653 360.122179970741
2021 38 1042 11.4184242248535 361.232214642525
2021 39 1043 10.2867713928223 308.004126382828
2021 40 1044 11.0596252441406 262.394109562397
2021 41 1045 11.113053894043 305.712437249184
2021 42 1046 10.6707969665528 271.234125564575
2021 43 1047 11.0796295166016 248.182938427448
2021 44 1048 11.8394676208496 275.960744420052
2021 45 1049 10.212735748291 274.313590051651
2021 46 1050 11.7996459960938 147.576827828407
2021 47 1051 10.2219367980957 291.939905953407
2021 48 1052 9.60838851928713 402.464745601654
2021 49 1053 10.2585578918457 390.527360201304
2021 50 1054 12.0513893127442 196.803415512507
2021 51 1055 10.886117553711 246.647688120512
2021 52 1056 10.7268310546875 378.07077866701
2021 53 1057 11.6837783813477 418.582682862136
2021 54 1058 13.9196563720703 421.908318693064
2021 55 1059 13.3985572814942 449.162422430187
2021 56 1060 13.2398735046387 449.569735179171
2021 57 1061 10.8815170288086 444.874459400669
2021 58 1062 10.3718276977539 453.745800429717
2021 59 1063 11.1496711730957 459.00505466491
2021 60 1064 11.7550216674805 459.318375464469
2021 61 1065 11.996354675293 458.418719169378
2021 62 1066 11.5673080444336 411.97168158561
2021 63 1067 9.49852142333987 424.737107402027
2021 64 1068 10.9231430053711 453.571244753241
2021 65 1069 11.2131057739258 471.000614044547
2021 66 1070 9.54455337524416 488.452395958304
2021 67 1071 10.2495552062989 466.193438171744
2021 68 1072 10.0844627380371 370.730202373862
2021 69 1073 8.67265090942385 368.684694235206
2021 70 1074 7.44715652465823 409.554664434552
2021 71 1075 9.17273864746096 498.594904216409
2021 72 1076 10.9001251220703 446.109823901176
2021 73 1077 9.43109283447268 345.203810912371
2021 74 1078 8.58620223999026 363.044993618607
2021 75 1079 7.60724792480471 490.779895365
2021 76 1080 8.07570800781252 481.577315578937
2021 77 1081 10.5599342346192 254.887928987622
2021 78 1082 12.2515007019043 296.572530953646
2021 79 1083 9.61099014282229 478.251681437254
2021 80 1084 9.67922744750979 531.97660836482
2021 81 1085 10.6840110778809 535.405194001675
2021 82 1086 11.2905517578125 565.608951663494
2021 83 1087 14.0375228881836 571.575417761326
2021 84 1088 11.0658203125 484.576199863911
2021 85 1089 11.152677154541 522.751648213386
2021 86 1090 13.273885345459 584.681009733677
2021 87 1091 14.4943862915039 567.887207739353
2021 88 1092 12.4796348571778 580.75113117981
2021 89 1093 13.7323547363281 605.391268312454
2021 90 1094 16.8255210876465 607.49943784523
2021 91 1095 18.5901313781739 608.112645441532
2021 92 1096 15.2756324768067 599.178638356209
2021 93 1097 11.5551048278809 516.351021978378
2021 94 1098 11.4550453186035 550.108717046261
2021 95 1099 10.7588478088379 453.257929844379
2021 96 1100 10.9085327148438 513.307387042999
2021 97 1101 11.3121658325196 596.83325479269
2021 98 1102 10.8168731689453 628.558828410149
2021 99 1103 11.8342605590821 618.492411831856
2021 100 1104 10.7092224121094 633.0974610672
2021 101 1105 12.4484191894531 629.006433701515
2021 102 1106 12.7177749633789 586.493773463249
2021 103 1107 12.3217407226563 632.009790632248
2021 104 1108 11.2635360717774 657.048296655655
2021 105 1109 12.3669639587403 639.847203663826
2021 106 1110 11.4926696777344 628.939295629501
2021 107 1111 12.0331741333008 626.790830955505
2021 108 1112 15.2522178649903 667.083402697563
2021 109 1113 13.970288848877 658.762610264778
2021 110 1114 12.3001304626465 657.124401187897
2021 111 1115 11.4622550964356 631.741245400429
2021 112 1116 11.6875816345215 601.859746048927
2021 113 1117 10.950757598877 597.822427729607
2021 114 1118 11.6065307617188 602.866826201439
2021 115 1119 12.0814109802246 436.482039601803
2021 116 1120 10.8783126831055 508.222687381744
2021 117 1121 11.8874946594239 683.237150636673
2021 118 1122 15.5824104309082 697.792962463379
2021 119 1123 16.8989654541016 680.336731088638
2021 120 1124 14.3593078613281 679.754841588974
2021 121 1125 13.7559638977051 646.091157260895
2021 122 1126 13.4327789306641 677.463163543701
2021 123 1127 16.571378326416 708.074223291397
2021 124 1128 18.6623741149903 702.089867618561
2021 125 1129 17.7314353942871 681.334855869293
2021 126 1130 14.1065689086914 669.375093847275
2021 127 1131 13.5404373168946 699.76685383606
2021 128 1132 16.4230895996094 729.827379981995
2021 129 1133 19.2975440979004 715.719173446655
2021 130 1134 17.58095703125 717.030623342514
2021 131 1135 18.2049118041992 718.386848081589
2021 132 1136 16.044278717041 671.912972328608
2021 133 1137 14.6648880004883 665.481003876998
2021 134 1138 13.0415512084961 675.824968724985
2021 135 1139 12.1210266113281 578.924930578856
2021 136 1140 13.064771270752 583.870875402121
2021 137 1141 12.6565376281739 619.826233312167
2021 138 1142 13.7867828369141 695.823529773615
2021 139 1143 13.6124816894531 732.230986362263
2021 140 1144 12.438607788086 747.323905639552
2021 141 1145 12.9084754943848 746.858426759966
2021 142 1146 12.9819160461426 709.027616440408
2021 143 1147 13.9070487976074 683.201343277469
2021 144 1148 14.2932716369629 728.345852631107
2021 145 1149 15.4991622924805 708.687458624378
2021 146 1150 14.5932441711426 740.686076832309
2021 147 1151 14.0069061279297 748.371289588198
2021 148 1152 14.9558540344239 681.701891054645
2021 149 1153 13.7683769226074 682.297190584823
2021 150 1154 14.3733192443848 718.440562199622
2021 151 1155 18.5537124633789 737.159021465599
2021 152 1156 18.4404502868653 708.924662811041
2021 153 1157 15.7753196716309 671.671259973824
2021 154 1158 15.6854644775391 695.483364507586
2021 155 1159 17.0276428222656 713.248450493842
2021 156 1160 15.5395866394043 742.189980862945
2021 157 1161 16.6258102416992 740.954633483261
2021 158 1162 15.0440994262696 759.834222345412
2021 159 1163 13.7677665710449 751.723788128644
2021 160 1164 13.6951309204102 764.771203575045
2021 161 1165 13.9820915222168 770.348236150801
2021 162 1166 14.912427520752 752.560770051181
2021 163 1167 18.5731178283692 697.416975702047
2021 164 1168 18.6483665466309 642.380590845853
2021 165 1169 18.7834411621094 578.31619229117
2021 166 1170 17.0584579467774 724.107131546378
2021 167 1171 20.1944519042969 736.912843557715
