Year DOY_disc DOY TA_C PAR_umol_m2_day
2018 93 1 13.2057891845703 601.013318755627
2018 94 2 13.8839698791504 571.096335103989
2018 95 3 13.3687187194824 340.648802747011
2018 96 4 13.4747863769531 147.680909329414
2018 97 5 15.8403259277344 278.514898766935
2018 98 6 13.4288841247559 610.689067317009
2018 99 7 14.0094696044922 613.945463904381
2018 100 8 17.0674415588379 574.219258950233
2018 101 9 12.3543563842774 454.755960739612
2018 102 10 10.707105255127 521.485305811882
2018 103 11 11.5023017883301 618.354040046692
2018 104 12 14.5985275268555 635.103101470947
2018 105 13 14.3183647155762 636.410997039795
2018 106 14 10.3415580749512 480.170941664696
2018 107 15 9.52175292968752 584.949335718155
2018 108 16 11.1137977600098 506.146451854229
2018 109 17 11.1078086853028 587.413875423431
2018 110 18 13.5006309509278 647.105483160019
2018 111 19 15.0308624267578 657.928991552353
2018 112 20 16.8828025817871 669.842389061928
2018 113 21 17.5059753417969 667.186568903923
2018 114 22 15.4166732788086 648.867156210899
2018 115 23 13.6449485778809 622.255489528656
2018 116 24 12.948373413086 650.228433215141
2018 117 25 13.2820869445801 608.945202190399
2018 118 26 13.5645195007324 571.01182054615
2018 119 27 12.9347358703614 502.249453345299
2018 120 28 12.6878639221192 522.98892827034
2018 121 29 12.442227935791 618.483050222397
2018 122 30 14.0309730529785 686.484686607361
2018 123 31 13.5068412780762 637.376352659225
2018 124 32 14.1184288024903 662.542197538376
2018 125 33 14.8199592590332 552.505536540031
2018 126 34 13.6170364379883 610.996023674965
2018 127 35 14.8650413513184 687.160887744903
2018 128 36 15.2737976074219 686.271160865784
2018 129 37 15.4753890991211 661.341087017059
2018 130 38 14.4358001708985 702.588697153091
2018 131 39 15.0906120300293 671.403866609573
2018 132 40 20.5407920837403 726.010691187423
2018 133 41 14.8627639770508 655.833691755812
2018 134 42 13.3997398376465 635.410072618648
2018 135 43 13.7588706970215 582.378044238336
2018 136 44 13.7524658203125 614.06111276989
2018 137 45 13.6900192260742 610.795830872945
2018 138 46 14.1759086608887 656.469849437687
2018 139 47 13.8688674926758 663.778921069201
2018 140 48 13.0703598022461 637.17171695238
2018 141 49 13.3569351196289 634.035434308149
2018 142 50 14.1279350280762 603.179791976236
2018 143 51 13.2552085876465 568.436052908204
2018 144 52 13.4026313781739 557.901708581954
2018 145 53 13.4663063049317 392.920117235377
2018 146 54 13.7121482849121 455.352074131042
2018 147 55 15.6412101745606 634.262320221946
2018 148 56 19.1466194152832 730.17460130316
2018 149 57 20.5544334411621 736.985444526896
2018 150 58 15.4809776306153 698.220155984789
2018 151 59 13.222745513916 716.69083321467
2018 152 60 14.047925567627 736.536147613138
2018 153 61 19.4447608947754 741.709889573336
2018 154 62 21.1569381713867 744.939587567746
2018 155 63 18.6355072021485 748.605244850576
2018 156 64 14.9897132873535 745.655814039975
2018 157 65 14.0719161987305 716.877678035378
2018 158 66 13.9784523010254 719.408943526864
2018 159 67 15.7764373779297 743.498245151639
2018 160 68 15.8864227294922 663.525361050576
2018 161 69 14.7558723449707 742.172536145836
2018 162 70 16.5540519714356 747.613202923596
2018 163 71 19.3262840270996 750.816239622295
2018 164 72 18.7639022827149 760.380750336051
2018 165 73 17.5551849365235 750.598238210857
2018 166 74 16.2323394775391 749.899793611526
2018 167 75 15.2405143737793 677.27604866445
2018 168 76 14.9626289367676 647.176669999599
2018 169 77 16.8509536743164 689.389656104743
2018 170 78 15.8109642028809 692.321297293186
2018 171 79 15.5717483520508 728.377367971599
2018 172 80 16.0555587768555 756.586087098658
2018 173 81 18.5350166320801 769.438158267259
2018 174 82 21.8737693786621 763.263461629152
2018 175 83 21.0326705932617 704.310316360831
2018 176 84 17.363729095459 638.960058674157
2018 177 85 17.3351951599121 736.153566830516
2018 178 86 16.6013999938965 673.112130945146
2018 179 87 16.5294471740723 733.57336552149
2018 180 88 17.7925468444824 745.802619319022
2018 181 89 20.8201232910156 751.937270808279
2018 182 90 19.6568923950196 694.185252378821
2018 183 91 17.3511100769043 653.502613218963
2018 184 92 16.9448333740235 721.593222380042
2018 185 93 16.8774314880371 684.932134064555
2018 186 94 17.2874351501465 706.258812717199
2018 187 95 20.9013801574707 629.319900004446
2018 188 96 21.7364784240723 707.224177849948
2018 189 97 19.9211288452149 740.775683015883
2018 190 98 19.9579330444336 747.515346094012
2018 191 99 21.6508804321289 743.604988428771
2018 192 100 19.2719055175781 712.259993922412
2018 193 101 19.167081451416 643.555479290664
2018 194 102 20.0429168701172 595.81732882899
2018 195 103 19.3349662780762 677.280497936427
2018 196 104 17.6273475646973 653.217888635903
2018 197 105 17.9207397460938 651.99897894761
2018 198 106 18.4450813293457 681.902618437439
2018 199 107 18.7820945739746 711.890782533944
2018 200 108 19.6161666870117 699.479120492756
2018 201 109 19.4189163208008 677.004677347004
2018 202 110 21.0512786865235 621.939637524843
2018 203 111 19.2448211669922 625.227158508867
2018 204 112 18.9030433654785 660.20667566356
2018 205 113 18.8356491088867 678.579504569143
2018 206 114 20.2831703186035 708.825683976889
2018 207 115 19.5297370910645 709.297220147043
2018 208 116 17.7228675842285 711.085564258963
2018 209 117 17.7842727661133 719.039717506155
2018 210 118 17.4119010925293 711.92191691643
2018 211 119 17.0506912231446 627.189000460342
2018 212 120 17.7383743286133 650.255106166244
2018 213 121 17.600057220459 690.185959439471
2018 214 122 17.2105155944824 705.498119647451
2018 215 123 17.9283843994141 717.109008913383
2018 216 124 20.258561706543 702.433003339551
2018 217 125 18.5643783569336 704.452686149612
2018 218 126 18.7665878295899 699.283379526112
2018 219 127 18.5554901123047 700.711388864845
2018 220 128 17.1453872680664 682.654446653612
2018 221 129 18.8798919677735 678.494964215878
2018 222 130 20.647477722168 689.033757168334
2018 223 131 20.9838806152344 668.583432523727
2018 224 132 19.4534393310547 660.322323753357
2018 225 133 18.3679595947266 642.848150385856
2018 226 134 16.6787353515625 616.236504872322
2018 227 135 17.1943870544434 596.982848513603
2018 228 136 17.5963302612305 629.364381446838
2018 229 137 18.6293006896973 638.230500987053
2018 230 138 19.9182373046875 665.340393391609
2018 231 139 19.0665946960449 670.776599462509
2018 232 140 17.7267967224121 660.55366145134
2018 233 141 16.1831260681153 586.501914343834
2018 234 142 17.0506912231446 544.035368625641
2018 235 143 16.799275970459 555.708537579536
2018 236 144 16.4639068603516 580.549655473709
2018 237 145 16.4219375610352 608.482547963142
2018 238 146 16.393815612793 585.816816300392
2018 239 147 17.0002456665039 564.734815538406
2018 240 148 16.8687492370606 510.910920865059
2018 241 149 17.1447692871094 551.081987242698
2018 242 150 18.0265937805176 563.422452363968
2018 243 151 17.1958366394043 599.607554701805
2018 244 152 17.331674194336 610.582301422119
2018 245 153 17.7350593566895 607.672902309418
2018 246 154 17.7912994384766 585.767879285812
2018 247 155 17.7454048156739 565.624521248817
2018 248 156 17.5318161010742 562.924217065334
2018 249 157 16.2776199340821 550.614868433952
2018 250 158 17.4108673095703 589.553658910751
2018 251 159 18.5327392578125 593.139251096725
2018 252 160 17.8667655944824 584.362116744041
2018 253 161 17.9287963867188 590.011873757362
2018 254 162 18.0607162475586 585.990319069862
2018 255 163 16.9349075317383 571.056287939071
2018 256 164 16.1227584838867 552.710162351608
2018 257 165 15.6575485229492 535.106974272251
2018 258 166 16.4142852783203 542.878718441009
2018 259 167 15.4296966552735 558.893754887581
2018 260 168 15.9616828918457 522.899945602894
2018 261 169 15.2161117553711 492.257855048179
2018 262 170 15.4962745666504 544.226645550251
2018 263 171 18.8931213378906 547.830031548023
2018 264 172 20.1983963012696 536.303645916939
2018 265 173 17.6306510925293 526.05847723341
2018 266 174 17.084188079834 529.612918656349
2018 267 175 17.2365661621094 518.553656370163
2018 268 176 17.2719284057617 513.362099082947
2018 269 177 17.2719245910645 498.299073400974
2018 270 178 17.9658103942871 492.386857663631
2018 271 179 16.1020790100098 415.621433040857
2018 272 180 16.3206268310547 428.29110963726
2018 273 181 17.6990905761719 405.77217440176
2018 274 182 18.0733276367188 364.742529891968
2018 275 183 19.4890075683594 368.688473479748
2018 276 184 19.5795646667481 374.182523047447
2018 277 185 18.2463813781739 306.785886595964
2018 278 186 15.6513420104981 417.787899685621
2018 279 187 16.7734237670899 435.030764084101
2018 280 188 19.6188522338867 466.544814923048
2018 281 189 20.2726303100586 462.042800856113
2018 282 190 18.235009765625 442.348745639324
2018 283 191 15.4929672241211 388.00438159287
2018 284 192 14.1949287414551 393.000189183712
2018 285 193 17.0870834350586 407.943111676216
2018 286 194 18.5749221801758 438.100318087339
2018 287 195 16.0199943542481 403.494477658629
2018 288 196 17.0895668029785 437.851189349651
2018 289 197 16.9249816894531 433.331391551256
2018 290 198 15.5303932189942 420.243549163222
2018 291 199 14.9667640686035 410.260846763968
2018 292 200 16.1661735534668 412.271625241756
2018 293 201 17.3873001098633 402.627002242565
2018 294 202 15.0742813110352 385.713341254949
2018 295 203 14.2451721191406 378.506580851793
2018 296 204 13.8006454467774 358.269785520196
2018 297 205 13.9122825622559 324.059890417099
2018 298 206 16.0046936035156 345.039593267798
2018 299 207 16.565633392334 369.631580597222
2018 300 208 16.9338737487793 346.948042459249
2018 301 209 16.7031303405762 311.99522490555
2018 302 210 15.613298034668 315.491835936129
2018 303 211 15.0744873046875 354.101436169505
2018 304 212 15.3848320007324 361.281506989002
2018 305 213 17.3657928466797 338.500117565632
2018 306 214 17.9629150390625 337.169967635631
2018 307 215 17.8998580932617 339.572228149086
2018 308 216 16.3690086364746 324.010946629792
2018 309 217 15.4784942626953 339.042848765641
2018 310 218 14.6208587646485 344.212139248788
2018 311 219 14.9659362792969 339.011713249117
2018 312 220 14.8464256286621 343.687210507616
2018 313 221 13.6528068542481 345.00844420582
2018 314 222 11.6867309570313 339.114030328795
2018 315 223 11.4191833496094 335.306003225684
2018 316 224 12.3088737487793 329.874233164817
2018 317 225 12.1529708862305 266.717144322738
2018 318 226 11.3333793640137 278.310258173488
2018 319 227 10.7341896057129 309.944402535018
2018 320 228 10.3723617553711 308.209449430875
2018 321 229 11.2810760498047 303.369347895671
2018 322 230 9.80067214965823 287.937075414106
2018 323 231 10.4314971923828 244.718705696944
2018 324 232 11.0416427612305 262.686690520327
2018 325 233 13.4261985778809 109.218123478889
2018 326 234 13.3558975219727 198.626537508488
2018 327 235 13.8386856079102 135.905413609266
2018 328 236 14.8034187316895 124.730467983603
2018 329 237 11.7107063293457 240.025414449453
2018 330 238 11.9424911499024 238.770897291899
2018 331 239 13.5444618225098 171.298647976637
2018 332 240 14.7994934082031 132.061800882876
2018 333 241 13.9282127380371 103.457159803986
2018 334 242 12.0268493652344 218.000282188177
2018 335 243 10.8026290893555 166.529722448587
2018 336 244 9.48949966430666 255.38205491066
2018 337 245 9.17398223876955 244.331681214094
2018 338 246 10.8102775573731 171.080666095853
2018 339 247 11.1309562683106 130.068822139084
2018 340 248 11.1702438354492 203.395457996368
2018 341 249 10.6593452453614 243.117210969448
2018 342 250 10.316739654541 228.837130647182
2018 343 251 9.40348587036135 170.497897968769
2018 344 252 9.41836700439455 117.666057696819
2018 345 253 9.40907058715823 218.231617366075
2018 346 254 11.3058830261231 219.904294897079
2018 347 255 10.0469184875489 251.280429834127
2018 348 256 11.2651496887207 170.444512753248
2018 349 257 12.6006065368653 172.802282279491
2018 350 258 13.1057220458985 152.792382997155
2018 351 259 12.4289985656739 153.019256901175
2018 352 260 11.0552917480469 189.142066123724
2018 353 261 12.3295417785645 161.2758994205
2018 354 262 10.1916557312012 161.049027060032
2018 355 263 11.503133392334 131.425648863316
2018 356 264 10.7151733398438 181.383674496055
2018 357 265 10.5286689758301 189.46237565279
2018 358 266 11.5082946777344 144.197639877558
2018 359 267 11.2949234008789 174.968765808821
2018 360 268 10.2880035400391 249.758993403196
2018 361 269 10.204476928711 255.835819792271
2018 362 270 9.90135726928713 254.229865023374
2018 363 271 8.05252227783205 248.553417796373
2018 364 272 7.96465072631838 245.63067231679
2018 365 273 9.49817810058596 255.782434324741
2019 1 274 7.87183914184573 266.395394707203
2019 2 275 6.73557052612307 259.695477706909
2019 3 276 6.55085906982424 260.72589535284
2019 4 277 7.15990982055666 236.981772961855
2019 5 278 9.90152511596682 144.369434281826
2019 6 279 9.25978622436526 72.2137112157345
2019 7 280 11.9827514648438 105.20033127737
2019 8 281 12.5873886108399 148.326048410892
2019 9 282 14.0838333129883 118.992710757732
2019 10 283 10.9950805664063 157.537323496103
2019 11 284 10.9261032104492 202.344706293583
2019 12 285 12.6591812133789 198.120453155041
2019 13 286 10.6575675964356 249.498398281574
2019 14 287 11.4372764587403 129.118420889378
2019 15 288 10.8320442199707 47.5774565250874
2019 16 289 12.5637184143067 73.2575096276998
2019 17 290 13.7130256652832 102.425800812036
2019 18 291 12.3615776062012 186.58517817831
2019 19 292 13.1089950561524 207.345112660408
2019 20 293 13.9745384216309 179.630996256351
2019 21 294 9.92960128784182 258.955011393547
2019 22 295 9.9965873718262 282.128167086601
2019 23 296 8.91987380981448 299.127761187553
2019 24 297 10.3005996704102 302.241307295799
2019 25 298 10.8958145141602 298.472047327995
2019 26 299 11.3203559875489 285.37107215023
2019 27 300 11.874658203125 283.484208363533
2019 28 301 12.6842437744141 251.617211138725
2019 29 302 12.8813796997071 208.518266373634
2019 30 303 11.5764480590821 271.114788480759
2019 31 304 12.6740203857422 222.600588618278
2019 32 305 12.6856513977051 177.721835267067
2019 33 306 12.446004486084 178.480146045923
2019 34 307 11.5219017028809 240.93838079071
2019 35 308 9.72305068969729 220.660196223259
2019 36 309 5.79462203979494 265.043822547913
2019 37 310 6.16442642211916 324.763208670616
2019 38 311 7.54475555419924 282.386886005402
2019 39 312 8.72174224853518 274.30862548542
2019 40 313 8.12532958984377 202.112752686977
2019 41 314 8.08902511596682 315.864174812317
2019 42 315 6.80515441894534 366.733620336533
2019 43 316 6.89439926147463 240.893774289131
2019 44 317 10.4453941345215 79.3507781813145
2019 45 318 14.2514892578125 117.4760826478
2019 46 319 9.59530410766604 249.431488529205
2019 47 320 8.54686126708987 302.535704561234
2019 48 321 7.6590629577637 355.403508453369
2019 49 322 7.23331604003909 372.10870338898
2019 50 323 7.88246307373049 419.048293272408
2019 51 324 9.49803314208987 327.805384321602
2019 52 325 8.1544013977051 380.708863884751
2019 53 326 7.96388397216799 425.034508686796
2019 54 327 7.48759994506838 421.2384737911
2019 55 328 9.2750297546387 380.847152932394
2019 56 329 10.5972038269043 322.269691326193
2019 57 330 11.9207893371582 163.648428844705
2019 58 331 12.6856513977051 181.968389754523
2019 59 332 10.7762886047364 283.390531117521
2019 60 333 10.0230537414551 331.231179152042
2019 61 334 11.8890968322754 181.584772890396
2019 62 335 12.9672142028809 189.074228444785
2019 63 336 11.098764038086 311.688992567837
2019 64 337 10.9152618408203 199.31145489338
2019 65 338 13.1130081176758 175.946489435375
2019 66 339 10.9295021057129 286.236440807253
2019 67 340 9.04020080566409 358.588431037545
2019 68 341 8.51377258300784 331.04382174617
2019 69 342 9.39174423217776 322.934339207768
2019 70 343 8.77347717285159 447.761593678117
2019 71 344 11.233529663086 501.757951712131
2019 72 345 10.2109619140625 505.959907522082
2019 73 346 10.7636505126953 529.793242538214
2019 74 347 11.297696685791 516.192674618363
2019 75 348 12.5940032958985 522.616026596308
2019 76 349 13.3530555725098 526.403115657091
2019 77 350 15.068692779541 512.097774513006
2019 78 351 13.9963928222656 455.491925174236
2019 79 352 13.2553916931153 313.754277887702
2019 80 353 11.2489677429199 466.969229641914
2019 81 354 11.1990333557129 279.862142996311
2019 82 355 12.9194885253906 336.459065944195
2019 83 356 11.1996322631836 499.18860572958
2019 84 357 12.684644317627 364.445300303698
2019 85 358 12.9469581604004 319.437164056301
2019 86 359 14.0611778259278 320.365002423525
2019 87 360 12.5759559631348 461.937588845253
2019 88 361 11.4998489379883 492.805400837898
2019 89 362 12.1700569152832 543.20200091362
2019 90 363 13.3089347839356 589.169151492119
2019 91 364 14.8537117004395 439.527214308739
2019 92 365 13.1529136657715 302.152093788624
2019 93 366 13.100171661377 401.290377711773
2019 94 367 13.0558525085449 275.597755749941
2019 95 368 12.929704284668 227.119243306398
2019 96 369 14.7406059265137 348.819583124876
2019 97 370 15.5728546142578 436.614388889313
2019 98 371 16.2392517089844 458.074651292801
2019 99 372 15.0263801574707 494.143595885277
2019 100 373 13.3544593811035 637.24620340538
2019 101 374 13.3887573242188 553.573042267799
2019 102 375 12.731778717041 562.017090011597
2019 103 376 14.5462814331055 630.862988937378
2019 104 377 13.8612266540528 603.389742702484
2019 105 378 12.4263511657715 563.587217496872
2019 106 379 12.2613006591797 399.394599882603
2019 107 380 13.58046875 587.023572818756
2019 108 381 15.7314849853516 644.151310212135
2019 109 382 17.2080703735352 604.625360235214
2019 110 383 13.786222076416 539.99032019949
2019 111 384 12.5212036132813 660.196336670875
2019 112 385 14.9714256286621 671.008980475426
2019 113 386 18.9130836486817 668.08278248024
2019 114 387 20.4177528381348 654.624948233604
2019 115 388 18.104695892334 655.914083286286
2019 116 389 15.2866836547852 672.168742460251
2019 117 390 15.4545417785645 619.381236520767
2019 118 391 13.769376373291 611.347587542534
2019 119 392 13.8664451599121 622.356506607056
2019 120 393 14.1181198120117 640.631846048355
2019 121 394 13.5154930114746 678.96234561348
2019 122 395 15.2479759216309 711.088058732986
2019 123 396 15.031396484375 698.000452098846
2019 124 397 13.6003204345703 680.04627624321
2019 125 398 12.8886009216309 653.487503108024
2019 126 399 12.9844604492188 564.564118126869
2019 127 400 13.7752014160156 554.121690846443
2019 128 401 13.9556861877442 646.296879813194
2019 129 402 14.2996154785156 541.248219814301
2019 130 403 14.9798522949219 576.92462900734
2019 131 404 15.0181594848633 647.340699771881
2019 132 405 14.6216865539551 639.106307928085
2019 133 406 14.3260818481446 666.780268919757
2019 134 407 14.2352424621582 576.500864062698
2019 135 408 14.5695434570313 234.002045214465
2019 136 409 13.4944396972656 429.334588996699
2019 137 410 12.8629318237305 463.556819359604
2019 138 411 12.1834922790528 416.059653553739
2019 139 412 11.5399566650391 419.150881991587
2019 140 413 12.0826240539551 546.663476419803
2019 141 414 13.2993103027344 451.361367221557
2019 142 415 13.7990661621094 528.334586662017
2019 143 416 15.8419853210449 651.038576719411
2019 144 417 15.7352996826172 603.599405540593
2019 145 418 14.3246856689453 627.655773537136
2019 146 419 13.1264396667481 610.210101008818
2019 147 420 12.7855201721192 594.553195328697
2019 148 421 14.0988746643067 583.767271837085
2019 149 422 15.2716423034668 661.962742503226
2019 150 423 14.792741394043 661.793249959782
2019 151 424 15.0951629638672 683.110754623249
2019 152 425 16.8126045227051 707.184974472284
2019 153 426 16.0479370117188 626.393410073236
2019 154 427 15.8096900939942 662.729996967047
2019 155 428 17.7840324401856 723.006952263087
2019 156 429 20.5767837524414 741.456273195386
2019 157 430 16.6916862487793 729.666715467393
2019 158 431 14.819425201416 767.140775034457
2019 159 432 19.1412979125977 778.711754157186
2019 160 433 22.7859550476074 755.578737706631
2019 161 434 26.2677665710449 709.433148836404
2019 162 435 27.3282371520996 735.345161845833
2019 163 436 26.0269180297852 727.19997985509
2019 164 437 19.1238571166992 709.013842549086
2019 165 438 16.0834327697754 710.262841855884
2019 166 439 15.3518577575684 653.857714024961
2019 167 440 15.047437286377 595.637114255786
2019 168 441 16.618482208252 691.420983035564
2019 169 442 18.9233146667481 734.903561947048
2019 170 443 17.8101058959961 678.717008279741
2019 171 444 17.2560020446778 723.332581280768
2019 172 445 16.4929481506348 756.475350558817
2019 173 446 19.0777336120606 766.324481051624
2019 174 447 20.6866737365723 758.982240282118
2019 175 448 19.8219467163086 720.330567492008
2019 176 449 18.3754287719727 719.291235047579
2019 177 450 17.0646873474121 722.957893937945
2019 178 451 16.3684059143067 752.094969498575
2019 179 452 16.562329864502 663.202825247467
2019 180 453 16.6754356384278 719.991561141908
2019 181 454 17.1876159667969 736.919784815133
2019 182 455 16.6527801513672 749.124155677497
2019 183 456 16.6405387878418 750.716621379733
2019 184 457 16.3802352905274 740.822852695286
2019 185 458 16.7191520690918 733.828527656198
2019 186 459 17.4084182739258 731.366238827288
2019 187 460 17.4950500488281 750.93963895613
2019 188 461 16.6327186584473 680.505742941737
2019 189 462 15.8720642089844 682.138327757299
2019 190 463 15.6667152404785 636.055201698542
2019 191 464 18.1099105834961 668.198760669589
2019 192 465 18.5438858032227 700.84636587584
2019 193 466 17.3388305664063 692.897449568748
2019 194 467 17.8917289733887 734.475321173072
2019 195 468 18.5302482604981 731.22349431771
2019 196 469 19.7629829406739 730.880029686332
2019 197 470 18.665616607666 706.27501298514
2019 198 471 18.1811080932617 665.963967985034
2019 199 472 19.4334922790528 655.744584678888
2019 200 473 18.1373878479004 644.619666760325
2019 201 474 17.9641204833985 675.121705799133
2019 202 475 18.1375900268555 668.502078309208
2019 203 476 19.409024810791 700.480594528556
2019 204 477 19.4944625854492 697.532103394419
2019 205 478 19.8656631469727 707.104676803142
2019 206 479 21.9306427001953 686.576703361899
2019 207 480 19.3444572448731 630.470457900837
2019 208 481 18.7173515319824 696.697950187847
2019 209 482 22.1205574035645 719.425042881176
2019 210 483 19.4340950012207 717.025219147563
2019 211 484 17.1525283813477 686.019108263195
2019 212 485 17.3091484069824 676.299331496596
2019 213 486 17.8660522460938 659.995595151983
2019 214 487 18.0224815368653 634.81959309636
2019 215 488 19.0390258789063 671.013435401842
2019 216 489 19.543790435791 664.371505692787
2019 217 490 18.8124176025391 627.405972188927
2019 218 491 19.0181709289551 615.754719440237
2019 219 492 18.3263069152832 656.391377108976
2019 220 493 17.4427124023438 679.261203233356
2019 221 494 17.6827560424805 642.697145262154
2019 222 495 19.7671905517578 612.190637534907
2019 223 496 19.0177627563477 636.12212279129
2019 224 497 20.9796691894531 677.133477032661
2019 225 498 21.1220603942871 681.438019051552
2019 226 499 23.012166595459 675.915714801788
2019 227 500 24.1582656860352 678.012222392082
2019 228 501 23.4886489868164 675.362586521149
2019 229 502 19.8297630310059 649.27660843277
2019 230 503 17.8018775939942 596.230385590553
2019 231 504 17.9567008972168 577.566961218834
2019 232 505 17.8157173156739 602.716193701744
2019 233 506 18.9094749450684 631.273388710975
2019 234 507 21.1936470031739 617.369468279838
2019 235 508 20.4867454528809 604.834990934372
2019 236 509 19.8367820739746 601.248640707016
2019 237 510 20.4604698181153 621.067371554375
2019 238 511 21.0073448181153 608.845140727997
2019 239 512 20.8419013977051 620.572230415344
2019 240 513 19.4681907653809 531.970028172493
2019 241 514 19.3953910827637 527.156991591454
2019 242 515 19.2868972778321 614.880421257973
2019 243 516 19.6518875122071 598.835428064346
2019 244 517 22.1506401062012 613.354874065399
2019 245 518 21.3123680114746 602.965986481667
2019 246 519 18.9555946350098 578.44125409317
2019 247 520 19.3480659484864 559.679689571381
2019 248 521 18.7971702575684 534.628600262642
2019 249 522 18.4319854736328 549.241742496967
2019 250 523 17.6606956481934 537.710921013355
2019 251 524 17.5275436401367 565.487491156578
2019 252 525 18.2300430297852 579.58764753437
2019 253 526 17.7595687866211 568.39582528162
2019 254 527 18.0746208190918 563.257159021378
2019 255 528 21.4533515930176 572.24538421011
2019 256 529 23.8031059265137 572.414890125752
2019 257 530 23.2714706420899 569.823242908478
2019 258 531 19.0480514526367 524.061274576187
2019 259 532 18.1690727233887 384.790382779121
2019 260 533 17.0723167419434 536.537745123386
2019 261 534 17.9376502990723 380.856077949047
2019 262 535 17.2243209838867 408.30700984478
2019 263 536 18.5523162841797 538.634266826153
2019 264 537 20.4492431640625 534.454632285595
2019 265 538 19.7740188598633 516.692255516052
2019 266 539 18.6293159484864 508.444501680851
2019 267 540 22.731404876709 519.154539745808
2019 268 541 24.114347076416 499.630215236187
2019 269 542 23.2048851013184 490.097783369541
2019 270 543 19.1084190368653 383.496787681103
2019 271 544 14.5643287658692 481.546668328762
2019 272 545 13.8179145812989 507.378391071796
2019 273 546 13.8269401550293 457.686587027073
2019 274 547 13.2379470825196 492.064937548637
2019 275 548 14.7602592468262 496.141977437973
2019 276 549 14.912671661377 487.822837928534
2019 277 550 14.6060424804688 488.670361710548
2019 278 551 15.7090164184571 479.918524720907
2019 279 552 18.4624649047852 470.867843020916
2019 280 553 20.5495086669922 450.661037827492
2019 281 554 19.8385902404785 461.139122033834
2019 282 555 16.4387985229492 446.294042069435
2019 283 556 16.4688774108887 473.771736757278
2019 284 557 16.3812423706055 449.572635308027
2019 285 558 16.2677360534668 436.641162013769
2019 286 559 16.4702812194824 438.180091610432
2019 287 560 14.3964744567871 442.172391646385
2019 288 561 14.106088256836 429.816342575312
2019 289 562 13.8209243774414 376.136701186061
2019 290 563 15.4226509094239 326.373503654838
2019 291 564 14.7067161560059 402.325252630949
2019 292 565 13.7671752929688 388.046665458679
2019 293 566 14.9690261840821 365.618436754346
2019 294 567 16.8888069152832 397.842281329632
2019 295 568 19.1366897583008 401.883650180578
2019 296 569 19.4766098022461 391.432305329561
2019 297 570 21.7994895935059 389.786325068474
2019 298 571 21.7906661987305 390.085193971634
2019 299 572 19.4575553894043 386.409606800318
2019 300 573 15.5794692993164 395.442451973081
2019 301 574 14.4969497680664 392.493964587569
2019 302 575 12.6110549926758 377.836199534118
2019 303 576 13.4874206542969 377.943259144843
2019 304 577 13.2644172668457 374.910010548234
2019 305 578 12.5835777282715 373.081137935281
2019 306 579 13.837361907959 365.75226451236
2019 307 580 14.3397155761719 358.949758184522
2019 308 581 15.052449798584 347.053155052781
2019 309 582 14.2011466979981 340.553966805577
2019 310 583 13.7451148986817 312.906769226193
2019 311 584 13.2880798339844 326.079101727247
2019 312 585 12.9419456481934 313.094109605744
2019 313 586 12.9036346435547 315.453806933537
2019 314 587 13.150708770752 315.846344081283
2019 315 588 14.2318321228028 307.973268878862
2019 316 589 15.7725959777832 279.072609742269
2019 317 590 14.2442680358887 235.942437564202
2019 318 591 13.6187721252442 219.678845529821
2019 319 592 13.3532577514649 236.040567988321
2019 320 593 13.6921707153321 281.900677226707
2019 321 594 14.730184173584 293.926621336574
2019 322 595 15.1645523071289 297.789555264436
2019 323 596 14.6938758850098 280.95501775399
2019 324 597 13.051042175293 285.71007830148
2019 325 598 12.6567741394043 285.31753534179
2019 326 599 11.1964241027832 257.367012729883
2019 327 600 12.3341003417969 265.971639494419
2019 328 601 12.2731338500977 282.574233614445
2019 329 602 11.6402221679688 282.690204873562
2019 330 603 9.99979553222659 267.118026887417
2019 331 604 8.34211120605471 148.080714605272
2019 332 605 6.36496887207034 180.389312327385
2019 333 606 6.47886810302737 239.533272210836
2019 334 607 7.1093803405762 116.396599462986
2019 335 608 11.1448837280274 33.7360132068992
2019 336 609 12.4911209106446 37.7283082971871
2019 337 610 12.9086547851563 152.84916402638
2019 338 611 12.3866439819336 112.787924564123
2019 339 612 12.1094985961914 129.640319906354
2019 340 613 13.8897071838379 159.825642016888
2019 341 614 14.8226333618164 162.983788326502
2019 342 615 13.3979812622071 176.521915989637
2019 343 616 11.1797805786133 154.058003646493
2019 344 617 11.0929466247559 183.623293772221
2019 345 618 12.1838966369629 114.567731764197
2019 346 619 14.3866516113281 81.8219881719351
2019 347 620 14.0824256896973 70.7372327751517
2019 348 621 12.2167793273926 169.978114468127
2019 349 622 9.65366134643557 247.553549873352
2019 350 623 8.25446853637698 241.549499993086
2019 351 624 8.69246063232424 197.406749633789
2019 352 625 10.4877067565918 149.463517225265
2019 353 626 11.2401443481446 162.948104813695
2019 354 627 11.0283752441406 198.61559454608
2019 355 628 10.6016174316406 181.504477890968
2019 356 629 11.7092147827149 127.18249433589
2019 357 630 8.2211853027344 145.738858466864
2019 358 631 7.83353195190432 200.837005330563
2019 359 632 8.49933013916018 157.925396582127
2019 360 633 9.27503356933596 195.54219294101
2019 361 634 7.8904968261719 256.242925311565
2019 362 635 8.06075057983401 245.242927345753
2019 363 636 9.43226013183596 177.935946424246
2019 364 637 9.48961029052737 189.828073035598
2019 365 638 9.15250549316409 225.06287032795
2020 1 639 10.2195030212403 205.380068605737
2020 2 640 11.034139251709 219.368264690713
2020 3 641 10.2772880554199 240.181264085606
2020 4 642 11.0066429138184 172.467729795293
2020 5 643 8.9464050292969 236.390196063594
2020 6 644 9.27144775390627 258.74457104905
2020 7 645 7.93821105957034 248.467255665139
2020 8 646 9.46371994018557 185.386759920911
2020 9 647 9.80573425292971 176.236529595689
2020 10 648 7.96291122436526 231.935349407986
2020 11 649 9.7286087036133 242.684877699212
2020 12 650 7.97558364868166 202.693805324391
2020 13 651 8.85317764282229 240.26144561036
2020 14 652 10.1002670288086 234.839914998845
2020 15 653 6.91304168701174 218.468382375554
2020 16 654 8.98078689575198 119.067595878915
2020 17 655 6.54116210937502 169.433985183076
2020 18 656 7.22732696533205 251.607918889359
2020 19 657 7.98353729248049 218.918321265057
2020 20 658 7.69695434570315 145.542692384318
2020 21 659 10.2568832397461 166.012678557948
2020 22 660 11.902490234375 160.034275576428
2020 23 661 10.5342231750489 164.261923268632
2020 24 662 11.0285545349121 207.89705832322
2020 25 663 12.6397834777832 216.281060016469
2020 26 664 13.8980461120606 196.737682660893
2020 27 665 10.5911575317383 267.5740556186
2020 28 666 11.2079368591309 188.326951944665
2020 29 667 10.4833084106446 233.552459834412
2020 30 668 11.3742195129395 213.866532393769
2020 31 669 11.6030097961426 245.584980724648
2020 32 670 11.9035583496094 278.27902831395
2020 33 671 11.3288894653321 306.954822526292
2020 34 672 7.81919250488284 349.404962495164
2020 35 673 7.74614868164065 356.118416884736
2020 36 674 7.75324020385744 337.256629615144
2020 37 675 9.19497070312502 328.124212758378
2020 38 676 10.3131614685059 336.098374640778
2020 39 677 10.2719207763672 356.399068601922
2020 40 678 10.6676345825196 374.494610102967
2020 41 679 11.7589775085449 378.771263860062
2020 42 680 13.0009132385254 378.3792294534
2020 43 681 12.2296691894531 376.757674102143
2020 44 682 10.3243309020996 351.320549195603
2020 45 683 9.95526275634768 310.594436249093
2020 46 684 10.4929748535156 342.589071715668
2020 47 685 11.4513412475586 366.507083709077
2020 48 686 11.1548782348633 384.580376897172
2020 49 687 12.5596557617188 408.150917640046
2020 50 688 10.6942764282227 405.019163754628
2020 51 689 11.087419128418 391.48982463524
2020 52 690 13.1027542114258 390.84833077116
2020 53 691 14.6602684020996 394.559207778726
2020 54 692 10.6117874145508 394.372086807959
2020 55 693 11.3894630432129 422.669223225471
2020 56 694 14.0383392333985 435.24523593231
2020 57 695 14.2748657226563 435.98027936272
2020 58 696 14.7217079162598 428.233305434104
2020 59 697 15.772664642334 388.79910098764
2020 60 698 13.2832046508789 402.462087239471
2020 61 699 9.95848236083987 286.213098695007
2020 62 700 12.4344078063965 384.482362453368
2020 63 701 14.8529754638672 466.446906034049
2020 64 702 14.6291252136231 468.496151331839
2020 65 703 14.1534782409668 395.868912161764
2020 66 704 12.5731903076172 339.613239195105
2020 67 705 10.3984580993653 250.062090421256
2020 68 706 9.37370834350588 283.308540191886
2020 69 707 11.420613861084 356.501532257315
2020 70 708 13.7420783996582 426.179628315922
2020 71 709 14.7784286499024 413.371985541936
2020 72 710 13.6634498596192 484.489003412601
2020 73 711 13.1686988830567 485.55816433179
2020 74 712 11.0983711242676 316.113967131552
2020 75 713 9.94816741943362 266.687550148901
2020 76 714 7.86666641235354 289.117649889883
2020 77 715 7.78374252319338 415.733050582525
2020 78 716 8.6503730773926 372.458749651906
2020 79 717 9.72710571289065 411.812789300677
2020 80 718 10.1612754821778 467.057216226336
2020 81 719 12.0537239074707 464.117029746768
2020 82 720 12.3095909118653 461.515414335724
2020 83 721 12.1136604309082 441.900754881379
2020 84 722 10.2828727722168 375.381124175068
2020 85 723 9.27939758300784 448.645393047091
2020 86 724 8.0080276489258 540.361560992238
2020 87 725 9.60915908813479 546.29541518211
2020 88 726 10.4409957885742 323.807476351735
2020 89 727 11.6764808654785 347.827956992146
2020 90 728 12.4086242675781 461.239205023285
2020 91 729 12.7661071777344 476.933590469357
2020 92 730 12.164151763916 534.574744653699
2020 93 731 10.9991203308106 619.350300071236
2020 94 732 11.2665878295899 607.054939924237
2020 95 733 10.6959968566895 451.692491334435
2020 96 734 11.6820693969727 225.213005973336
2020 97 735 8.70816574096682 290.013074742791
2020 98 736 8.98228607177737 469.093096382615
2020 99 737 12.2144180297852 532.832898618695
2020 100 738 12.1811195373535 361.410759703156
2020 101 739 13.4110275268555 511.565500792977
2020 102 740 12.0696235656739 464.945637775418
2020 103 741 12.6971450805664 450.779255596158
2020 104 742 12.8322769165039 542.495444962021
2020 105 743 14.8796134948731 651.42511958265
2020 106 744 15.868482208252 657.528265985009
2020 107 745 14.1386619567871 553.03112645292
2020 108 746 12.7893043518067 438.724462200161
2020 109 747 12.9474197387696 420.922925335404
2020 110 748 13.4187637329102 576.209665046212
2020 111 749 13.0563369750977 541.221351788994
2020 112 750 12.7899490356446 586.241949601647
2020 113 751 14.271630859375 654.54351836538
2020 114 752 16.5486312866211 623.252734402177
2020 115 753 17.5089279174805 651.861705049035
2020 116 754 18.5656829833985 644.016735796448
2020 117 755 16.2882553100586 631.119958015915
2020 118 756 15.7563339233399 663.386361398217
2020 119 757 17.2363067626953 641.642320356843
2020 120 758 15.8364654541016 553.307332741257
2020 121 759 15.0155960083008 580.245727355477
2020 122 760 14.8029151916504 686.172865584847
2020 123 761 15.2162528991699 565.072567433831
2020 124 762 14.9762817382813 652.930857903954
2020 125 763 14.3846450805664 723.589048295495
2020 126 764 15.3238807678223 694.133642795083
2020 127 765 15.9249778747559 705.658313256737
2020 128 766 19.2179084777832 724.978945394036
2020 129 767 19.6207214355469 702.642389169213
2020 130 768 17.1278205871582 673.752766805169
2020 131 769 14.675309753418 637.058281827447
2020 132 770 14.9814430236817 661.430694267747
2020 133 771 15.2278495788574 526.337752923337
2020 134 772 14.3049407958985 556.349990893238
2020 135 773 15.4890914916992 423.288448239221
2020 136 774 15.5898414611817 567.161876656406
2020 137 775 15.9600006103516 659.648760413084
2020 138 776 17.6580253601074 430.264720549498
2020 139 777 15.6396881103516 576.868960787667
2020 140 778 14.1745315551758 653.821835419569
2020 141 779 14.3032203674317 664.736177737274
2020 142 780 16.0560279846192 727.531595322729
2020 143 781 15.2284980773926 732.48090933343
2020 144 782 16.6208206176758 756.937968053229
2020 145 783 17.1671348571778 742.134525332488
2020 146 784 20.8547035217285 732.503172766887
2020 147 785 22.3207145690918 724.52456074623
2020 148 786 23.7959609985352 732.641280116447
2020 149 787 19.6959091186524 733.995551286109
2020 150 788 17.1946350097656 602.145722323783
2020 151 789 17.432878112793 594.915514882289
2020 152 790 16.4132934570313 535.924559149944
2020 153 791 16.4871841430664 578.797923428573
2020 154 792 19.3685089111328 714.572447824218
2020 155 793 23.3940063476563 734.70387779782
2020 156 794 22.4874244689942 745.805321917899
2020 157 795 17.3566184997559 715.64605820439
2020 158 796 14.6282669067383 718.782272975661
2020 159 797 14.4933486938477 767.772127361693
2020 160 798 16.1449676513672 771.897291097381
2020 161 799 18.0071235656739 765.054667955794
2020 162 800 20.7386947631836 746.535921943404
2020 163 801 19.18740234375 710.937319536604
2020 164 802 17.0741134643555 682.328322995879
2020 165 803 15.2630783081055 639.757908471801
2020 166 804 16.7159896850586 678.176416817762
2020 167 805 17.6152702331543 660.553088350036
2020 168 806 16.103288269043 674.002239078917
2020 169 807 18.3691116333008 773.193644049742
2020 170 808 20.732251739502 775.866564492323
2020 171 809 19.2209259033203 741.564305524565
2020 172 810 16.9308181762696 690.173307368972
2020 173 811 17.4874435424805 731.327081029035
2020 174 812 17.6133399963379 669.903791576781
2020 175 813 18.2305465698242 632.242588117995
2020 176 814 17.7849822998047 661.466333349623
2020 177 815 18.0670600891114 713.289458123304
2020 178 816 18.2024017333985 666.518127450086
2020 179 817 18.5558029174805 668.714337264754
2020 180 818 15.9662338256836 721.410632971205
2020 181 819 16.9194313049317 763.388545416273
2020 182 820 18.5966163635254 759.232200487532
2020 183 821 18.2507415771485 747.961463808455
2020 184 822 16.6085754394531 736.053691505231
2020 185 823 16.1877151489258 707.622916654982
2020 186 824 17.852010345459 755.499046965696
2020 187 825 20.5917526245117 763.179182224073
2020 188 826 17.9469657897949 767.807762740888
2020 189 827 16.3808570861817 761.668976927199
2020 190 828 18.0281730651856 750.122061869718
2020 191 829 18.1132484436035 748.562862100341
2020 192 830 19.5687309265137 740.455068585493
2020 193 831 19.1051193237305 726.836617264845
2020 194 832 20.6650100708008 753.004338826277
2020 195 833 18.8685928344727 727.772129037
2020 196 834 16.4132934570313 697.514884411253
2020 197 835 17.0178237915039 660.450641879775
2020 198 836 17.4371734619141 649.732284858771
2020 199 837 17.4906669616699 641.958594680854
2020 200 838 17.916463470459 648.551753661521
2020 201 839 17.6365371704102 648.262193981566
2020 202 840 17.0339332580567 624.84756276358
2020 203 841 16.2530303955078 577.394641689368
2020 204 842 16.3509918212891 575.434519364722
2020 205 843 17.197640991211 628.513896767818
2020 206 844 17.1643386840821 703.092324390151
2020 207 845 17.1061225891114 655.064736000099
2020 208 846 18.6546188354492 657.657444188647
2020 209 847 18.1532035827637 652.030975779109
2020 210 848 17.2859321594239 663.925411496528
2020 211 849 17.3982902526856 642.314988353141
2020 212 850 17.2380233764649 632.251509185203
2020 213 851 17.2608009338379 676.559320944824
2020 214 852 17.6395545959473 703.978839657985
2020 215 853 18.394246673584 710.193361693584
2020 216 854 19.7436042785645 704.949988108754
2020 217 855 18.3650337219239 679.107494855836
2020 218 856 16.7735572814942 634.786299085573
2020 219 857 16.6998764038086 614.730645025209
2020 220 858 17.993367767334 644.284024348153
2020 221 859 19.4095436096192 656.432376380815
2020 222 860 20.2755180358887 638.198714093533
2020 223 861 19.4888130187989 616.490290916768
2020 224 862 18.2859741210938 604.226128573891
2020 225 863 18.2941375732422 604.921080147263
2020 226 864 20.7775856018067 659.764590880868
2020 227 865 26.1575981140137 610.823743756768
2020 228 866 26.7230278015137 635.352077849862
2020 229 867 26.3434234619141 550.215691206452
2020 230 868 25.2265182495117 585.64498898935
2020 231 869 23.9001480102539 567.758818114754
2020 232 870 24.2739578247071 639.374787744042
2020 233 871 20.6877799987793 660.379345304963
2020 234 872 19.4997650146485 635.040236560341
2020 235 873 20.6325698852539 615.296403628823
2020 236 874 21.0804954528809 587.244288971421
2020 237 875 21.3507514953614 575.020200338837
2020 238 876 19.591928100586 578.60635097551
2020 239 877 18.4462371826172 594.24283042669
2020 240 878 16.1290679931641 593.721620526787
2020 241 879 17.849008178711 623.368554456231
2020 242 880 17.6292320251465 588.161982738968
2020 243 881 17.7132316589356 591.191276378152
2020 244 882 17.7465339660645 581.965309957024
2020 245 883 17.0766883850098 542.228162292477
2020 246 884 16.864217376709 538.022798194405
2020 247 885 16.9563804626465 561.116665984627
2020 248 886 17.0876403808594 566.159531237122
2020 249 887 21.1092849731446 589.7523696866
2020 250 888 26.1900344848633 583.110198403832
2020 251 889 29.4973579406739 583.880882544991
2020 252 890 24.1826530456543 579.163212005135
2020 253 891 19.3747344970703 544.424393653866
2020 254 892 16.4964347839356 560.524170457837
2020 255 893 16.1479736328125 577.59512226009
2020 256 894 17.6614585876465 566.226372443196
2020 257 895 17.5063529968262 531.808290271279
2020 258 896 16.3763404846192 524.876552220818
2020 259 897 17.1750808715821 525.224042623993
2020 260 898 18.788892364502 482.631346017834
2020 261 899 19.3180213928223 399.842643774983
2020 262 900 19.0612998962403 405.175091419694
2020 263 901 18.8793350219727 458.076276853558
2020 264 902 20.036206817627 522.519949745652
2020 265 903 19.8879676818848 526.707495335099
2020 266 904 18.9485107421875 521.945284823891
2020 267 905 18.8453994750977 511.356133190628
2020 268 906 19.9489799499512 462.695948116061
2020 269 907 18.5109001159668 496.205232670304
2020 270 908 19.1448684692383 494.476742578503
2020 271 909 21.927579498291 487.326730947491
2020 272 910 25.6929145812989 496.922468341824
2020 273 911 21.608544921875 471.440778767106
2020 274 912 20.2647872924805 480.836039668795
2020 275 913 23.7525611877442 483.985606099125
2020 276 914 24.1166969299317 485.268600714203
2020 277 915 21.9520622253418 485.633904081818
2020 278 916 20.4538322448731 478.657631100174
2020 279 917 19.6909690856934 470.866109561202
2020 280 918 18.9886871337891 454.396570352313
2020 281 919 17.2397438049317 413.354157582995
2020 282 920 16.0796600341797 365.878965956089
2020 283 921 15.6916786193848 394.247366701838
2020 284 922 17.1776596069336 339.11429751682
2020 285 923 17.4584403991699 338.334699585196
2020 286 924 18.9504447937012 434.358720184084
2020 287 925 19.7985931396485 434.964577450272
2020 288 926 22.2227493286133 423.774024564025
2020 289 927 24.2032791137696 423.337450942036
2020 290 928 24.7001777648926 420.82491736376
2020 291 929 23.8290420532227 419.871593635198
2020 292 930 21.3260437011719 413.077959610936
2020 293 931 18.8524833679199 394.024614679333
2020 294 932 18.2378479003906 398.568552996036
2020 295 933 19.3756004333496 397.935970360991
2020 296 934 18.4324890136719 391.561101782438
2020 297 935 16.0115600585938 377.212064517256
2020 298 936 14.5309463500977 339.145479024884
2020 299 937 15.1597496032715 333.80857864308
2020 300 938 16.1393791198731 390.442919551846
2020 301 939 16.2669921875 382.076758795973
2020 302 940 16.0010238647461 378.579706246611
2020 303 941 15.3599678039551 376.031527838823
2020 304 942 14.7378288269043 363.304067282614
2020 305 943 14.8297744750977 356.047138047632
2020 306 944 16.5185600280762 359.432816790816
2020 307 945 17.3826118469239 352.287249895629
2020 308 946 15.4212051391602 339.332584107306
2020 309 947 14.0703445434571 328.079660203662
2020 310 948 16.8107276916504 330.471905586776
2020 311 949 16.0497947692871 331.340600503173
2020 312 950 11.1241508483887 313.155957040187
2020 313 951 11.5976387023926 319.557564769309
2020 314 952 8.49525985717776 330.520913321224
2020 315 953 8.83727798461916 324.511333446544
2020 316 954 11.4784103393555 243.905512670082
2020 317 955 10.6738716125489 258.918310211618
2020 318 956 10.6401382446289 246.217564250906
2020 319 957 11.2453132629395 189.792593121998
2020 320 958 10.4710670471192 302.63807893347
2020 321 959 13.3006034851074 276.323360513421
2020 322 960 14.6864753723145 216.70873102233
2020 323 961 14.3723999023438 176.330074562204
2020 324 962 11.5372711181641 224.500232315969
2020 325 963 10.7585083007813 255.220796113417
2020 326 964 10.7542129516602 281.228132868127
2020 327 965 10.0946823120117 272.523390459374
2020 328 966 11.3469329833985 280.248069280223
2020 329 967 10.5898643493653 279.633305027798
2020 330 968 11.4668060302735 277.089595863656
2020 331 969 10.8457313537598 286.493742834882
2020 332 970 10.5851417541504 283.887682751015
2020 333 971 9.71100006103518 281.343960482434
2020 334 972 9.79091033935549 277.797915476636
2020 335 973 9.79134521484377 274.238499407128
2020 336 974 10.0444046020508 269.066430688456
2020 337 975 10.0796409606934 263.101404314831
2020 338 976 10.5133834838867 252.770628868893
2020 339 977 10.488900756836 254.494658915356
2020 340 978 10.6085525512696 260.058743896083
2020 341 979 10.1516128540039 227.306786279754
2020 342 980 12.0822959899903 245.714164282159
2020 343 981 13.6252113342285 263.930001507119
2020 344 982 11.7149368286133 264.82988180621
2020 345 983 11.0147987365723 255.554905540065
2020 346 984 9.7874809265137 218.913868527964
2020 347 985 11.3314643859864 151.824012028531
2020 348 986 10.6719299316406 83.3531647867716
2020 349 987 9.37091979980471 180.165693453625
2020 350 988 8.23445663452151 238.822539926842
2020 351 989 8.87938079833987 171.086735398845
2020 352 990 11.4137474060059 199.544229695753
2020 353 991 9.15973434448244 235.891257661418
2020 354 992 7.7850395202637 252.917636479214
2020 355 993 8.13176879882815 243.807495908336
2020 356 994 8.41062316894534 224.477958044843
2020 357 995 8.84071502685549 212.378615605191
2020 358 996 8.29976425170901 257.167563229398
2020 359 997 8.15733489990237 198.653267093257
2020 360 998 10.1436630249024 151.244888573483
2020 361 999 11.9910026550293 184.103765431837
2020 362 1000 9.3947578430176 178.557494045571
2020 363 1001 10.1037040710449 193.222824203328
2020 364 1002 8.85167083740237 233.38762993534
2020 365 1003 8.1240287780762 205.963653618172
2020 366 1004 9.95804748535159 224.883353686885
2021 1 1005 9.20095596313479 250.040463895798
2021 2 1006 9.98380432128909 108.098870842457
2021 3 1007 10.434457397461 121.661027258158
2021 4 1008 11.4932647705078 116.804611204624
2021 5 1009 8.98622665405276 145.817774153233
2021 6 1010 8.01207122802737 168.922668320656
2021 7 1011 9.65961990356448 151.511189864397
2021 8 1012 9.44169769287112 182.704144907951
2021 9 1013 8.7773147583008 229.460010327339
2021 10 1014 8.74469146728518 223.113096666813
2021 11 1015 9.74546966552737 183.755992343426
2021 12 1016 10.2081352233887 236.214225065708
2021 13 1017 11.7596221923828 196.293154586792
2021 14 1018 12.929288482666 185.689608231544
2021 15 1019 11.4710556030274 250.129986365318
2021 16 1020 13.5012184143067 261.498917124271
2021 17 1021 13.5480476379395 274.725370327473
2021 18 1022 14.8579917907715 289.236429487705
2021 19 1023 16.1919609069824 305.76614427948
2021 20 1024 12.228288269043 302.901534122467
2021 21 1025 10.9013305664063 287.231208930016
2021 22 1026 9.95258483886721 230.726707556725
2021 23 1027 8.3566719055176 251.633897121429
2021 24 1028 8.21978912353518 243.809927227974
2021 25 1029 7.56341705322268 213.221227180958
2021 26 1030 6.43117294311526 301.236479090691
2021 27 1031 8.95601806640627 188.576601400018
2021 28 1032 9.86613616943362 104.20926147294
2021 29 1033 8.23500595092776 208.861650551319
2021 30 1034 8.72668609619143 252.542518585205
2021 31 1035 10.9287506103516 304.642678565979
2021 32 1036 12.1114250183106 289.598981427193
2021 33 1037 12.7517868041992 195.961929816246
2021 34 1038 9.43488845825198 297.203634425163
2021 35 1039 9.28220520019534 327.197037619591
2021 36 1040 9.70744094848635 356.756268580437
2021 37 1041 10.620565032959 362.579476953506
2021 38 1042 11.4686561584473 360.211701432228
2021 39 1043 10.4630790710449 314.57035038662
2021 40 1044 11.5655075073242 252.560433361053
2021 41 1045 11.0716300964356 292.477017585754
2021 42 1046 10.8378883361817 262.689527462006
2021 43 1047 11.3918128967285 251.974079657912
2021 44 1048 11.8268562316895 257.193036940575
2021 45 1049 10.310994720459 304.660585277557
2021 46 1050 11.9049011230469 120.371946891308
2021 47 1051 10.0494400024414 237.225792480469
2021 48 1052 9.6900344848633 392.15213895607
2021 49 1053 10.5279136657715 378.634753387873
2021 50 1054 11.8542762756348 177.852211616938
2021 51 1055 10.8937202453614 268.830538350729
2021 52 1056 10.2457557678223 411.407714902438
2021 53 1057 11.8414665222168 418.900465502594
2021 54 1058 13.6905265808106 401.027967743508
2021 55 1059 13.9230590820313 447.067669826657
2021 56 1060 12.9649101257324 445.778604911074
2021 57 1061 10.6685920715332 446.95577491428
2021 58 1062 10.209130859375 454.291872474089
2021 59 1063 11.1792922973633 458.888683216393
2021 60 1064 11.7850395202637 460.119570771247
2021 61 1065 11.9035011291504 464.076318968803
2021 62 1066 11.4430404663086 408.475958506763
2021 63 1067 9.4929252624512 419.688244222701
2021 64 1068 11.140470123291 436.020997787535
2021 65 1069 11.4146209716797 472.33446528548
2021 66 1070 9.25058898925784 477.656367133081
2021 67 1071 10.1737113952637 452.112090254724
2021 68 1072 9.84272155761721 395.356923459291
2021 69 1073 8.77371368408205 369.785781347394
2021 70 1074 7.6442695617676 404.367032430768
2021 71 1075 9.49171981811526 494.857475938439
2021 72 1076 10.6938110351563 460.164326808333
2021 73 1077 9.67242202758791 360.892048990607
2021 74 1078 8.56018981933596 362.279595102429
2021 75 1079 7.48676834106448 484.576209944248
2021 76 1080 7.5904365539551 482.150231310129
2021 77 1081 10.8735099792481 271.918949044824
2021 78 1082 12.1298309326172 223.475645834208
2021 79 1083 9.97039566040041 467.777934296131
2021 80 1084 9.87074050903323 551.711113960028
2021 81 1085 10.7382331848145 551.970700039864
2021 82 1086 11.4764572143555 563.084525177002
2021 83 1087 13.6208854675293 574.90552429676
2021 84 1088 11.1388641357422 484.750760312796
2021 85 1089 11.3884063720703 523.67816832447
2021 86 1090 13.3783546447754 571.754451107979
2021 87 1091 14.5928436279297 573.235986538887
2021 88 1092 12.8906684875489 581.207663618088
2021 89 1093 14.1555953979492 605.136126905441
2021 90 1094 16.9826103210449 608.985469610691
2021 91 1095 18.3940177917481 608.273800301552
2021 92 1096 15.1913887023926 590.78622562933
2021 93 1097 11.5626998901367 529.058285381317
2021 94 1098 11.5010696411133 549.567128232002
2021 95 1099 10.9059310913086 445.210143192768
2021 96 1100 10.8464981079102 556.822653779984
2021 97 1101 11.2481285095215 566.226645514011
2021 98 1102 10.5203109741211 628.894533890724
2021 99 1103 12.1810585021973 630.3492132864
2021 100 1104 10.7818580627442 632.511104969978
2021 101 1105 12.1662536621094 631.195168315887
2021 102 1106 12.6233154296875 598.968263728142
2021 103 1107 12.4454093933106 626.92064151001
2021 104 1108 11.5254913330078 656.430622965813
2021 105 1109 12.6455322265625 642.420869071007
2021 106 1110 11.4196258544922 636.606624134064
2021 107 1111 12.0409828186035 633.522667848587
2021 108 1112 15.1057334899903 655.660770452499
2021 109 1113 14.2906661987305 667.745855262756
2021 110 1114 12.2252899169922 655.3698236866
2021 111 1115 11.5837226867676 624.44095811367
2021 112 1116 11.581918334961 602.007456258774
2021 113 1117 11.5306869506836 588.311027479172
2021 114 1118 11.5973258972168 593.668747034073
2021 115 1119 12.3405548095703 446.794641711235
2021 116 1120 10.7708564758301 472.764158636093
2021 117 1121 11.7956367492676 616.003771047592
2021 118 1122 15.690274810791 700.312923864365
2021 119 1123 16.1191192626953 682.529944396973
2021 120 1124 14.3935333251953 681.688461005211
2021 121 1125 13.3695426940918 643.12360871315
2021 122 1126 13.7925811767578 663.296741043091
2021 123 1127 16.5265556335449 706.624031661987
2021 124 1128 18.7922492980957 701.387153177261
2021 125 1129 17.6097694396973 682.722392152786
2021 126 1130 14.2186256408692 661.819686322212
2021 127 1131 13.3515335083008 706.673253950119
2021 128 1132 16.2844139099121 728.905335540771
2021 129 1133 19.6621452331543 718.248094251633
2021 130 1134 17.174520111084 714.909032848358
2021 131 1135 17.7620559692383 723.06868705368
2021 132 1136 15.5750061035156 679.141648897593
2021 133 1137 14.401139831543 645.231777095153
2021 134 1138 13.2922988891602 665.81671367814
2021 135 1139 11.8918968200684 601.774700979857
2021 136 1140 12.7700019836426 557.341848624352
2021 137 1141 12.7363792419434 638.141867465485
2021 138 1142 13.4669967651367 685.52882983961
2021 139 1143 13.3003021240235 728.184728799626
2021 140 1144 12.4686294555664 748.317574911021
2021 141 1145 13.2432647705078 758.330288349397
2021 142 1146 13.2224555969239 725.09182376539
2021 143 1147 13.6260887145996 683.255043251529
2021 144 1148 14.0959602355957 714.622551971242
2021 145 1149 15.6242347717285 709.967578831211
2021 146 1150 14.4263473510742 748.72935555698
2021 147 1151 14.2488456726074 734.092977357134
2021 148 1152 14.7503372192383 703.88921566318
2021 149 1153 13.6937271118164 692.19353574054
2021 150 1154 14.424146270752 719.080623311073
2021 151 1155 18.1740966796875 737.445472400963
2021 152 1156 18.0294052124024 724.823265752018
2021 153 1157 15.8171440124512 657.724179286033
2021 154 1158 15.4711471557617 701.955599853814
2021 155 1159 16.8027091979981 721.640879569769
2021 156 1160 15.6448417663574 742.127319468826
2021 157 1161 16.6726394653321 749.342569028228
2021 158 1162 15.2306114196778 755.013619179517
2021 159 1163 13.6096778869629 745.417139872342
2021 160 1164 13.9124542236328 765.035289423048
2021 161 1165 13.8137985229492 766.691375663519
2021 162 1166 14.7515350341797 748.348907285511
2021 163 1167 18.8228698730469 665.897278992057
2021 164 1168 19.0207801818848 644.068033866256
2021 165 1169 18.7414222717285 598.650484458297
2021 166 1170 17.1673179626465 721.13957033521
2021 167 1171 19.6693511962891 718.932904942453
