Year DOY_disc DOY TA_C PAR_umol_m2_day
2018 93 1 13.2159248352051 593.891071902275
2018 94 2 13.7270332336426 564.948344304085
2018 95 3 13.4733406066895 436.018371796608
2018 96 4 13.5680366516114 128.49400370574
2018 97 5 15.6037918090821 334.852240360141
2018 98 6 13.4747863769531 593.748699231148
2018 99 7 14.0462661743164 614.844075592994
2018 100 8 17.0672317504883 586.995715806007
2018 101 9 12.5032249450684 442.660149946213
2018 102 10 10.8524604797364 497.91204438591
2018 103 11 11.9364944458008 630.779043918609
2018 104 12 14.4446960449219 634.426919486046
2018 105 13 14.4012771606446 635.031918159485
2018 106 14 10.1269393920899 460.997366531372
2018 107 15 9.38756332397463 572.484288713455
2018 108 16 11.0875373840332 523.175764302253
2018 109 17 11.2436500549317 603.557921037674
2018 110 18 13.2614112854004 654.623659966469
2018 111 19 15.2890983581543 658.627409753799
2018 112 20 17.192945098877 667.595858832359
2018 113 21 17.976766204834 664.575247387886
2018 114 22 15.2336898803711 656.52321792221
2018 115 23 14.0789352416992 605.190567784309
2018 116 24 13.2502532958985 636.241954819679
2018 117 25 13.2107559204102 624.132807235718
2018 118 26 13.5041442871094 537.607101097107
2018 119 27 12.7139106750489 495.914611392975
2018 120 28 12.4699340820313 489.931207304001
2018 121 29 12.7416168212891 620.022277441025
2018 122 30 13.7754150390625 663.805618658066
2018 123 31 13.2171684265137 645.361636178017
2018 124 32 14.5478759765625 666.221216308594
2018 125 33 15.0114227294922 557.145455420494
2018 126 34 13.2355705261231 595.652730840683
2018 127 35 14.857797241211 677.445095546722
2018 128 36 15.5055786132813 680.439016273498
2018 129 37 15.9937377929688 639.311503278732
2018 130 38 14.612378692627 703.834336557388
2018 131 39 15.0732437133789 687.743636089325
2018 132 40 20.3633934020996 722.780995398085
2018 133 41 14.7498718261719 628.746020447295
2018 134 42 13.6253105163574 653.911872890636
2018 135 43 13.7787223815918 555.948760094888
2018 136 44 13.857495880127 517.3525298975
2018 137 45 14.1351753234864 653.249035264425
2018 138 46 13.7925735473633 652.902042999241
2018 139 47 13.7704483032227 687.103058041628
2018 140 48 12.9971710205078 628.452421729661
2018 141 49 13.4861541748047 631.094898214124
2018 142 50 13.8337265014649 596.800462470315
2018 143 51 13.5192352294922 554.249392625838
2018 144 52 13.3422523498535 599.180483089477
2018 145 53 13.2926307678223 410.296434041053
2018 146 54 13.8982330322266 418.659833540469
2018 147 55 15.4594703674317 622.97616702117
2018 148 56 19.3126388549805 726.242023392409
2018 149 57 20.4247985839844 730.957572871744
2018 150 58 15.3327270507813 696.004745773226
2018 151 59 13.0362564086914 685.443706185251
2018 152 60 13.9910636901856 735.036948217779
2018 153 61 19.5886589050293 747.648793350786
2018 154 62 20.8393531799317 746.131821343839
2018 155 63 18.3830505371094 749.868667639822
2018 156 64 15.1950241088867 741.612020111829
2018 157 65 13.9664588928223 706.703675022721
2018 158 66 14.0055404663086 732.906074646294
2018 159 67 15.7667137145996 749.659579640835
2018 160 68 16.3547416687012 674.815962042779
2018 161 69 14.8449836730957 741.011453290283
2018 162 70 16.5131202697754 747.417473009884
2018 163 71 19.4238716125489 753.658891591072
2018 164 72 18.9532943725586 756.087835797489
2018 165 73 17.3996978759766 746.487708416164
2018 166 74 16.2035919189453 748.716472869873
2018 167 75 15.3647781372071 687.779244251609
2018 168 76 15.0236221313477 635.543523198783
2018 169 77 17.1482788085938 688.068401568592
2018 170 78 16.1942916870117 691.996531687915
2018 171 79 15.4121223449707 733.648995395839
2018 172 80 15.6263214111328 756.181271832049
2018 173 81 18.0629898071289 764.495728457689
2018 174 82 21.8100906372071 763.23676687932
2018 175 83 20.6846977233887 689.278428715467
2018 176 84 17.6325126647949 639.827543855548
2018 177 85 17.0066543579102 751.216593898535
2018 178 86 16.5261436462403 670.563060175478
2018 179 87 16.0683799743653 738.026427579343
2018 180 88 17.4305130004883 747.51534124285
2018 181 89 20.9844985961914 751.576933014929
2018 182 90 19.688737487793 692.067716511428
2018 183 91 17.3490425109864 662.653416485369
2018 184 92 16.7649513244629 737.906325208902
2018 185 93 17.0343605041504 683.032554436087
2018 186 94 17.1131301879883 711.650548497081
2018 187 95 20.8366600036621 647.047656799793
2018 188 96 21.9225593566895 708.621033279478
2018 189 97 19.6823249816895 737.141151106238
2018 190 98 19.7722640991211 749.543919580638
2018 191 99 21.5580497741699 743.907516683459
2018 192 100 18.9481254577637 703.358312841475
2018 193 101 19.1767936706543 663.449716717243
2018 194 102 19.9110008239746 587.689687570572
2018 195 103 19.1515747070313 674.055238314628
2018 196 104 17.6134887695313 673.000917132824
2018 197 105 17.9742828369141 661.349965242833
2018 198 106 18.2720161437989 701.058395033806
2018 199 107 19.0070510864258 721.135001422226
2018 200 108 19.4799133300781 703.901044671505
2018 201 109 19.7143798828125 692.588213857472
2018 202 110 20.837491607666 654.436808751047
2018 203 111 19.517953491211 618.959059636831
2018 204 112 18.7885070800781 660.629304902643
2018 205 113 18.7136589050293 685.016638573557
2018 206 114 19.8005958557129 707.882579032987
2018 207 115 19.4096084594727 703.638572276026
2018 208 116 17.4952255249024 708.274051602587
2018 209 117 17.5771003723145 717.66065072225
2018 210 118 18.0131507873535 702.344030618563
2018 211 119 17.3798500061035 627.384742643714
2018 212 120 17.780347442627 690.426183458999
2018 213 121 17.4449859619141 666.101096014053
2018 214 122 17.0845962524414 698.326944182426
2018 215 123 17.9029518127442 718.207822153434
2018 216 124 20.3075653076172 703.109184316419
2018 217 125 18.8647933959961 702.931242662445
2018 218 126 18.7891250610352 706.103112930272
2018 219 127 18.6164833068848 695.675546583503
2018 220 128 17.2349143981934 680.176553525217
2018 221 129 19.0492263793946 691.34704376376
2018 222 130 20.7690559387207 689.336263057273
2018 223 131 20.7520957946778 676.457493630409
2018 224 132 19.8824668884278 666.185628684997
2018 225 133 18.5540405273438 650.410815753937
2018 226 134 16.824292755127 612.41958708477
2018 227 135 16.8776336669922 602.886182465553
2018 228 136 17.6333328247071 627.798466534614
2018 229 137 18.4773307800293 641.807180138588
2018 230 138 20.1888862609864 664.695355617523
2018 231 139 18.9805847167969 676.168332092285
2018 232 140 17.9079109191895 659.962016201019
2018 233 141 15.937085723877 568.83644036293
2018 234 142 16.6506134033203 599.238312946319
2018 235 143 16.9959007263184 597.062937803268
2018 236 144 16.3586708068848 549.992077964782
2018 237 145 16.6855560302735 605.09269375515
2018 238 146 16.5867248535156 594.972085282326
2018 239 147 16.6202255249024 560.375146169662
2018 240 148 16.9644790649414 490.513979841232
2018 241 149 17.0786071777344 531.161044292927
2018 242 150 18.3844963073731 545.396635549545
2018 243 151 17.41396484375 592.765564920425
2018 244 152 17.6862693786621 607.97094966507
2018 245 153 17.3864646911621 608.197849998474
2018 246 154 17.6081176757813 576.714935810089
2018 247 155 17.3476005554199 568.066822721481
2018 248 156 17.3866744995117 546.749015143871
2018 249 157 16.1835380554199 553.537619961738
2018 250 158 17.1654411315918 591.938117390632
2018 251 159 18.5819488525391 594.117944010735
2018 252 160 18.1475540161133 583.370072422981
2018 253 161 18.0387931823731 581.737441804886
2018 254 162 17.8560157775879 586.306169309616
2018 255 163 16.6175323486328 576.559244997024
2018 256 164 15.9596229553223 553.097212031364
2018 257 165 15.7576156616211 526.770255914211
2018 258 166 16.3026329040528 526.64124825859
2018 259 167 15.4574028015137 559.222952502251
2018 260 168 15.8055854797364 513.16193130064
2018 261 169 15.3401695251465 500.670199122429
2018 262 170 15.415845489502 528.407346577644
2018 263 171 18.6747833251953 545.009606030464
2018 264 172 20.4835220336914 539.960419902324
2018 265 173 17.4385734558106 531.147695909977
2018 266 174 16.6667343139649 532.304341558456
2018 267 175 17.0587516784668 523.949826868534
2018 268 176 17.6155601501465 513.789174254894
2018 269 177 17.4592491149903 507.77018808651
2018 270 178 17.5233474731446 483.06699844265
2018 271 179 15.7022071838379 414.79843295598
2018 272 180 16.2637687683106 434.292303505897
2018 273 181 17.7962699890137 417.440918339491
2018 274 182 18.1444564819336 353.500874986648
2018 275 183 19.3647399902344 401.034385776281
2018 276 184 19.7515884399414 385.379694683313
2018 277 185 18.0549255371094 280.098594323516
2018 278 186 15.7842918395996 420.755128434658
2018 279 187 16.6634346008301 436.747946557283
2018 280 188 19.1610847473145 468.181906342506
2018 281 189 20.121484375 461.651320363998
2018 282 190 18.0751815795899 443.86573134923
2018 283 191 15.2032943725586 390.233149637699
2018 284 192 14.6473175048828 397.560028854847
2018 285 193 16.4459205627442 400.411591778994
2018 286 194 18.1560302734375 438.086968444347
2018 287 195 16.3408866882324 413.984340865373
2018 288 196 17.3198867797852 439.399314482212
2018 289 197 17.0893493652344 433.518240687609
2018 290 198 15.9854637145996 412.640865611195
2018 291 199 14.8425003051758 413.388218433142
2018 292 200 15.8308120727539 409.807077850223
2018 293 201 17.1449752807617 410.087349664688
2018 294 202 15.3488555908203 397.431022459268
2018 295 203 14.4147087097168 379.151613207698
2018 296 204 13.5777526855469 355.12906509006
2018 297 205 13.6668640136719 353.478625287652
2018 298 206 15.5260482788086 357.580242803931
2018 299 207 16.3721061706543 368.706255132139
2018 300 208 17.1216102600098 356.485892822325
2018 301 209 17.1058937072754 300.655685890734
2018 302 210 15.2516761779785 289.44516561991
2018 303 211 15.2310043334961 357.357815809309
2018 304 212 15.3635345458985 361.681884072006
2018 305 213 17.5398880004883 338.037457479179
2018 306 214 17.9087463378906 345.515599343121
2018 307 215 18.1080604553223 344.826059052437
2018 308 216 16.5871406555176 334.923427262723
2018 309 217 15.1929527282715 338.722537472516
2018 310 218 14.7730270385742 344.149867113203
2018 311 219 14.6528984069824 338.655826428801
2018 312 220 14.6220947265625 343.282390200838
2018 313 221 13.9865165710449 344.172115394652
2018 314 222 11.7200180053711 338.353319673583
2018 315 223 11.5585418701172 335.09691888082
2018 316 224 12.0797821044922 330.114462224513
2018 317 225 12.1304412841797 250.435185578689
2018 318 226 11.0710006713867 282.22059019687
2018 319 227 10.6556182861328 313.467714867648
2018 320 228 10.6930480957031 309.361647634439
2018 321 229 11.0703826904297 296.309384254463
2018 322 230 10.2288681030274 283.688635765716
2018 323 231 10.5387969970703 256.427481427077
2018 324 232 11.2289672851563 257.690890615743
2018 325 233 13.3366714477539 134.343946897983
2018 326 234 13.4793296813965 187.598400154471
2018 327 235 14.022908782959 129.259165333986
2018 328 236 14.9245849609375 105.757097929835
2018 329 237 11.4342781066895 225.972210771799
2018 330 238 11.9391838073731 245.57284167242
2018 331 239 13.0213600158692 190.258681239843
2018 332 240 14.8259559631348 113.502148608804
2018 333 241 13.804158782959 140.104906666756
2018 334 242 12.0421501159668 222.720275993824
2018 335 243 10.8448043823242 123.889680009127
2018 336 244 9.4808174133301 252.272467098951
2018 337 245 8.92938766479494 249.456489530325
2018 338 246 10.5677467346192 191.348591903806
2018 339 247 11.1080070495606 123.903027573049
2018 340 248 11.8945251464844 196.40222724092
2018 341 249 10.1953788757324 241.257683294058
2018 342 250 10.0289360046387 225.776476825952
2018 343 251 9.72893295288088 177.157485050678
2018 344 252 8.99803314208987 130.398014650583
2018 345 253 9.51968154907229 221.545838549614
2018 346 254 11.4129806518555 228.926095674038
2018 347 255 10.1879287719727 251.60072701478
2018 348 256 11.1148391723633 173.229351151228
2018 349 257 12.4236236572266 142.929782653332
2018 350 258 12.9707084655762 152.3564196136
2018 351 259 12.3287216186524 156.013180998564
2018 352 260 11.1607376098633 203.408805623293
2018 353 261 11.923471069336 149.162300359487
2018 354 262 10.0692535400391 142.106787356615
2018 355 263 11.2839637756348 133.583227926493
2018 356 264 10.4486595153809 189.47127079463
2018 357 265 10.5437675476074 195.712684398651
2018 358 266 11.6412406921387 118.146511028051
2018 359 267 10.9113822937012 167.379416653275
2018 360 268 10.0878540039063 250.826667724609
2018 361 269 10.3434158325196 253.789446760654
2018 362 270 9.85691223144534 259.0566184237
2018 363 271 8.20655212402346 252.962005531073
2018 364 272 8.8055358886719 245.381555927515
2018 365 273 9.5070739746094 261.845903762579
2019 1 274 8.19410858154299 268.282261013985
2019 2 275 6.8011413574219 260.212913528442
2019 3 276 6.96819458007815 260.757120710373
2019 4 277 7.23571929931643 240.55030720067
2019 5 278 10.0152336120606 140.907961795807
2019 6 279 9.51748809814455 68.5247411363125
2019 7 280 11.8409706115723 99.0446139617562
2019 8 281 12.3419242858887 104.607065360785
2019 9 282 13.5744567871094 115.000417778015
2019 10 283 10.7443977355957 171.592881184578
2019 11 284 11.0153327941895 195.457437148094
2019 12 285 12.6092430114746 188.106262553453
2019 13 286 10.9491554260254 250.386079356194
2019 14 287 11.0789085388184 152.465542543411
2019 15 288 10.5839744567871 67.4720240197182
2019 16 289 12.8180061340332 66.3479373574257
2019 17 290 13.7118240356446 97.3540249625146
2019 18 291 12.7265640258789 183.04340925169
2019 19 292 13.4765869140625 200.150052505016
2019 20 293 14.0433250427246 173.32361868763
2019 21 294 9.94785079956057 235.398240391731
2019 22 295 9.65706787109377 287.547875677109
2019 23 296 8.90803680419924 303.289568651199
2019 24 297 10.2077537536621 300.965556915283
2019 25 298 10.8402687072754 296.808214033127
2019 26 299 11.1338592529297 289.461495703697
2019 27 300 11.875260925293 273.523543598175
2019 28 301 12.5218063354492 248.71778551197
2019 29 302 12.8761688232422 219.772522708893
2019 30 303 11.465951538086 260.31551372385
2019 31 304 12.692472076416 220.954604577065
2019 32 305 12.4893203735352 151.479735935211
2019 33 306 12.0469223022461 188.650459907055
2019 34 307 11.7794013977051 235.46960817337
2019 35 308 10.0749908447266 218.639512931824
2019 36 309 5.8820625305176 279.607890171051
2019 37 310 6.2476516723633 317.724284375191
2019 38 311 7.11358795166018 305.448526956558
2019 39 312 8.87033615112307 298.324844159126
2019 40 313 7.90914306640627 181.111940475464
2019 41 314 8.12331542968752 308.713730734825
2019 42 315 6.94934234619143 344.617631977081
2019 43 316 6.95275650024416 277.310646771431
2019 44 317 10.3433204650879 77.9902743389606
2019 45 318 14.004411315918 126.740884325266
2019 46 319 9.87224731445315 267.220624058723
2019 47 320 8.08441314697268 322.448119041443
2019 48 321 8.12672576904299 331.663859968185
2019 49 322 7.30410156250002 384.89298460274
2019 50 323 7.45651779174807 419.061683992775
2019 51 324 9.48219451904299 335.705225891503
2019 52 325 8.24725494384768 391.856076107804
2019 53 326 8.35113296508791 424.071009865537
2019 54 327 7.60872802734377 418.852012348153
2019 55 328 9.73066482543948 365.801341946829
2019 56 329 10.6306968688965 330.205221516009
2019 57 330 12.2795463562012 159.379575138595
2019 58 331 12.9930778503418 166.373896807071
2019 59 332 10.6611801147461 299.100990945443
2019 60 333 9.75192031860354 351.268472413123
2019 61 334 12.0808120727539 158.91120880539
2019 62 335 12.8272338867188 202.879979461372
2019 63 336 11.3073287963867 318.620865253806
2019 64 337 10.8691421508789 174.581528335527
2019 65 338 12.666390991211 171.200337563366
2019 66 339 10.7568374633789 276.298082411289
2019 67 340 8.95798263549807 362.527197046995
2019 68 341 8.29217300415041 306.742115754366
2019 69 342 9.35685882568362 347.539357641518
2019 70 343 9.06726989746096 438.916098760486
2019 71 344 11.3025108337403 491.253076488733
2019 72 345 9.78541336059573 505.82608789134
2019 73 346 10.8390556335449 529.94043965888
2019 74 347 11.1035743713379 525.555608507633
2019 75 348 12.1443916320801 519.77012226963
2019 76 349 13.1533103942871 521.206451418877
2019 77 350 14.9784523010254 510.572229840517
2019 78 351 14.0910507202149 468.869476336718
2019 79 352 13.689168548584 325.659804669738
2019 80 353 10.9463516235352 486.770123584032
2019 81 354 11.5926986694336 306.189005618334
2019 82 355 12.6389251708985 345.795253169894
2019 83 356 11.058251953125 503.100626965523
2019 84 357 12.9597869873047 358.512609132767
2019 85 358 13.151513671875 359.105872529268
2019 86 359 14.2210021972656 381.172783757448
2019 87 360 12.4062973022461 459.252285716057
2019 88 361 11.4152160644531 499.652526551247
2019 89 362 12.1752716064453 569.524385093689
2019 90 363 13.3598724365235 588.040605288506
2019 91 364 14.9247032165528 463.811077536106
2019 92 365 13.3440299987793 366.135883034229
2019 93 366 12.9632011413574 351.839447868347
2019 94 367 13.0133338928223 261.09166745615
2019 95 368 13.1446929931641 230.027592803955
2019 96 369 14.6184745788574 318.794839657068
2019 97 370 15.6887718200684 466.068173219442
2019 98 371 16.5508972167969 463.150881454468
2019 99 372 14.8647361755371 533.098585464478
2019 100 373 13.4204345703125 637.852858278275
2019 101 374 13.5750595092774 517.892179581642
2019 102 375 13.0295806884766 534.851620674133
2019 103 376 14.4181381225586 632.192259861946
2019 104 377 13.7346893310547 612.382463217735
2019 105 378 12.3052230834961 576.995979652405
2019 106 379 12.0754028320313 427.166704436302
2019 107 380 13.3484436035156 602.71620075798
2019 108 381 15.6161743164063 646.577908535004
2019 109 382 17.0923629760742 611.499252268791
2019 110 383 14.0623718261719 544.094120864868
2019 111 384 12.4901176452637 662.60063728714
2019 112 385 15.1936317443848 673.047499916077
2019 113 386 18.744832611084 669.514646039963
2019 114 387 20.7684951782227 658.974117922783
2019 115 388 18.2611251831055 655.673203540802
2019 116 389 15.3923698425293 666.209307397842
2019 117 390 15.4493194580078 610.910436569214
2019 118 391 13.4848075866699 626.527214000702
2019 119 392 13.8909049987793 622.989909655571
2019 120 393 14.0194564819336 659.683361398697
2019 121 394 13.6279960632324 685.113605466843
2019 122 395 15.3753257751465 709.892609329224
2019 123 396 15.0612693786621 682.472887670517
2019 124 397 14.2998138427735 673.912872699737
2019 125 398 12.8188148498535 647.586024946213
2019 126 399 12.9120651245117 562.182109169006
2019 127 400 13.7661720275879 594.785138366699
2019 128 401 14.0709930419922 629.533711964607
2019 129 402 14.1626487731934 545.392179032326
2019 130 403 14.7961517333985 574.04748798275
2019 131 404 15.1491065979004 647.470054695129
2019 132 405 14.4905296325684 638.405964382172
2019 133 406 14.6730209350586 652.961128159335
2019 134 407 14.2891860961914 561.129402733238
2019 135 408 14.2723365783692 275.486241104515
2019 136 409 13.6312042236328 466.848784845164
2019 137 410 12.6669975280762 492.57343897211
2019 138 411 12.2364364624024 393.189817232862
2019 139 412 11.8473907470703 405.94732022687
2019 140 413 12.2320304870606 548.933952609289
2019 141 414 13.481404876709 470.145207273208
2019 142 415 13.9809585571289 561.798507582892
2019 143 416 15.7104278564453 632.32610433127
2019 144 417 15.7304817199707 645.083581927553
2019 145 418 14.4351821899414 616.468420740664
2019 146 419 12.8641334533692 584.784321632415
2019 147 420 12.6864524841309 558.988275566459
2019 148 421 14.1800895690918 542.202805790126
2019 149 422 15.5501953125 660.000060465872
2019 150 423 14.6118560791016 653.808658960178
2019 151 424 15.020166015625 666.236056565747
2019 152 425 17.0705085754395 708.188620127797
2019 153 426 16.3126579284668 617.146450797945
2019 154 427 16.0956779479981 656.57426701951
2019 155 428 18.1169334411621 718.929915397853
2019 156 429 20.1875320434571 739.747843479276
2019 157 430 16.776513671875 730.309058767259
2019 158 431 14.9515777587891 764.250260426074
2019 159 432 18.8218399047852 778.970474745542
2019 160 433 23.0207878112793 749.365036210507
2019 161 434 26.0953002929688 695.252715170652
2019 162 435 27.0815673828125 739.301773391813
2019 163 436 25.7664085388184 724.001701548219
2019 164 437 19.0253921508789 695.457885288954
2019 165 438 15.807088470459 692.277437996626
2019 166 439 15.0163513183594 667.29323437345
2019 167 440 14.6980949401856 607.408811641753
2019 168 441 16.6331230163574 713.336231301546
2019 169 442 18.7259765625 722.672402272701
2019 170 443 18.0242782592774 693.209714547455
2019 171 444 17.196248626709 721.169163938105
2019 172 445 16.6158729553223 758.607528809488
2019 173 446 19.1577468872071 767.16309570533
2019 174 447 20.7402206420899 759.58887209624
2019 175 448 19.3803497314453 728.261629190266
2019 176 449 18.1039024353028 726.825288070619
2019 177 450 16.9776550292969 745.631456699908
2019 178 451 15.9454627990723 743.650932465136
2019 179 452 16.2994247436524 631.407195174277
2019 180 453 16.7225662231446 718.613187885225
2019 181 454 17.3877578735352 720.593746141136
2019 182 455 16.6008354187012 750.859338609397
2019 183 456 16.7247711181641 751.55967226398
2019 184 457 16.5535064697266 737.481826130211
2019 185 458 16.6680160522461 734.814332500339
2019 186 459 16.9864822387696 738.757565422356
2019 187 460 17.68837890625 753.24581454283
2019 188 461 16.5769744873047 660.205249138296
2019 189 462 16.1829048156739 697.086033369958
2019 190 463 15.6981979370117 669.586018609762
2019 191 464 17.945272064209 658.804603816867
2019 192 465 18.6132751464844 700.850840852678
2019 193 466 17.6264091491699 700.95343462187
2019 194 467 17.8867126464844 739.805821107566
2019 195 468 18.435189819336 740.782718965471
2019 196 469 19.3715187072754 740.167141418815
2019 197 470 19.1208473205567 695.953012158006
2019 198 471 18.346150970459 668.426263807177
2019 199 472 19.2313438415528 681.629815743566
2019 200 473 17.9966102600098 626.313126406312
2019 201 474 18.2779708862305 665.183365012258
2019 202 475 18.1632591247559 649.45504288137
2019 203 476 19.8373847961426 695.181316738486
2019 204 477 19.454549407959 693.272159938842
2019 205 478 20.0712181091309 708.826495916575
2019 206 479 22.0956932067871 668.047091438681
2019 207 480 19.6757484436035 680.126576007173
2019 208 481 18.8711753845215 699.160236591175
2019 209 482 22.3106742858887 718.381246107265
2019 210 483 19.0953804016114 715.5710314361
2019 211 484 17.2935043334961 689.453846182048
2019 212 485 17.3849540710449 677.628616533637
2019 213 486 17.9346366882324 654.473296170771
2019 214 487 18.1500259399414 641.96111584676
2019 215 488 18.9529891967774 684.511414592668
2019 216 489 19.5351654052735 661.244569872208
2019 217 490 18.4351936340332 591.36825849817
2019 218 491 19.4242645263672 630.827293607738
2019 219 492 18.4359870910645 659.50491716902
2019 220 493 17.6111694335938 679.109550603503
2019 221 494 17.8064933776856 648.643202824794
2019 222 495 19.963525390625 566.946109056285
2019 223 496 19.199063873291 622.008576701164
2019 224 497 20.708139038086 677.231593997955
2019 225 498 21.0233894348145 683.922615604401
2019 226 499 22.5134140014649 676.691865509987
2019 227 500 24.4666954040528 677.427888410568
2019 228 501 23.6887985229492 676.678487894058
2019 229 502 19.6161819458008 642.491960651398
2019 230 503 17.8610397338867 596.979769978523
2019 231 504 17.8508163452149 556.133458079338
2019 232 505 17.7910514831543 580.354880167961
2019 233 506 18.6720329284668 618.83258693409
2019 234 507 21.5706649780274 615.558463065147
2019 235 508 20.7761169433594 594.245385685921
2019 236 509 19.6980072021485 586.782689041138
2019 237 510 20.0469451904297 618.600610142708
2019 238 511 20.6178947448731 620.335820291519
2019 239 512 20.7546592712403 606.779863031387
2019 240 513 19.678353881836 533.731997585297
2019 241 514 19.5834976196289 556.316345643044
2019 242 515 19.0183731079102 611.610771042824
2019 243 516 19.6432548522949 600.039788486481
2019 244 517 22.1825271606446 615.692255352974
2019 245 518 21.2855010986328 602.725114800453
2019 246 519 19.1340919494629 582.049931260109
2019 247 520 19.159555053711 541.440037549019
2019 248 521 18.6200958251953 543.237685308456
2019 249 522 18.2976203918457 546.270929431915
2019 250 523 17.6304183959961 538.393399681091
2019 251 524 17.6097618103028 577.00492393589
2019 252 525 17.8913208007813 579.743767769814
2019 253 526 17.5267387390137 563.779030695438
2019 254 527 17.9450622558594 552.511391704082
2019 255 528 21.2437873840332 572.370283120155
2019 256 529 23.7294975280762 572.664684921741
2019 257 530 22.8834205627442 572.089265990734
2019 258 531 19.0841499328614 525.81431835413
2019 259 532 18.3577857971192 369.450142271042
2019 260 533 16.9888893127442 535.926650365829
2019 261 534 17.8847023010254 376.61844013834
2019 262 535 17.3183723449707 450.857299983025
2019 263 536 18.4949584960938 530.123328986645
2019 264 537 20.9046646118164 533.972871786594
2019 265 538 19.8315711975098 520.09573481226
2019 266 539 18.6138778686524 510.674826255798
2019 267 540 22.5334716796875 519.025183310509
2019 268 541 24.42177734375 499.79525808239
2019 269 542 23.4794288635254 499.193062246799
2019 270 543 18.9746528625489 378.7283354249
2019 271 544 15.1916328430176 469.065737232208
2019 272 545 13.6779342651367 504.438813444614
2019 273 546 14.0465293884278 434.990711627007
2019 274 547 13.4278541564942 498.769318626404
2019 275 548 14.7698875427246 496.454231013298
2019 276 549 15.1930328369141 487.510581581116
2019 277 550 14.2643180847168 482.224695771456
2019 278 551 15.7611633300781 479.807005694866
2019 279 552 18.4570556640625 471.086420523643
2019 280 553 20.5342651367188 443.671172266722
2019 281 554 19.2082801818848 459.403933053732
2019 282 555 16.5763679504395 443.559650468588
2019 283 556 16.1879211425781 474.22226005435
2019 284 557 16.428369140625 451.968007265329
2019 285 558 16.5402694702149 448.957060344458
2019 286 559 16.0585647583008 445.69185026598
2019 287 560 14.3274894714356 434.620482250452
2019 288 561 14.0018096923828 432.131424392223
2019 289 562 13.8413711547852 370.708064062595
2019 290 563 15.484822845459 357.14318438071
2019 291 564 14.5773635864258 400.746183256268
2019 292 565 13.7872291564942 380.222663434148
2019 293 566 14.7953582763672 343.529223661423
2019 294 567 16.7592636108399 396.486246856928
2019 295 568 19.6697288513184 401.674001336813
2019 296 569 19.605558013916 390.352833233118
2019 297 570 21.5985504150391 389.710501777649
2019 298 571 21.9272361755371 390.076267832756
2019 299 572 19.2355590820313 386.891354824901
2019 300 573 15.8285499572754 394.880411540031
2019 301 574 14.5761657714844 392.743758375525
2019 302 575 12.4135108947754 377.689004429519
2019 303 576 13.7585540771485 378.019092011988
2019 304 577 13.1777816772461 374.776192177534
2019 305 578 12.9327217102051 373.174811487794
2019 306 579 13.6649032592774 366.10911400491
2019 307 580 14.4620491027832 358.32524737975
2019 308 581 14.7293830871582 338.341468803525
2019 309 582 14.2444625854492 337.141546249986
2019 310 583 13.6879631042481 319.887695260137
2019 311 584 12.8376670837403 326.333358584642
2019 312 585 13.2162872314453 321.065306230858
2019 313 586 12.9545761108399 320.472044299155
2019 314 587 13.1130043029785 309.927037488014
2019 315 588 13.7892318725586 301.839852734968
2019 316 589 16.0114418029785 286.838635839567
2019 317 590 13.7749954223633 236.045029081069
2019 318 591 13.653466796875 220.709266314045
2019 319 592 13.7423149108887 227.377963638809
2019 320 593 13.4094100952149 261.836602032687
2019 321 594 14.3890548706055 292.298478736753
2019 322 595 15.2668319702149 297.098160790168
2019 323 596 14.8003746032715 288.805775136383
2019 324 597 12.9601951599121 281.186966592124
2019 325 598 12.4602409362793 285.776994102051
2019 326 599 11.1675468444824 260.217377101898
2019 327 600 12.0236602783203 274.406752027035
2019 328 601 12.5089698791504 280.111949888706
2019 329 602 11.3117347717285 286.245358976364
2019 330 603 9.79223403930666 239.644787708759
2019 331 604 8.23381576538088 152.073002859831
2019 332 605 6.11549148559573 174.255896687508
2019 333 606 6.7955261230469 225.049492712021
2019 334 607 7.14406738281252 134.274949759722
2019 335 608 10.8400627136231 33.829686601907
2019 336 609 12.5663276672364 34.9939199094474
2019 337 610 12.4911209106446 142.321989710331
2019 338 611 12.077409362793 94.9898691959381
2019 339 612 12.3341003417969 126.160997788668
2019 340 613 13.5345436096192 155.476492740393
2019 341 614 14.8280387878418 152.36294852221
2019 342 615 13.0642715454102 167.573815080404
2019 343 616 11.2461601257324 176.628969552159
2019 344 617 11.1232238769531 183.520694836855
2019 345 618 11.9255958557129 125.509745486498
2019 346 619 14.2815643310547 91.3187425739765
2019 347 620 14.1486106872559 91.3544305599332
2019 348 621 12.2542854309082 169.291177456111
2019 349 622 9.13284454345705 247.410802717686
2019 350 623 8.35915527343752 237.588425314665
2019 351 624 8.91846618652346 203.442034699917
2019 352 625 9.72625122070315 172.074629083157
2019 353 626 10.789323425293 164.723452283442
2019 354 627 10.295785522461 186.51826540184
2019 355 628 10.6479431152344 176.526377043009
2019 356 629 11.8606201171875 125.465138858914
2019 357 630 7.9291931152344 139.922153297544
2019 358 631 7.42944488525393 199.311453601837
2019 359 632 8.68644104003909 170.517853004932
2019 360 633 9.30792007446291 197.62978346473
2019 361 634 8.01823577880862 256.506110827923
2019 362 635 7.83173141479494 248.949738614559
2019 363 636 9.64062271118166 193.972033891678
2019 364 637 9.70538864135744 185.684118983746
2019 365 638 9.03779373168948 230.197096703529
2020 1 639 9.95482406616213 215.407911008433
2020 2 640 11.0646492004395 223.226150230006
2020 3 641 10.1954360961914 243.32192680581
2020 4 642 10.7692504882813 180.241422997311
2020 5 643 8.97047195434573 233.797481590585
2020 6 644 9.97565994262698 260.989808475331
2020 7 645 8.01232681274416 243.232820654229
2020 8 646 9.32236251831057 195.779891326741
2020 9 647 10.0454879760742 167.959439458207
2020 10 648 8.0948196411133 229.85049317582
2020 11 649 9.59649047851565 241.361793077782
2020 12 650 8.16292343139651 196.024912578896
2020 13 651 8.93158874511721 248.012864290551
2020 14 652 9.74838027954104 235.917986936406
2020 15 653 7.17361984252932 222.79403110917
2020 16 654 8.75005874633791 122.992304731683
2020 17 655 6.82473907470705 194.884475609139
2020 18 656 7.08768997192385 208.984037247018
2020 19 657 7.62949142456057 209.857182474927
2020 20 658 7.87956008911135 146.046093603925
2020 21 659 10.5909400939942 125.749850741819
2020 22 660 11.8842254638672 171.901963795499
2020 23 661 10.639493560791 179.51973584874
2020 24 662 10.7890182495117 222.584655442551
2020 25 663 12.462548828125 200.987608907059
2020 26 664 13.382455444336 149.614418675736
2020 27 665 10.4122062683106 277.633076253251
2020 28 666 11.3774353027344 228.589773586587
2020 29 667 10.1675086975098 250.979790377454
2020 30 668 10.9462715148926 218.138728625611
2020 31 669 11.3608947753906 261.346196288422
2020 32 670 11.7067771911621 275.975876828507
2020 33 671 11.2500396728516 299.16330728753
2020 34 672 7.36654434204104 350.050918587998
2020 35 673 7.47331390380862 356.5371541055
2020 36 674 7.99749908447268 343.609224049882
2020 37 675 9.49465713500979 336.258734666184
2020 38 676 10.4128433227539 335.047021645859
2020 39 677 10.5529151916504 358.987318241433
2020 40 678 11.1505752563477 374.561434676484
2020 41 679 12.0494247436524 378.160939744309
2020 42 680 13.0829750061035 378.815806855515
2020 43 681 12.6135765075684 376.610662459687
2020 44 682 10.1380744934082 345.743100459412
2020 45 683 10.0287338256836 319.664480009393
2020 46 684 10.307576751709 336.92696628888
2020 47 685 11.3282409667969 376.548301459626
2020 48 686 11.6522041320801 381.337246033982
2020 49 687 12.7908149719239 407.340139964417
2020 50 688 10.7937370300293 405.972497563527
2020 51 689 11.1209312438965 394.278535898896
2020 52 690 12.9867416381836 400.555411541652
2020 53 691 14.6611343383789 401.067717144721
2020 54 692 10.7428260803223 395.307622772925
2020 55 693 11.6171890258789 424.072496931907
2020 56 694 13.6787010192871 435.026952271421
2020 57 695 14.2772270202637 431.587800511402
2020 58 696 14.9610382080078 435.851093111869
2020 59 697 15.6865249633789 403.25950846788
2020 60 698 13.0355010986328 391.801651822132
2020 61 699 9.8688903808594 296.347859961715
2020 62 700 12.2023902893067 384.28188671675
2020 63 701 14.8302055358887 469.106451884803
2020 64 702 14.2172943115235 469.333643224951
2020 65 703 14.3539176940918 403.005572007712
2020 66 704 12.4094863891602 336.83787158924
2020 67 705 10.4274536132813 256.922537615654
2020 68 706 9.44889984130862 272.478835101065
2020 69 707 11.6902290344239 358.149815308508
2020 70 708 14.0144897460938 436.358951352712
2020 71 709 15.294450378418 429.850425562855
2020 72 710 13.7551856994629 482.898622513172
2020 73 711 13.2314239501953 457.996090792653
2020 74 712 11.3190017700196 345.310971936819
2020 75 713 10.1642814636231 283.468918361899
2020 76 714 7.73583755493166 296.187477161047
2020 77 715 7.95625076293948 397.022732480642
2020 78 716 8.77604064941409 343.426577202794
2020 79 717 10.0910278320313 403.718337238547
2020 80 718 10.9419799804688 481.464160872456
2020 81 719 11.6653190612793 461.751518521306
2020 82 720 12.4494453430176 484.542466876742
2020 83 721 11.9622055053711 435.628338695284
2020 84 722 10.4169250488281 380.731381760117
2020 85 723 8.91010055541994 468.478320033785
2020 86 724 8.11136398315432 519.147649437424
2020 87 725 9.45706329345705 540.468492204663
2020 88 726 10.8079277038574 345.76536998963
2020 89 727 11.5924774169922 367.251052232262
2020 90 728 12.5317283630371 478.884822251317
2020 91 729 12.6846862792969 503.800730201718
2020 92 730 11.7557579040528 569.202189387795
2020 93 731 10.9827934265137 621.060953509804
2020 94 732 11.0433822631836 609.135358287808
2020 95 733 10.4845977783203 387.948221996781
2020 96 734 11.8240715026856 237.147526830193
2020 97 735 8.86026153564455 273.494528964993
2020 98 736 9.35287246704104 472.166927977082
2020 99 737 12.1802612304688 533.095733843323
2020 100 738 12.2275253295899 388.050684595582
2020 101 739 13.4645172119141 460.891725708481
2020 102 740 12.2975517272949 444.676122802254
2020 103 741 12.2451377868653 450.471864775654
2020 104 742 12.911767578125 563.330704262253
2020 105 743 14.9227958679199 655.666139346596
2020 106 744 15.7621398925781 655.839872955796
2020 107 745 14.0920463562012 552.389633933541
2020 108 746 12.7282958984375 457.541693873879
2020 109 747 12.8279739379883 413.22497629356
2020 110 748 13.0062881469727 534.601468132493
2020 111 749 13.108975982666 522.185834438321
2020 112 750 12.5845733642578 549.930564827439
2020 113 751 14.0776573181153 656.160624255654
2020 114 752 16.517911529541 631.124447798249
2020 115 753 17.5632797241211 659.234461898324
2020 116 754 17.5491004943848 631.77483823156
2020 117 755 16.2573181152344 631.814949910637
2020 118 756 15.4117485046387 665.725156957146
2020 119 757 17.2964683532715 651.028652851578
2020 120 758 15.9733215332031 559.156531248566
2020 121 759 14.9099021911621 600.729080056664
2020 122 760 14.3668075561524 684.065736342904
2020 123 761 15.3919807434082 571.777090644356
2020 124 762 14.5769134521485 671.56100304937
2020 125 763 14.28603515625 723.161383927819
2020 126 764 15.1419235229492 699.586369531151
2020 127 765 15.8102584838867 704.090230063912
2020 128 766 18.776212310791 723.254929460045
2020 129 767 19.4800010681153 715.338677100655
2020 130 768 17.5127883911133 691.888412929055
2020 131 769 14.7066780090332 629.133117441651
2020 132 770 15.5122886657715 659.657668740746
2020 133 771 14.984880065918 523.014445071545
2020 134 772 14.3412452697754 534.160432198398
2020 135 773 15.2199073791504 442.751633149021
2020 136 774 15.7898536682129 563.99894495856
2020 137 775 15.9019943237305 670.197819519911
2020 138 776 17.7555519104004 547.818969158564
2020 139 777 15.6119705200196 552.487645729933
2020 140 778 13.9958015441895 618.909255738173
2020 141 779 14.5941062927246 628.059514796295
2020 142 780 15.9836288452149 696.347704266668
2020 143 781 15.2355857849121 733.955463122569
2020 144 782 16.4889122009278 750.130960067161
2020 145 783 16.8975234985352 742.401844464504
2020 146 784 21.1039138793946 732.075504367076
2020 147 785 22.2448783874512 727.14400903038
2020 148 786 23.2784324645996 729.03731012062
2020 149 787 19.7491928100586 720.083086083614
2020 150 788 16.9737869262696 594.055742734157
2020 151 789 17.8307472229004 588.068431506358
2020 152 790 16.1898666381836 542.620178744845
2020 153 791 16.2003913879395 546.758719765701
2020 154 792 19.2598014831543 686.916818704017
2020 155 793 23.1420150756836 730.8949738786
2020 156 794 21.8452964782715 746.718568240531
2020 157 795 17.0530601501465 729.678807365157
2020 158 796 14.6115051269531 721.165618932791
2020 159 797 14.9648948669434 764.720557846137
2020 160 798 16.006608581543 770.485137306609
2020 161 799 17.8316055297852 764.667099138655
2020 162 800 20.1431861877442 735.318634615995
2020 163 801 19.5231872558594 698.196464416899
2020 164 802 16.9555221557617 707.030421947219
2020 165 803 15.2078720092774 661.599979787566
2020 166 804 16.4523902893067 702.063273826994
2020 167 805 17.5774551391602 676.162823027708
2020 168 806 16.2940612792969 697.180760220625
2020 169 807 18.0623336791992 772.253685462691
2020 170 808 20.5893951416016 775.964557469465
2020 171 809 19.5049186706543 736.619449755766
2020 172 810 16.8292060852051 682.479802243926
2020 173 811 17.5890670776367 723.531124708571
2020 174 812 17.2330833435059 656.432373382308
2020 175 813 18.0765090942383 642.769391855635
2020 176 814 17.6764961242676 652.258181593992
2020 177 815 17.5052734375 708.384663568892
2020 178 816 17.5523239135742 638.122979914762
2020 179 817 18.26943359375 676.572692197539
2020 180 818 15.6781402587891 733.29613850186
2020 181 819 16.7574516296387 755.59259986917
2020 182 820 18.8335777282715 755.681694617369
2020 183 821 17.6030212402344 747.195243933775
2020 184 822 16.1587158203125 734.899872509398
2020 185 823 16.2102714538574 710.692292110242
2020 186 824 17.644921875 753.668108891584
2020 187 825 20.3685470581055 762.439692695417
2020 188 826 17.7959457397461 766.711874814786
2020 189 827 16.1453910827637 761.040867063917
2020 190 828 17.5398651123047 747.596158424773
2020 191 829 18.2221733093262 742.722566547133
2020 192 830 19.1794563293457 727.856776970305
2020 193 831 19.82265625 737.987073340513
2020 194 832 20.2815452575684 752.634591352858
2020 195 833 18.6449523925781 732.017594229795
2020 196 834 16.550138092041 697.924706581511
2020 197 835 17.0607887268067 677.138445092894
2020 198 836 17.2274948120117 655.755236789443
2020 199 837 17.3424354553223 629.88154320658
2020 200 838 18.1143203735352 625.680631089576
2020 201 839 18.2593322753906 632.6524445614
2020 202 840 16.7039543151856 613.39418618209
2020 203 841 16.3035102844239 567.705352714606
2020 204 842 16.319409942627 574.436619060584
2020 205 843 17.121167755127 632.88408529953
2020 206 844 17.1028953552246 698.735501708724
2020 207 845 17.0036521911621 647.87016962374
2020 208 846 18.1676002502442 663.622471475803
2020 209 847 17.8866096496582 651.781520690493
2020 210 848 17.5808959960938 653.937655477561
2020 211 849 17.3432975769043 647.019297059097
2020 212 850 17.0277076721192 626.576058053054
2020 213 851 16.8339248657227 683.152483311855
2020 214 852 17.5933547973633 695.585930474483
2020 215 853 18.2404304504395 691.487485657812
2020 216 854 19.582048034668 699.933848855138
2020 217 855 18.1111045837403 671.997580791429
2020 218 856 16.9471488952637 655.781967804864
2020 219 857 16.5303703308106 632.189148508027
2020 220 858 18.0399948120117 638.858030667199
2020 221 859 19.364633178711 656.717477558984
2020 222 860 20.1163269042969 647.353404128902
2020 223 861 19.9668098449707 630.050823305604
2020 224 862 18.5738502502442 610.217873134133
2020 225 863 18.4294792175293 624.24170119619
2020 226 864 21.199292755127 641.486380559441
2020 227 865 25.7693992614746 576.34330209684
2020 228 866 27.3499084472656 638.555101066109
2020 229 867 26.8111129760742 555.99805606794
2020 230 868 25.4200836181641 579.844803099152
2020 231 869 23.837419128418 588.585184541222
2020 232 870 24.5684867858887 635.770839263436
2020 233 871 20.8486991882324 659.577476631638
2020 234 872 19.24111328125 614.556892931458
2020 235 873 20.0377059936524 600.956276751992
2020 236 874 20.8703895568848 561.767066498276
2020 237 875 21.0957466125489 600.096509644028
2020 238 876 19.5208183288574 589.191044075486
2020 239 877 18.1777015686035 604.889900655266
2020 240 878 16.3735443115235 600.497423820015
2020 241 879 17.9052940368653 595.071430139061
2020 242 880 18.0133529663086 591.164557435509
2020 243 881 17.5381446838379 587.640763766762
2020 244 882 18.1216255187989 589.213322629449
2020 245 883 17.1050468444824 549.988487454888
2020 246 884 17.1664863586426 534.614837684151
2020 247 885 17.013314819336 565.981350183007
2020 248 886 17.1780906677246 580.205644909379
2020 249 887 20.962979888916 590.977455282685
2020 250 888 26.9561210632324 582.183581521508
2020 251 889 29.0169960021973 583.150298994538
2020 252 890 24.4810539245606 578.601898490426
2020 253 891 18.9523788452149 529.959522096154
2020 254 892 16.9439254760742 568.204304015156
2020 255 893 16.2951293945313 572.721525531289
2020 256 894 17.9083038330078 572.645787419316
2020 257 895 18.0341888427735 547.979337077614
2020 258 896 16.6996589660645 524.49789946222
2020 259 897 17.3323417663574 548.02836027908
2020 260 898 18.7897468566895 466.304360422131
2020 261 899 19.4219985961914 395.39225288057
2020 262 900 19.4916053771973 424.852085161206
2020 263 901 18.9016815185547 459.381550022599
2020 264 902 19.7960220336914 521.121126508233
2020 265 903 20.0037590026856 525.255226148125
2020 266 904 18.6580520629883 521.477520873543
2020 267 905 18.8653732299805 512.371840095994
2020 268 906 20.1889511108399 443.517860015627
2020 269 907 18.2434326171875 489.090850496289
2020 270 908 19.4501434326172 497.390215155598
2020 271 909 21.9400268554688 484.489000010487
2020 272 910 25.4714218139649 496.909087701794
2020 273 911 21.2353874206543 470.38052206206
2020 274 912 20.1769119262696 483.223818863865
2020 275 913 23.6023994445801 484.542463096615
2020 276 914 23.4840217590332 484.529086236712
2020 277 915 21.8646255493164 484.863207844254
2020 278 916 20.3109756469727 481.588904545304
2020 279 917 19.4056716918946 477.0494221158
2020 280 918 18.8473297119141 449.732371214863
2020 281 919 16.9263092041016 428.883729258534
2020 282 920 15.8038154602051 339.804788162824
2020 283 921 16.0076881408692 402.929848701235
2020 284 922 17.2760597229004 355.485831148144
2020 285 923 17.9162498474121 339.056381189581
2020 286 924 19.2701202392578 434.046878642556
2020 287 925 19.4950386047364 435.182871191498
2020 288 926 21.8046852111817 424.584804003712
2020 289 927 23.9880195617676 423.194885484454
2020 290 928 24.4468971252442 420.704644572612
2020 291 929 23.2825103759766 420.210150843259
2020 292 930 21.1636329650879 413.545726207372
2020 293 931 18.4874816894531 394.198362401005
2020 294 932 18.4187370300293 399.410524528143
2020 295 933 19.0035034179688 398.920491096136
2020 296 934 18.3287216186524 392.376327533003
2020 297 935 15.6875968933106 379.403849441763
2020 298 936 14.5242820739746 340.896223981854
2020 299 937 15.1517997741699 320.132232289907
2020 300 938 16.5658241271973 392.024406191465
2020 301 939 16.4607711791992 382.548966159102
2020 302 940 15.6435562133789 378.120847266432
2020 303 941 15.4414001464844 375.897878691789
2020 304 942 14.3738952636719 364.778607085284
2020 305 943 14.9066787719727 356.621813868758
2020 306 944 16.5756965637207 359.584271342036
2020 307 945 17.2741218566895 351.552200755653
2020 308 946 15.7599845886231 338.428247448501
2020 309 947 14.3981758117676 328.093030763355
2020 310 948 16.7256523132324 325.469130340632
2020 311 949 15.6712661743164 329.670037905734
2020 312 950 10.9864440917969 315.18736077058
2020 313 951 11.5516677856446 330.182349891704
2020 314 952 8.54854354858401 326.890223217216
2020 315 953 8.61535797119143 324.502427972358
2020 316 954 11.3864570617676 231.28494873814
2020 317 955 10.735311126709 252.712722127159
2020 318 956 10.9252182006836 233.507911303956
2020 319 957 11.0214630126953 208.017330654972
2020 320 958 10.2871719360352 293.915515748017
2020 321 959 13.1467872619629 278.84480095193
2020 322 960 14.3762641906739 215.038159021827
2020 323 961 14.5829330444336 172.418729527902
2020 324 962 12.1907859802246 222.8430321352
2020 325 963 10.9888053894043 261.395201177762
2020 326 964 10.3541999816895 286.903591970042
2020 327 965 9.5765090942383 273.886562567071
2020 328 966 10.979566192627 276.817848612622
2020 329 967 10.7383209228516 280.02087182887
2020 330 968 11.6700378417969 279.161087584332
2020 331 969 10.7277885437012 286.449212691859
2020 332 970 10.2291656494141 283.727297776774
2020 333 971 9.32279739379885 280.626733883218
2020 334 972 9.3706985473633 278.635416883067
2020 335 973 9.64719161987307 272.581291162089
2020 336 974 9.70776519775393 269.645556159571
2020 337 975 10.0964027404785 268.251194731549
2020 338 976 10.3228393554688 251.888576402739
2020 339 977 10.3707405090332 260.245845670894
2020 340 978 10.4448562622071 260.272584144191
2020 341 979 10.0313049316406 232.657039832667
2020 342 980 11.8468414306641 258.15207552226
2020 343 981 13.2355094909668 264.094826366023
2020 344 982 11.8251472473145 263.520153127984
2020 345 983 11.4242683410645 242.965535716609
2020 346 984 9.74085388183596 216.704269378976
2020 347 985 11.2453132629395 143.925584351972
2020 348 986 10.7234970092774 95.2030317251242
2020 349 987 9.32601318359377 176.107335453824
2020 350 988 8.68302688598635 222.317358660535
2020 351 989 8.7264228820801 204.44455532153
2020 352 990 11.5798088073731 197.655384744719
2020 353 991 9.38079605102541 240.172350043134
2020 354 992 8.12682876586916 248.404891892985
2020 355 993 8.00953445434573 246.320026084498
2020 356 994 8.00888595581057 233.325262635068
2020 357 995 9.06907806396487 206.7655283397
2020 358 996 7.96893081665041 257.038364299372
2020 359 997 7.90662918090823 193.957865279034
2020 360 998 9.9943557739258 165.45581715031
2020 361 999 12.1233306884766 177.501698141888
2020 362 1000 9.4080863952637 180.816099007443
2020 363 1001 9.84762344360354 178.388212165431
2020 364 1002 8.34101638793948 228.389309694365
2020 365 1003 8.12554321289065 210.186842777089
2020 366 1004 9.88500747680666 215.978129493312
2021 1 1005 9.5023246765137 239.875564435959
2021 2 1006 9.86753997802737 107.064924070358
2021 3 1007 10.8441024780274 128.495812307298
2021 4 1008 11.3792053222656 100.794107129812
2021 5 1009 9.24558410644534 153.153871839046
2021 6 1010 8.24801025390627 176.294571869373
2021 7 1011 9.31322250366213 149.635764236689
2021 8 1012 9.33903656005862 186.208823232651
2021 9 1013 9.00264129638674 234.907252351761
2021 10 1014 8.72808227539065 219.465187330246
2021 11 1015 9.39126358032229 183.997698172569
2021 12 1016 9.94858322143557 235.67264582777
2021 13 1017 11.7828384399414 187.336761087894
2021 14 1018 13.4624000549317 204.443873580933
2021 15 1019 11.3571907043457 249.48096534586
2021 16 1020 12.9394927978516 247.641350621223
2021 17 1021 13.1530204772949 248.048662283421
2021 18 1022 14.4863830566406 283.874240311146
2021 19 1023 15.7338958740235 305.730336904526
2021 20 1024 11.9169097900391 302.892584798813
2021 21 1025 10.6575904846192 282.419544282913
2021 22 1026 10.0640502929688 209.237625468254
2021 23 1027 8.19558105468752 254.811829369545
2021 24 1028 7.90121231079104 239.002743290901
2021 25 1029 7.4711624145508 203.942563779354
2021 26 1030 6.0705619812012 274.461289173126
2021 27 1031 9.13290939331057 177.095767176151
2021 28 1032 9.85613021850588 117.941502919674
2021 29 1033 7.75152359008791 211.873961845875
2021 30 1034 8.5707946777344 253.983781051636
2021 31 1035 10.8759170532227 304.409924580574
2021 32 1036 12.012769317627 298.027213625431
2021 33 1037 12.9875236511231 196.158874410629
2021 34 1038 9.7316604614258 287.414718450546
2021 35 1039 9.22056732177737 335.379089326859
2021 36 1040 9.68723449707034 337.388786058426
2021 37 1041 10.3328071594239 357.275474509239
2021 38 1042 11.7740341186524 361.272515831947
2021 39 1043 10.2501579284668 309.602040318489
2021 40 1044 11.2153144836426 251.575716941357
2021 41 1045 10.5457321166992 295.686287587166
2021 42 1046 10.4590698242188 273.951034584045
2021 43 1047 11.2335182189942 244.897589598656
2021 44 1048 11.875089263916 262.810368532181
2021 45 1049 9.89475021362307 295.641525848389
2021 46 1050 11.9687400817871 118.550236862183
2021 47 1051 10.0944725036621 283.117799182892
2021 48 1052 9.3182197570801 380.631020805359
2021 49 1053 10.4832931518555 380.228180565302
2021 50 1054 11.718392944336 204.824336048548
2021 51 1055 10.7116218566895 276.860400146155
2021 52 1056 10.4082466125489 415.351042138614
2021 53 1057 12.0151687622071 417.154851437423
2021 54 1058 13.6973281860352 390.334904966943
2021 55 1059 13.553052520752 441.709948255688
2021 56 1060 13.0105377197266 448.907303782687
2021 57 1061 10.7882667541504 446.293335453525
2021 58 1062 10.1282859802246 454.618614518538
2021 59 1063 11.2477241516114 459.842049282372
2021 60 1064 12.0215698242188 457.559334389716
2021 61 1065 12.0569892883301 462.966265868902
2021 62 1066 11.5060707092285 417.741199938953
2021 63 1067 9.60318527221682 420.341733194262
2021 64 1068 10.8198791503906 435.479416659534
2021 65 1069 11.2061019897461 464.456769398093
2021 66 1070 9.16452560424807 481.40724056524
2021 67 1071 9.97880325317385 418.309641134322
2021 68 1072 9.79630050659182 369.63359616071
2021 69 1073 8.36228332519534 347.947569036841
2021 70 1074 7.7835403442383 420.368587559938
2021 71 1075 9.2493835449219 480.70001939404
2021 72 1076 11.0448127746582 447.640598126769
2021 73 1077 9.43769226074221 338.731585425973
2021 74 1078 8.61562118530276 362.704806797981
2021 75 1079 8.11934051513674 481.72501344037
2021 76 1080 7.85518798828127 484.535930175543
2021 77 1081 10.3720222473145 247.699537731528
2021 78 1082 12.0846076965332 257.868915759325
2021 79 1083 9.55655822753909 434.235101118565
2021 80 1084 9.84532318115237 525.101534915686
2021 81 1085 10.6437812805176 541.197091334343
2021 82 1086 11.8588806152344 564.355689507961
2021 83 1087 13.6823173522949 574.90999694252
2021 84 1088 11.0712295532227 487.221500433683
2021 85 1089 11.3964134216309 509.408824065685
2021 86 1090 13.6286865234375 577.040541800499
2021 87 1091 14.4281478881836 574.041648947239
2021 88 1092 12.5174499511719 582.814535949707
2021 89 1093 13.903653717041 604.89445131731
2021 90 1094 16.9988151550293 608.255878973484
2021 91 1095 18.5322967529297 607.839624035835
2021 92 1096 15.4281211853028 604.084299630642
2021 93 1097 11.7704292297364 509.529668663978
2021 94 1098 11.3303733825684 549.473118500233
2021 95 1099 10.7874618530274 425.327944020271
2021 96 1100 11.2915512084961 532.697242370129
2021 97 1101 11.4100128173828 596.824292868614
2021 98 1102 10.9687705993653 619.445780921936
2021 99 1103 11.9089065551758 629.283933297157
2021 100 1104 11.0326057434082 634.126933681488
2021 101 1105 12.2130790710449 618.537168530464
2021 102 1106 12.2991271972656 578.392298933983
2021 103 1107 12.1910682678223 635.514476013184
2021 104 1108 11.7640243530274 655.405644165993
2021 105 1109 12.430810546875 640.836387185097
2021 106 1110 11.6031356811524 631.110123532295
2021 107 1111 12.5814910888672 640.626017597198
2021 108 1112 15.6510482788086 669.397490341187
2021 109 1113 14.2546478271485 665.937562666893
2021 110 1114 12.4706283569336 650.907305642128
2021 111 1115 11.679574584961 636.167975222588
2021 112 1116 11.3744026184082 601.586714058876
2021 113 1117 11.1468711853028 576.400494801521
2021 114 1118 11.7302070617676 586.453506546974
2021 115 1119 12.326749420166 443.361572088242
2021 116 1120 10.9329544067383 508.204794782638
2021 117 1121 12.3625694274903 687.950321313858
2021 118 1122 15.4189201354981 694.968635351181
2021 119 1123 16.3632598876953 690.412111103058
2021 120 1124 14.4149490356446 687.319231702804
2021 121 1125 13.1874443054199 633.084022969246
2021 122 1126 13.8215995788574 668.524678268433
2021 123 1127 16.4821258544922 706.691162677765
2021 124 1128 18.6097465515137 702.098835086823
2021 125 1129 17.6662040710449 688.4695433712
2021 126 1130 13.9104515075684 668.994629652023
2021 127 1131 13.5016189575196 700.532257896423
2021 128 1132 16.5479637145996 728.86955034256
2021 129 1133 18.7668319702149 717.813930082321
2021 130 1134 17.5695434570313 714.980637517929
2021 131 1135 18.0292106628418 715.660987722397
2021 132 1136 16.0999046325684 677.66010137028
2021 133 1137 14.7377258300781 669.889833035781
2021 134 1138 13.1570220947266 676.178554708261
2021 135 1139 12.2453018188477 574.58325662866
2021 136 1140 12.9522987365723 541.828187716154
2021 137 1141 12.9190879821778 628.249982859123
2021 138 1142 13.6903244018555 689.852605142497
2021 139 1143 13.5104270935059 727.459601735875
2021 140 1144 12.311540222168 748.156456844233
2021 141 1145 12.8740592956543 751.365712591417
2021 142 1146 13.6334930419922 729.039616882473
2021 143 1147 13.7897850036621 688.814171982303
2021 144 1148 14.0993629455567 718.588260155558
2021 145 1149 15.4801536560059 701.664656820789
2021 146 1150 14.4871765136719 750.900210676685
2021 147 1151 14.1431900024414 736.402584290728
2021 148 1152 15.1497589111328 684.647069033846
2021 149 1153 13.7625785827637 701.96903176181
2021 150 1154 14.1199699401856 724.317496031106
2021 151 1155 18.3349853515625 740.569689554512
2021 152 1156 18.5817276000977 718.480832864523
2021 153 1157 15.907601928711 689.525863987952
2021 154 1158 15.7471023559571 700.196552730858
2021 155 1159 17.1917282104492 720.414446673572
2021 156 1160 15.7465072631836 740.166838977188
2021 157 1161 16.6025939941406 746.988205396026
2021 158 1162 15.0599113464356 754.749522684157
2021 159 1163 13.6186843872071 756.365344055921
2021 160 1164 13.8846412658692 762.130387274921
2021 161 1165 14.0329223632813 769.233737590551
2021 162 1166 14.9402442932129 747.100116137683
2021 163 1167 18.0400215148926 655.307151393116
2021 164 1168 18.9781623840332 629.794194973975
2021 165 1169 18.8570877075196 567.086022922426
2021 166 1170 17.2721725463867 711.811670659006
2021 167 1171 19.9727226257324 745.712561772585
