Year DOY_disc DOY TA_C PAR_umol_m2_day
2018 93 1 13.0195022583008 596.217690413475
2018 94 2 13.8490234375 561.571826886654
2018 95 3 13.8866592407227 389.419048474789
2018 96 4 13.8242088317871 166.832228022516
2018 97 5 15.8775421142578 275.654434967756
2018 98 6 13.2762924194336 587.253733133316
2018 99 7 13.962117767334 616.676918850899
2018 100 8 17.1631675720215 569.125595852852
2018 101 9 12.6574645996094 401.768421086311
2018 102 10 10.8911186218262 546.891378238678
2018 103 11 11.6379409790039 618.785558127403
2018 104 12 14.6237503051758 635.814882167816
2018 105 13 14.4899765014649 639.525031036377
2018 106 14 9.98199996948244 487.328765557289
2018 107 15 9.56269226074221 606.34277455616
2018 108 16 10.8878112792969 512.33003330183
2018 109 17 10.9698883056641 605.711070044517
2018 110 18 13.4514251708985 655.072968834877
2018 111 19 14.982064819336 658.929919674873
2018 112 20 16.9059577941895 671.399410092354
2018 113 21 17.4474655151367 663.832308367729
2018 114 22 15.5115715026856 632.967776516914
2018 115 23 13.6712013244629 618.741074605942
2018 116 24 13.0943504333496 641.58029492569
2018 117 25 13.4086318969727 607.744075540542
2018 118 26 13.6697631835938 544.98736477375
2018 119 27 13.0414138793946 504.451518198013
2018 120 28 12.8156410217285 496.11481496048
2018 121 29 13.3044181823731 627.362513105392
2018 122 30 13.7539154052735 678.659552434921
2018 123 31 13.3337799072266 627.629414234161
2018 124 32 14.6950775146485 654.806051577568
2018 125 33 15.1131416320801 556.749517907142
2018 126 34 13.6693511962891 600.688563041687
2018 127 35 14.8737197875977 686.804999412537
2018 128 36 15.6509300231934 690.092516017914
2018 129 37 15.3618789672852 658.796475158691
2018 130 38 14.4645477294922 701.160700410843
2018 131 39 15.6647811889649 652.973225456238
2018 132 40 20.451058959961 724.938594873946
2018 133 41 14.8191352844239 628.657053404372
2018 134 42 13.7047019958496 637.038240671322
2018 135 43 13.774789428711 553.324086163766
2018 136 44 13.8014694213867 534.613186595727
2018 137 45 14.0661140441895 587.654103317588
2018 138 46 14.1930709838867 654.788261644337
2018 139 47 13.9612937927246 667.546908898409
2018 140 48 13.2947021484375 653.578233556367
2018 141 49 13.6430870056153 685.265769193433
2018 142 50 13.9869247436524 593.112556874536
2018 143 51 13.522966003418 589.651535822257
2018 144 52 13.437158203125 574.299319038421
2018 145 53 13.4121376037598 384.77023994942
2018 146 54 14.2540641784668 397.048429572366
2018 147 55 15.59365234375 600.91099934487
2018 148 56 19.2450271606446 726.82480399391
2018 149 57 20.2703453063965 735.495169443354
2018 150 58 15.5186134338379 704.657314371019
2018 151 59 13.0337730407715 718.10994111529
2018 152 60 14.3417297363281 742.096910177618
2018 153 61 19.5225006103516 746.696791815996
2018 154 62 21.2487426757813 744.499177621305
2018 155 63 18.7291618347168 746.83469203037
2018 156 64 15.5378318786621 744.499181999952
2018 157 65 14.244962310791 729.356060476094
2018 158 66 14.1459289550781 727.234090488732
2018 159 67 15.8649230957031 750.847370004147
2018 160 68 16.2110420227051 691.565035563439
2018 161 69 15.1822105407715 740.615542489827
2018 162 70 16.8575759887696 751.043096232235
2018 163 71 19.6178184509278 753.58770172739
2018 164 72 19.1885810852051 760.060466574848
2018 165 73 17.5181747436524 746.687884955764
2018 166 74 16.3286911010742 747.644344299316
2018 167 75 15.587247467041 704.50606441915
2018 168 76 15.0391250610352 634.075461840033
2018 169 77 17.1404281616211 692.223408836543
2018 170 78 16.0942207336426 678.74409924984
2018 171 79 15.5175682067871 734.801177659869
2018 172 80 15.5982032775879 754.295046634734
2018 173 81 18.4496284484864 772.654505673647
2018 174 82 22.0213981628418 763.721673451662
2018 175 83 20.8583732604981 699.621475586295
2018 176 84 17.3968063354492 636.90925420016
2018 177 85 17.3465591430664 748.271606154203
2018 178 86 17.0602012634278 687.200915820181
2018 179 87 16.1554275512696 720.46327255243
2018 180 88 17.7145973205567 746.803574658453
2018 181 89 21.1676803588867 744.734958354056
2018 182 90 19.8020416259766 693.86050825727
2018 183 91 17.4197593688965 658.195899296343
2018 184 92 17.0825401306153 732.478986621916
2018 185 93 16.6820350646973 676.862327419638
2018 186 94 17.2072044372559 690.377235529303
2018 187 95 20.8807006835938 643.582187144935
2018 188 96 21.9506851196289 710.56954198426
2018 189 97 19.8613830566406 746.910328771949
2018 190 98 19.6740585327149 743.231317876994
2018 191 99 21.6039558410645 742.924372103393
2018 192 100 19.1178718566895 692.236769504905
2018 193 101 18.8923011779785 674.767024933696
2018 194 102 20.0716567993164 573.405172561318
2018 195 103 18.912973022461 641.566944652676
2018 196 104 17.845059967041 665.162438231557
2018 197 105 17.9854522705078 654.005298608601
2018 198 106 18.4554191589356 685.764015840322
2018 199 107 18.9675575256348 713.888197886288
2018 200 108 19.1186996459961 693.798237066716
2018 201 109 19.8134170532227 693.077555778324
2018 202 110 20.9917350769043 644.196097939282
2018 203 111 19.5427680969239 626.51727708748
2018 204 112 19.0783821105957 667.40900443533
2018 205 113 18.6698280334473 686.707118925661
2018 206 114 19.8254028320313 709.510774806589
2018 207 115 19.4162307739258 705.409125096232
2018 208 116 17.7749687194824 710.698552207216
2018 209 117 17.5103202819824 713.768080001578
2018 210 118 17.4722724914551 709.074786899462
2018 211 119 17.3097702026367 628.492448600024
2018 212 120 17.6418167114258 679.286831048369
2018 213 121 17.5421577453614 691.3826248627
2018 214 122 17.3784080505371 699.608118792564
2018 215 123 17.9046073913574 713.57680824314
2018 216 124 20.6505828857422 701.952558324598
2018 217 125 18.9749961853028 705.11551874353
2018 218 126 18.7804389953614 702.650978364918
2018 219 127 18.5306755065918 697.13469358477
2018 220 128 17.496671295166 683.352857798822
2018 221 129 19.0521293640137 675.492148599271
2018 222 130 20.6898628234864 688.215196464103
2018 223 131 21.2109008789063 672.836302732468
2018 224 132 19.996598815918 662.168527490616
2018 225 133 17.9029556274414 631.437441164017
2018 226 134 16.6661163330078 607.290316203117
2018 227 135 16.8069244384766 601.338076485634
2018 228 136 17.9118438720703 627.847412621498
2018 229 137 18.6476951599121 649.463268058777
2018 230 138 19.8814407348633 667.569152994156
2018 231 139 18.8503280639649 675.105112524032
2018 232 140 17.7846885681153 655.958243228912
2018 233 141 16.0472923278809 583.289993213653
2018 234 142 17.0755020141602 584.166383806228
2018 235 143 17.0556503295899 588.330282939911
2018 236 144 16.5737014770508 566.652147145271
2018 237 145 16.892106628418 592.645448626518
2018 238 146 16.4951263427735 586.092618367195
2018 239 147 17.0761199951172 554.952269329071
2018 240 148 17.1398025512696 519.443380729198
2018 241 149 17.465650177002 572.657794507027
2018 242 150 18.3237205505371 547.429651125908
2018 243 151 17.1453872680664 596.457919977188
2018 244 152 17.3810974121094 611.351907975197
2018 245 153 17.7114959716797 604.372023208618
2018 246 154 17.6986824035645 584.201968405723
2018 247 155 17.8506446838379 581.10127170372
2018 248 156 17.7629829406739 556.580468126774
2018 249 157 16.0162788391114 565.855855922699
2018 250 158 17.8975730895996 588.174596158981
2018 251 159 18.6288810729981 593.108118982315
2018 252 160 18.3197761535645 587.587381217003
2018 253 161 18.2075134277344 590.336613846779
2018 254 162 18.1159149169922 585.305223042488
2018 255 163 16.7072654724121 574.544017184257
2018 256 164 16.0290885925293 541.054783177376
2018 257 165 15.7123466491699 519.972769814968
2018 258 166 16.6318031311035 538.781532493114
2018 259 167 15.7090316772461 560.67320864582
2018 260 168 16.0301300048828 512.405661034107
2018 261 169 15.9910522460938 495.300696660995
2018 262 170 15.3732543945313 539.368747435093
2018 263 171 18.8929191589356 548.46173202753
2018 264 172 20.0054946899414 530.355856668472
2018 265 173 17.1606918334961 531.645943305016
2018 266 174 17.2061744689942 529.039059153557
2018 267 175 17.1927352905274 521.645444573879
2018 268 176 17.796475982666 513.419948123932
2018 269 177 17.2299514770508 511.409168260097
2018 270 178 17.7032257080078 488.859103934288
2018 271 179 16.0617614746094 407.916403569937
2018 272 180 16.1796127319336 468.831393577576
2018 273 181 17.650708770752 397.235284229278
2018 274 182 18.0137763977051 370.975048858166
2018 275 183 19.4114700317383 361.361577882051
2018 276 184 19.8388420104981 382.955194078684
2018 277 185 17.9048133850098 277.776417587042
2018 278 186 15.6796661376953 431.289483857155
2018 279 187 16.787484741211 427.93966698575
2018 280 188 19.2892776489258 467.590252019882
2018 281 189 19.8212677001953 461.228710781574
2018 282 190 18.0805641174317 444.350623053074
2018 283 191 15.3856597900391 399.174872969389
2018 284 192 14.8346420288086 409.255455193996
2018 285 193 16.7887321472168 406.701936853409
2018 286 194 18.0578094482422 438.269371395826
2018 287 195 16.0998016357422 417.974742017746
2018 288 196 17.0583435058594 438.456210955858
2018 289 197 16.8887954711914 433.237979079485
2018 290 198 15.8713356018067 411.337406650901
2018 291 199 15.2578788757324 414.393601560831
2018 292 200 16.0456329345703 411.048252295017
2018 293 201 17.3192726135254 407.911969103455
2018 294 202 16.0888458251953 389.703752235651
2018 295 203 14.3036781311035 363.572546318889
2018 296 204 13.6790672302246 350.858382924914
2018 297 205 13.7592903137207 346.979183267951
2018 298 206 15.8752647399903 351.899365772605
2018 299 207 16.4847923278809 364.613522047341
2018 300 208 16.7723976135254 348.433894164681
2018 301 209 16.8131271362305 302.871089676082
2018 302 210 15.3949638366699 301.563211117804
2018 303 211 15.3141151428223 357.073107575297
2018 304 212 15.2107406616211 361.277065088272
2018 305 213 17.5338874816895 327.405252535343
2018 306 214 17.7791038513184 343.433641901016
2018 307 215 17.4063163757324 341.827684486031
2018 308 216 16.3900924682617 329.309252990335
2018 309 217 15.1741386413574 341.124811940938
2018 310 218 14.7060409545899 343.669419924676
2018 311 219 15.0728317260742 338.856005803496
2018 312 220 14.8939834594727 343.100000605807
2018 313 221 14.3200241088867 344.910584289133
2018 314 222 11.865365600586 339.229696153685
2018 315 223 11.5326934814453 335.074685688376
2018 316 224 12.2478729248047 329.78970550254
2018 317 225 12.1004539489746 251.649663635597
2018 318 226 11.379281616211 272.433627287649
2018 319 227 10.5549293518067 299.850493852194
2018 320 228 10.5146156311035 309.535137803487
2018 321 229 11.6182914733887 300.895908595093
2018 322 230 10.3028923034668 281.789078061983
2018 323 231 10.7288185119629 259.670529127482
2018 324 232 10.9347473144531 262.722286460202
2018 325 233 13.3064819335938 138.939375452757
2018 326 234 13.0399681091309 196.887124362945
2018 327 235 13.6707969665528 119.952655503988
2018 328 236 15.0902000427246 118.51129903841
2018 329 237 11.9544845581055 241.279927826881
2018 330 238 12.1467681884766 241.658055651903
2018 331 239 12.8849006652832 167.197018363953
2018 332 240 14.6026626586914 107.327460160971
2018 333 241 13.7388206481934 139.59776929605
2018 334 242 12.2127243041992 222.413317871809
2018 335 243 11.1181465148926 119.525581088066
2018 336 244 8.79499588012698 261.143018963575
2018 337 245 8.96329650878909 264.199227607965
2018 338 246 10.8989768981934 142.63617719841
2018 339 247 10.9516998291016 105.018622483134
2018 340 248 11.6085754394531 196.491196929932
2018 341 249 10.723649597168 245.893148681402
2018 342 250 10.3543716430664 216.91037467432
2018 343 251 9.37164840698244 168.522706736565
2018 344 252 9.42973861694338 130.393562039494
2018 345 253 9.02407989501955 221.003105491042
2018 346 254 11.357984161377 214.316829077482
2018 347 255 10.2937942504883 252.196845918894
2018 348 256 11.3534332275391 176.774906504631
2018 349 257 12.2565628051758 160.519636462212
2018 350 258 12.5766235351563 156.595952275753
2018 351 259 12.2069412231446 166.044826712608
2018 352 260 10.8787170410156 202.08311573863
2018 353 261 11.9658561706543 157.78818201971
2018 354 262 10.3944831848145 150.447953663587
2018 355 263 11.5471702575684 134.695384887338
2018 356 264 10.8487335205078 179.07038660121
2018 357 265 10.5505882263184 199.249338310003
2018 358 266 11.5099464416504 130.749454530001
2018 359 267 10.9775444030762 179.675404364288
2018 360 268 9.95760116577151 251.61852208662
2018 361 269 10.3798042297364 252.659502414226
2018 362 270 10.1513343811035 259.052175514936
2018 363 271 8.01199493408205 251.498414108992
2018 364 272 8.52311096191409 246.716139189958
2018 365 273 9.35965118408205 258.082370182514
2019 1 274 7.88688049316409 267.697907879829
2019 2 275 6.68943939208987 260.409188284397
2019 3 276 6.49592361450198 261.287941708088
2019 4 277 6.97040328979494 239.024757236004
2019 5 278 10.4770790100098 148.379570971012
2019 6 279 9.31995544433596 83.5482627315521
2019 7 280 11.5134788513184 100.882410508513
2019 8 281 12.276742553711 122.980543440104
2019 9 282 13.800870513916 106.315498605013
2019 10 283 10.5047546386719 175.861739312649
2019 11 284 10.778695678711 200.078685731411
2019 12 285 12.1171127319336 178.243734158039
2019 13 286 11.0700813293457 248.164665799618
2019 14 287 11.1687561035156 136.313472980499
2019 15 288 10.7173324584961 71.1253122243881
2019 16 289 12.9672103881836 62.0612379139662
2019 17 290 14.0112319946289 116.543807987034
2019 18 291 12.1873069763184 178.078685767651
2019 19 292 13.417626953125 208.313071527004
2019 20 293 14.2139793395996 164.665467094898
2019 21 294 9.86803207397463 244.814704023361
2019 22 295 9.87745819091799 288.903912417889
2019 23 296 9.21607360839846 300.938796643257
2019 24 297 10.5992065429688 304.226300144196
2019 25 298 10.8751541137696 310.743329076767
2019 26 299 11.1332565307617 287.565724930763
2019 27 300 11.9669052124024 273.474478563309
2019 28 301 12.4935241699219 250.452984572411
2019 29 302 12.9884658813477 239.676014074326
2019 30 303 11.9366279602051 266.886075800896
2019 31 304 12.5548950195313 235.438376263618
2019 32 305 12.4841056823731 201.6666851511
2019 33 306 12.3750091552735 212.639923096895
2019 34 307 11.6544624328614 220.77617655468
2019 35 308 9.8892875671387 210.342681461334
2019 36 309 6.00719985961916 280.950555848122
2019 37 310 6.59098205566409 321.283894491196
2019 38 311 7.39174041748049 280.143167181969
2019 39 312 8.86030731201174 251.54584436512
2019 40 313 8.38162002563479 181.473250013351
2019 41 314 7.74348983764651 309.164262348175
2019 42 315 7.12702713012698 364.837831418991
2019 43 316 6.8538871765137 284.059628302574
2019 44 317 10.6072326660156 70.3580760626793
2019 45 318 13.7782035827637 129.939187171459
2019 46 319 9.65907058715823 215.521509298325
2019 47 320 8.30741653442385 309.846742527962
2019 48 321 7.7242370605469 353.431909349441
2019 49 322 7.37429199218752 385.151698481372
2019 50 323 7.54896316528323 419.779841511162
2019 51 324 9.3560501098633 337.877570885094
2019 52 325 8.23562393188479 389.83985538179
2019 53 326 8.06496200561526 426.805384077802
2019 54 327 7.57784423828127 424.668740072228
2019 55 328 9.67130050659182 390.709685726143
2019 56 329 10.3318916320801 296.522740500677
2019 57 330 12.0850311279297 155.2891451471
2019 58 331 12.9489723205567 185.416480631854
2019 59 332 10.6266838073731 324.758746672213
2019 60 333 9.87084732055666 351.741315310031
2019 61 334 12.2731414794922 152.82685839726
2019 62 335 12.9523712158203 148.531237776339
2019 63 336 11.2138687133789 305.872295431286
2019 64 337 11.1003623962403 181.678444954485
2019 65 338 12.6060348510742 178.506907924503
2019 66 339 10.5996147155762 292.989884242296
2019 67 340 8.78571090698244 370.114787246644
2019 68 341 8.56270370483401 280.152089036703
2019 69 342 9.1869941711426 336.38324592948
2019 70 343 8.98785934448244 444.251058299303
2019 71 344 11.4428840637207 488.496396757603
2019 72 345 10.1385665893555 510.317979031324
2019 73 346 10.9605880737305 529.195514812231
2019 74 347 11.1765724182129 512.699965812445
2019 75 348 12.6828437805176 514.890138890982
2019 76 349 13.1499114990235 525.314721705914
2019 77 350 15.0933586120606 518.284714225054
2019 78 351 14.4089065551758 444.697113486767
2019 79 352 13.390756225586 289.238470504045
2019 80 353 10.8899971008301 461.081150768757
2019 81 354 11.1039749145508 305.568965821266
2019 82 355 13.0345970153809 316.109517501235
2019 83 356 10.7464157104492 499.036950075626
2019 84 357 12.7536369323731 365.591668544054
2019 85 358 13.1613327026367 349.332555624962
2019 86 359 14.3425308227539 349.992735074043
2019 87 360 12.2767463684082 440.205230159044
2019 88 361 11.3817306518555 526.197949287415
2019 89 362 12.188306427002 578.998832842827
2019 90 363 13.4824081420899 589.338663455963
2019 91 364 14.8579193115235 476.867446716309
2019 92 365 13.3069282531739 329.897426981926
2019 93 366 13.2393508911133 357.129803803682
2019 94 367 12.8695503234864 277.020706527233
2019 95 368 13.1442886352539 241.72792171526
2019 96 369 14.1825004577637 373.107900601387
2019 97 370 15.1705680847168 468.717799262047
2019 98 371 16.3587776184082 452.235639470577
2019 99 372 14.9571929931641 503.207676117897
2019 100 373 13.7232604980469 640.618463392258
2019 101 374 13.58046875 575.943274884224
2019 102 375 12.8683448791504 547.91246502018
2019 103 376 14.4159255981446 635.591286169052
2019 104 377 13.7505279541016 620.581168650627
2019 105 378 12.0292755126953 590.703622807503
2019 106 379 11.9029365539551 424.68657296896
2019 107 380 13.503263092041 561.539791069984
2019 108 381 15.5883003234864 643.178892308235
2019 109 382 16.9794593811035 607.685365638733
2019 110 383 13.7733932495117 556.097764108181
2019 111 384 12.5972152709961 662.542637041092
2019 112 385 15.3606887817383 670.915299866676
2019 113 386 18.8499160766602 668.140761557579
2019 114 387 20.7360130310059 657.957091501236
2019 115 388 17.9101768493653 654.81676798439
2019 116 389 15.4551406860352 672.762016693115
2019 117 390 15.7090202331543 629.41772457695
2019 118 391 13.562818145752 621.883662166596
2019 119 392 13.9633041381836 643.482214704513
2019 120 393 14.2386451721192 652.729186532974
2019 121 394 13.4842086791992 688.445729581833
2019 122 395 15.6185813903809 712.038191026688
2019 123 396 15.0237670898438 697.242172821045
2019 124 397 14.3098426818848 678.502893909454
2019 125 398 12.9445549011231 644.668742001534
2019 126 399 12.9481597900391 580.323649266243
2019 127 400 13.547982788086 580.247812870979
2019 128 401 13.9793487548828 631.768509689331
2019 129 402 13.769376373291 568.601024160385
2019 130 403 14.6888633728028 598.126172492027
2019 131 404 15.4066024780274 642.121732030869
2019 132 405 14.5745597839356 656.984653436661
2019 133 406 14.5071769714356 677.079950556567
2019 134 407 14.1740776062012 528.481801307114
2019 135 408 14.8420806884766 305.412829573443
2019 136 409 13.4376846313477 490.552771112254
2019 137 410 12.9194847106934 479.142373953644
2019 138 411 11.6434379577637 391.418925713316
2019 139 412 11.3843360900879 394.652911775025
2019 140 413 12.4766899108887 555.098593102682
2019 141 414 13.7992568969727 487.55072826574
2019 142 415 13.7940460205078 540.075063037597
2019 143 416 15.8052879333496 660.593327461369
2019 144 417 15.7715927124024 629.346355897531
2019 145 418 14.3242774963379 651.89058567673
2019 146 419 13.065877532959 547.84555882743
2019 147 420 12.5591064453125 538.500449873
2019 148 421 14.3824401855469 557.873134888709
2019 149 422 15.2237106323242 671.138351590216
2019 150 423 14.7508293151856 680.737698013142
2019 151 424 14.9942909240723 681.826106108293
2019 152 425 16.7111335754395 688.539393180013
2019 153 426 16.1955390930176 618.935190106347
2019 154 427 16.279370880127 682.508581074655
2019 155 428 18.2486854553223 722.614426597476
2019 156 429 20.4145370483399 739.475734848142
2019 157 430 17.1785942077637 738.133078054368
2019 158 431 14.721150970459 764.192286388904
2019 159 432 19.4393058776856 781.240947131276
2019 160 433 23.0049453735352 752.362599750757
2019 161 434 26.0694290161133 705.588067971855
2019 162 435 26.6778694152832 739.167932718366
2019 163 436 25.7515731811524 737.334603399187
2019 164 437 18.8479133605957 697.755126987517
2019 165 438 16.120736694336 690.800954830885
2019 166 439 15.0161529541016 659.415706638694
2019 167 440 14.7618690490723 602.997201443851
2019 168 441 16.6371322631836 717.609540150642
2019 169 442 19.0376220703125 736.531698813677
2019 170 443 17.7870384216309 688.44125384897
2019 171 444 17.1288696289063 734.368254569113
2019 172 445 16.5358634948731 748.98588293165
2019 173 446 18.8376785278321 767.778670542896
2019 174 447 20.6427627563477 759.138343506992
2019 175 448 19.6522804260254 713.764465712309
2019 176 449 18.3373275756836 724.74214870894
2019 177 450 16.8348670959473 734.131865424991
2019 178 451 16.4091201782227 751.581983390033
2019 179 452 16.5972229003906 674.22958184725
2019 180 453 16.6722274780274 714.567373857438
2019 181 454 17.4226509094239 732.539413835227
2019 182 455 16.7771125793457 760.454233287513
2019 183 456 17.0005203247071 748.490740847588
2019 184 457 16.3682113647461 738.73972656405
2019 185 458 16.7355972290039 745.09171151638
2019 186 459 17.277661895752 743.896265451729
2019 187 460 17.7587600708008 750.725532839119
2019 188 461 16.6092582702637 696.12252528739
2019 189 462 15.9945999145508 689.422599907815
2019 190 463 15.9875808715821 670.281884028733
2019 191 464 17.8748832702637 671.03575920707
2019 192 465 18.4175506591797 698.879221399069
2019 193 466 17.6801544189453 710.757969197452
2019 194 467 18.3866592407227 741.407185353756
2019 195 468 18.6672264099121 741.326912034929
2019 196 469 19.8606430053711 738.507770689368
2019 197 470 18.9714447021485 706.221466704726
2019 198 471 17.9757553100586 680.412052126646
2019 199 472 19.439714050293 666.923009659052
2019 200 473 18.0974822998047 682.419348918855
2019 201 474 18.2049766540528 649.981407865882
2019 202 475 18.044938659668 689.119291214496
2019 203 476 19.5161186218262 699.588477695912
2019 204 477 19.5233360290528 700.342316018015
2019 205 478 19.646875 715.142810303032
2019 206 479 21.895150756836 634.788374590307
2019 207 480 19.5307479858399 644.057629272625
2019 208 481 19.0414329528809 707.100232839093
2019 209 482 22.1157432556153 719.197549823925
2019 210 483 19.2000595092774 715.08034503448
2019 211 484 17.1812072753906 700.569809358776
2019 212 485 17.5674453735352 681.464783843979
2019 213 486 18.1381927490235 661.623737586424
2019 214 487 17.9964080810547 636.55480526124
2019 215 488 19.024186706543 681.736883339807
2019 216 489 19.7246795654297 653.875573996849
2019 217 490 18.5519081115723 609.023575530984
2019 218 491 19.2096839904785 606.70402891995
2019 219 492 18.3375297546387 660.834214302465
2019 220 493 17.4643760681153 669.305008089656
2019 221 494 18.0242820739746 608.479365057193
2019 222 495 19.9240203857422 584.650486083796
2019 223 496 18.9632164001465 609.24659924221
2019 224 497 20.7211700439453 678.498434368133
2019 225 498 20.5930229187012 681.888549656868
2019 226 499 22.8589530944824 679.14523720932
2019 227 500 24.1203666687012 675.028033223152
2019 228 501 23.4202667236328 673.58725662899
2019 229 502 19.4343009948731 648.986672724724
2019 230 503 17.9615112304688 598.371509762764
2019 231 504 17.9759574890137 548.175635416031
2019 232 505 18.0317054748535 578.227145708084
2019 233 506 18.8643547058106 634.529648205757
2019 234 507 21.794881439209 620.367058249473
2019 235 508 20.5294548034668 603.528030820846
2019 236 509 19.6966033935547 581.041819889069
2019 237 510 20.1911369323731 623.774995574951
2019 238 511 21.026197052002 612.181734464645
2019 239 512 20.8653694152832 609.777418727875
2019 240 513 19.6705375671387 538.741337651253
2019 241 514 19.5169158935547 539.736055277824
2019 242 515 19.2694526672364 603.898270529747
2019 243 516 19.6237998962403 598.657000041962
2019 244 517 22.1311889648438 615.478146967888
2019 245 518 21.5125137329102 599.513441646576
2019 246 519 18.8081985473633 595.195514955521
2019 247 520 19.2401672363281 547.270124744415
2019 248 521 19.022176361084 552.796895591736
2019 249 522 18.3856636047364 536.247812943459
2019 250 523 17.6043487548828 524.016673114777
2019 251 524 17.4148307800293 577.259161136627
2019 252 525 18.3782440185547 586.421388575554
2019 253 526 17.8137145996094 577.401921396732
2019 254 527 18.4911437988281 562.427462568283
2019 255 528 21.607568359375 569.684966382503
2019 256 529 24.0473609924317 566.361761854172
2019 257 530 22.8559471130371 571.870696552277
2019 258 531 18.8455062866211 531.515054658413
2019 259 532 18.4933525085449 401.285914390326
2019 260 533 17.1834083557129 542.100200365543
2019 261 534 18.1937423706055 374.352428648472
2019 262 535 17.4667755126953 444.193065865517
2019 263 536 18.6068588256836 531.871905663013
2019 264 537 20.4019065856934 534.347563980579
2019 265 538 20.0202766418457 512.619668111801
2019 266 539 19.136491394043 503.693873477459
2019 267 540 22.6584106445313 518.284717501164
2019 268 541 24.7887664794922 494.959883473396
2019 269 542 23.3218055725098 488.121695491314
2019 270 543 19.3464599609375 388.608711561918
2019 271 544 15.2423645019531 478.477735274315
2019 272 545 13.5943084716797 507.547900011539
2019 273 546 13.9191833496094 472.973274230003
2019 274 547 13.7334838867188 499.24660395956
2019 275 548 14.5328498840332 496.574669878006
2019 276 549 14.9395462036133 487.751474431038
2019 277 550 14.6521659851074 489.468809117317
2019 278 551 15.9671226501465 479.749036445856
2019 279 552 18.6301170349121 470.194282427788
2019 280 553 20.5208297729492 446.423397244692
2019 281 554 19.8048988342285 458.449345250845
2019 282 555 16.3317047119141 447.632238880873
2019 283 556 16.4458137512207 473.446116402388
2019 284 557 16.0623794555664 454.956652951479
2019 285 558 16.6617980957031 454.782668845892
2019 286 559 16.4630676269531 445.517870696545
2019 287 560 14.2765518188477 433.121679453373
2019 288 561 14.1794906616211 429.557617860317
2019 289 562 14.2797599792481 359.311061705708
2019 290 563 15.4725852966309 358.780239195943
2019 291 564 14.5143905639649 410.978948462486
2019 292 565 14.0892463684082 383.688602895737
2019 293 566 14.8033767700196 344.474889105558
2019 294 567 16.8763786315918 397.257947222114
2019 295 568 19.3364234924317 402.24497685504
2019 296 569 19.7441268920899 390.040585705996
2019 297 570 21.9063774108887 389.536539470792
2019 298 571 21.5804916381836 390.334985743523
2019 299 572 18.923715209961 387.578306012392
2019 300 573 15.7988677978516 395.31755142498
2019 301 574 14.8310562133789 393.444076720595
2019 302 575 12.7067047119141 377.961095924079
2019 303 576 13.6729179382324 378.143994954169
2019 304 577 13.3851448059082 374.976919796586
2019 305 578 12.8352523803711 373.38446990788
2019 306 579 13.5477882385254 366.131425823986
2019 307 580 14.1578269958496 358.347555166692
2019 308 581 14.4927421569824 350.24252797997
2019 309 582 13.7780052185059 344.84511599353
2019 310 583 13.7589584350586 329.62978976801
2019 311 584 12.6836486816406 324.169930909634
2019 312 585 12.9964920043946 318.714534726933
2019 313 586 12.7716842651367 315.507316782981
2019 314 587 12.7564445495606 315.449330995917
2019 315 588 14.2256179809571 312.309032490909
2019 316 589 15.9568992614746 274.580726162538
2019 317 590 14.0186515808106 240.907158528157
2019 318 591 13.6951843261719 208.429049354091
2019 319 592 13.25478515625 224.251036406204
2019 320 593 13.7445083618164 276.213323074505
2019 321 594 14.4385887145996 294.488662651652
2019 322 595 15.0173583984375 297.035709067069
2019 323 596 14.6008277893067 279.09491726342
2019 324 597 12.5374465942383 267.242920873454
2019 325 598 12.6224800109864 289.425812181046
2019 326 599 11.5349403381348 271.507322116137
2019 327 600 12.1820922851563 274.116815562963
2019 328 601 12.1080947875977 279.045849359989
2019 329 602 11.0149322509766 286.446082689285
2019 330 603 9.82752380371096 248.525974077463
2019 331 604 8.15841064453127 165.298881294787
2019 332 605 6.22879562377932 206.082747960091
2019 333 606 6.57012329101565 251.768877125025
2019 334 607 7.16192016601565 123.350781888962
2019 335 608 10.6886497497559 27.5669118491411
2019 336 609 12.4289566040039 38.1297676146775
2019 337 610 12.5743461608887 141.675195941448
2019 338 611 12.4696670532227 124.99676605618
2019 339 612 12.3607727050781 124.113552965164
2019 340 613 13.6993919372559 164.07219305104
2019 341 614 15.0799270629883 186.237236680031
2019 342 615 13.3666969299317 161.690199780703
2019 343 616 11.0335861206055 161.837405721664
2019 344 617 11.1384674072266 183.864167973518
2019 345 618 12.1656433105469 139.047863069296
2019 346 619 14.5629287719727 101.560432785034
2019 347 620 13.9757362365723 86.394169704318
2019 348 621 12.4093032836914 162.809825515628
2019 349 622 9.37349472045901 240.456628103971
2019 350 623 8.37159118652346 235.844307423592
2019 351 624 8.59559783935549 197.277382614136
2019 352 625 10.5123840332031 169.554356199741
2019 353 626 11.0995613098145 169.585583195329
2019 354 627 10.8444686889649 188.360520418882
2019 355 628 10.6006179809571 180.750630181551
2019 356 629 11.7429023742676 138.793603061795
2019 357 630 8.03267440795901 143.43269623661
2019 358 631 7.73587570190432 193.601805523157
2019 359 632 8.3958564758301 172.427022184491
2019 360 633 9.43205413818362 200.395397777021
2019 361 634 8.22218856811526 254.909184765339
2019 362 635 7.75010833740237 241.817129174232
2019 363 636 9.47497329711916 189.814694285631
2019 364 637 9.7529235839844 187.802939905167
2019 365 638 8.8797660827637 245.019884757519
2020 1 639 10.5991035461426 218.47728784974
2020 2 640 10.9913879394531 226.674193438367
2020 3 641 10.198876953125 227.155323412255
2020 4 642 10.8495956420899 170.587789688424
2020 5 643 9.14083251953127 216.325612336234
2020 6 644 9.29701004028323 259.742452389554
2020 7 645 8.0230651855469 244.39108117278
2020 8 646 9.38960418701174 203.183839260415
2020 9 647 9.92045364379885 177.66207177575
2020 10 648 7.98225173950198 228.51850056012
2020 11 649 10.002515411377 234.710721360997
2020 12 650 8.1689392089844 216.793373514489
2020 13 651 8.74490127563479 235.258674900368
2020 14 652 9.82893142700198 228.032920369223
2020 15 653 6.90444335937502 226.629641874627
2020 16 654 8.90860137939455 140.869569124059
2020 17 655 6.5690856933594 179.323726205663
2020 18 656 7.52766571044924 235.009199651078
2020 19 657 8.11802062988284 205.224156529263
2020 20 658 8.2853713989258 140.22362008746
2020 21 659 10.2813697814942 167.433763464764
2020 22 660 11.8195587158203 155.093865866498
2020 23 661 10.6738716125489 149.124385243729
2020 24 662 10.6766563415528 188.420504533128
2020 25 663 12.6400009155274 203.402124433354
2020 26 664 13.8724876403809 195.05821224244
2020 27 665 10.6122108459473 266.38907565339
2020 28 666 11.0485321044922 188.153211783246
2020 29 667 10.2517181396485 235.129477230386
2020 30 668 11.1336036682129 219.836014528588
2020 31 669 11.6113906860352 261.087812036828
2020 32 670 11.5299736022949 288.529616690949
2020 33 671 11.4191146850586 306.161864871339
2020 34 672 7.56805572509768 353.213850285844
2020 35 673 7.67740402221682 356.929193552331
2020 36 674 7.75044784545901 340.816049212769
2020 37 675 9.53096542358401 341.172432489709
2020 38 676 9.95396957397463 341.876294073418
2020 39 677 10.2916885375977 355.775378966645
2020 40 678 11.1892486572266 374.708436238602
2020 41 679 11.7890525817871 377.229871384934
2020 42 680 13.4164024353028 378.405960492448
2020 43 681 12.3948799133301 376.958135726289
2020 44 682 10.7615180969239 352.35851550229
2020 45 683 10.0755630493164 322.800676636056
2020 46 684 10.6379867553711 346.393501981095
2020 47 685 11.528466796875 350.910694768266
2020 48 686 11.3338256835938 390.006357473687
2020 49 687 12.4986396789551 410.231321219609
2020 50 688 10.7537818908692 412.258273472951
2020 51 689 10.870866394043 391.008708269807
2020 52 690 13.3143516540528 392.224865374279
2020 53 691 14.7489906311035 383.983413600717
2020 54 692 10.443994140625 395.864454569571
2020 55 693 11.412671661377 424.517979304191
2020 56 694 13.6138282775879 435.089313271482
2020 57 695 14.5715461730957 437.628565753025
2020 58 696 15.1543823242188 438.69327451789
2020 59 697 15.708642578125 393.169300938484
2020 60 698 13.2108055114746 405.077067587268
2020 61 699 9.87748489379885 293.006722686183
2020 62 700 12.3899360656739 390.683493768599
2020 63 701 14.9384780883789 466.714192231711
2020 64 702 14.2821670532227 467.63188870835
2020 65 703 13.8286567687989 391.966477452811
2020 66 704 12.5188308715821 343.582491704848
2020 67 705 10.6884742736817 250.017541377601
2020 68 706 9.08626327514651 268.843690621909
2020 69 707 11.4878593444824 360.662335404333
2020 70 708 14.0954795837403 409.598729035315
2020 71 709 15.0613571166992 409.104250237462
2020 72 710 13.9687286376953 472.389658956882
2020 73 711 12.9433418273926 485.705181266424
2020 74 712 11.3162132263184 349.039680722829
2020 75 713 9.89230880737307 259.960740005132
2020 76 714 7.81124649047854 244.698466497656
2020 77 715 7.7375541687012 412.28945809519
2020 78 716 8.88261184692385 357.307850391623
2020 79 717 9.99779281616213 390.728042906758
2020 80 718 10.5524879455567 459.163243428942
2020 81 719 11.6277137756348 489.148765815493
2020 82 720 12.59853515625 446.449142281052
2020 83 721 11.7237487792969 430.607737128254
2020 84 722 10.4242378234864 382.646960900303
2020 85 723 9.13052139282229 453.028934167143
2020 86 724 8.09503707885744 534.276267875668
2020 87 725 9.61174163818362 518.996183293816
2020 88 726 10.4386306762696 318.221109288928
2020 89 727 11.6191192626953 399.063046095368
2020 90 728 12.4324661254883 489.563054331299
2020 91 729 12.7396751403809 471.525432181593
2020 92 730 11.9445892333985 555.263003903862
2020 93 731 11.0837646484375 619.501769238946
2020 94 732 10.7963195800781 607.540523391244
2020 95 733 10.3058601379395 413.247238718983
2020 96 734 11.648770904541 249.229040176865
2020 97 735 8.95629653930666 281.02320998716
2020 98 736 8.51975402832034 460.686801518914
2020 99 737 11.8131118774414 534.561364517685
2020 100 738 12.0932556152344 357.980531727311
2020 101 739 13.6114631652832 442.515518377778
2020 102 740 12.2043205261231 471.690267120835
2020 103 741 12.4827438354492 463.898748353955
2020 104 742 13.1177841186524 555.677312832352
2020 105 743 14.8173156738281 658.477131180283
2020 106 744 15.8976989746094 656.548182992455
2020 107 745 14.2413497924805 584.250628317353
2020 108 746 12.8213134765625 424.549154890057
2020 109 747 12.8511787414551 477.227617282387
2020 110 748 12.8391548156739 565.763052409646
2020 111 749 12.9119735717774 531.269247246262
2020 112 750 12.2532974243164 583.003284327981
2020 113 751 14.1848426818848 654.699431953904
2020 114 752 16.5993324279785 636.492514819619
2020 115 753 17.2066589355469 655.599317797181
2020 116 754 18.169751739502 636.822177137848
2020 117 755 16.6798950195313 626.304299539086
2020 118 756 15.2037902832031 652.503187488076
2020 119 757 17.4496322631836 642.1635020318
2020 120 758 15.5647064208985 561.557705952164
2020 121 759 15.0905738830567 606.368903905388
2020 122 760 14.3165412902832 681.121082257744
2020 123 761 15.0690971374512 567.3133276782
2020 124 762 15.3268867492676 668.420332768914
2020 125 763 14.6843315124512 723.482120107171
2020 126 764 15.2815605163574 694.721701461312
2020 127 765 15.8903900146485 704.5134328742
2020 128 766 19.0361648559571 727.344467959878
2020 129 767 19.6054664611817 702.196914861199
2020 130 768 17.0382362365723 683.629150876519
2020 131 769 14.4001098632813 643.620269065377
2020 132 770 15.0673728942871 667.422455964562
2020 133 771 15.3457962036133 536.200756354657
2020 134 772 13.9728141784668 546.61617706763
2020 135 773 15.2033630371094 425.894528651111
2020 136 774 15.9629989624024 578.245508158557
2020 137 775 16.1918045043946 632.385136813078
2020 138 776 17.4657531738281 524.662728441194
2020 139 777 15.2317214965821 574.133678673659
2020 140 778 14.0604606628418 627.578382298384
2020 141 779 14.2615447998047 662.250386664428
2020 142 780 15.6248680114746 728.58736552155
2020 143 781 15.5039115905762 734.766226685725
2020 144 782 16.3325057983399 754.456618377097
2020 145 783 17.0726028442383 744.027825083934
2020 146 784 21.0366645812989 731.451827836238
2020 147 785 21.9239212036133 725.62044262413
2020 148 786 23.090665435791 730.338127276458
2020 149 787 19.3476768493653 702.611218766578
2020 150 788 17.0912948608399 629.110852339946
2020 151 789 17.8326812744141 552.523287129768
2020 152 790 16.2332588195801 469.048537606441
2020 153 791 16.2096305847168 579.577503814109
2020 154 792 19.3859077453614 723.477662598975
2020 155 793 22.9813247680664 735.643830966689
2020 156 794 21.9935241699219 746.25972740496
2020 157 795 17.6807991027832 705.845431901671
2020 158 796 14.6516777038574 723.241577062018
2020 159 797 14.5191246032715 765.304140842505
2020 160 798 15.9135948181153 770.992954470076
2020 161 799 17.9031425476074 764.457728512206
2020 162 800 20.0144973754883 729.246668713667
2020 163 801 19.4911781311035 711.632273441054
2020 164 802 16.7299552917481 645.611575970747
2020 165 803 15.1926208496094 703.85858395616
2020 166 804 16.5913864135742 662.566672752776
2020 167 805 17.5351348876953 687.117295165159
2020 168 806 15.982553100586 703.48881701509
2020 169 807 17.5740142822266 771.558737606444
2020 170 808 20.1973205566406 773.910888289549
2020 171 809 19.4250122070313 743.065595770933
2020 172 810 17.3106399536133 700.548627196409
2020 173 811 17.9491172790528 734.752868931212
2020 174 812 17.7128005981446 663.119064475753
2020 175 813 18.4002624511719 646.94357765875
2020 176 814 17.6563049316406 678.956032767989
2020 177 815 17.58583984375 714.777366343595
2020 178 816 17.5005508422852 656.383364167311
2020 179 817 18.1299987792969 660.624354320266
2020 180 818 16.068490600586 729.594162140943
2020 181 819 16.812875366211 758.43032173387
2020 182 820 18.899747467041 756.911235029616
2020 183 821 17.9364448547364 738.5350243598
2020 184 822 16.6044860839844 722.185751137831
2020 185 823 16.0379844665528 713.057810643949
2020 186 824 17.6923919677735 756.568189740278
2020 187 825 20.260701751709 761.660080714323
2020 188 826 17.8951965332031 760.684482148923
2020 189 827 15.8708435058594 760.711205060698
2020 190 828 17.9757591247559 744.495598500349
2020 191 829 17.9151779174805 745.809784199812
2020 192 830 19.2097488403321 728.279990553953
2020 193 831 19.7115837097168 724.333009510435
2020 194 832 20.3567291259766 753.859653449156
2020 195 833 19.061727142334 734.066822012999
2020 196 834 16.7346778869629 695.541391526915
2020 197 835 17.2489906311035 670.14435612271
2020 198 836 17.6051765441895 650.538615089484
2020 199 837 17.5680099487305 628.277795811095
2020 200 838 18.1160369873047 639.762360610374
2020 201 839 18.327653503418 649.861476480551
2020 202 840 17.0642333984375 624.495641737052
2020 203 841 16.2371307373047 552.193632560797
2020 204 842 16.511247253418 570.271366799094
2020 205 843 17.0506912231446 636.260874067046
2020 206 844 17.2966781616211 698.89587786267
2020 207 845 17.3851829528809 655.648311278709
2020 208 846 18.6709495544434 659.19881918069
2020 209 847 18.0047508239746 644.885433769755
2020 210 848 17.3832565307617 662.936425203361
2020 211 849 17.5059257507324 636.635066937812
2020 212 850 17.1155792236328 636.56379525014
2020 213 851 17.0719657897949 668.277786055766
2020 214 852 17.6530853271485 693.024395745479
2020 215 853 18.2982192993164 703.987760756694
2020 216 854 19.6774307250977 703.337365952611
2020 217 855 18.5759902954102 680.328113854364
2020 218 856 16.6775337219239 614.316333407317
2020 219 857 16.3769851684571 618.183134418443
2020 220 858 17.7166725158692 641.45966094674
2020 221 859 19.4686180114746 653.55006817521
2020 222 860 19.8033271789551 642.680288008061
2020 223 861 19.771745300293 616.24973441362
2020 224 862 18.2361312866211 620.392731967446
2020 225 863 18.3274360656739 610.110977202889
2020 226 864 20.8824211120606 637.343390061852
2020 227 865 25.6557518005371 597.904708590981
2020 228 866 26.7348419189453 635.868832240578
2020 229 867 26.180795288086 537.719857842919
2020 230 868 25.2391906738281 518.666518959519
2020 231 869 24.6726852416992 598.724408373353
2020 232 870 24.9687248229981 633.253837449547
2020 233 871 20.86416015625 655.314186377999
2020 234 872 19.3988014221192 633.832971992966
2020 235 873 20.276383972168 600.635527468201
2020 236 874 21.279859161377 564.119223544594
2020 237 875 21.4111228942871 599.428261892792
2020 238 876 19.6031051635742 580.334834515092
2020 239 877 18.2185150146485 603.834104247567
2020 240 878 16.2614074707031 613.354076817032
2020 241 879 17.8808036804199 610.271336220261
2020 242 880 18.1261306762696 590.67896640825
2020 243 881 17.3637023925781 589.070780608651
2020 244 882 17.795728302002 579.105296433922
2020 245 883 17.1082702636719 530.756952396866
2020 246 884 17.1467262268067 521.321601740834
2020 247 885 17.2635894775391 572.409676681515
2020 248 886 17.2562843322754 582.678062902447
2020 249 887 21.1711517333985 591.137813292023
2020 250 888 27.5333724975586 583.266111992356
2020 251 889 29.0784393310547 582.392969284531
2020 252 890 24.2477432250977 582.308318642136
2020 253 891 19.5036369323731 529.451666627404
2020 254 892 16.6644302368164 555.485758194443
2020 255 893 15.9956604003906 572.610147377965
2020 256 894 17.5907836914063 565.72296945953
2020 257 895 17.7018447875977 545.952399944779
2020 258 896 16.4074836730957 526.881235496518
2020 259 897 17.4307304382324 539.270147223946
2020 260 898 18.7072578430176 474.354253864285
2020 261 899 19.5163055419922 429.8058765192
2020 262 900 18.9197288513184 402.323988914963
2020 263 901 18.6982322692871 455.719666314122
2020 264 902 20.237924194336 515.107111458298
2020 265 903 19.7446762084961 524.462258412835
2020 266 904 18.8129554748535 520.274719375607
2020 267 905 18.7233673095703 512.40748416948
2020 268 906 19.8082633972168 426.794396096465
2020 269 907 18.3669639587403 480.671204225537
2020 270 908 19.1689277648926 492.512169973847
2020 271 909 22.004052734375 477.891395915982
2020 272 910 25.4699226379395 496.846729221817
2020 273 911 21.4588104248047 466.999312247511
2020 274 912 20.3547912597656 481.856206871506
2020 275 913 23.8427940368653 485.228495587346
2020 276 914 23.8992935180664 485.27750291228
2020 277 915 21.9993263244629 485.246330476519
2020 278 916 20.4892784118653 480.225719585177
2020 279 917 19.8222290039063 477.129614476916
2020 280 918 18.2823196411133 449.442803439137
2020 281 919 17.2818504333496 416.784379258629
2020 282 920 15.8508583068848 339.475139957067
2020 283 921 15.6469856262207 387.360193823573
2020 284 922 17.1377006530762 338.570798982617
2020 285 923 17.5411582946778 349.984091038939
2020 286 924 19.0976081848145 434.621558180806
2020 287 925 19.9867912292481 434.073612957713
2020 288 926 22.0124336242676 424.611542351004
2020 289 927 24.1530090332031 422.678128069636
2020 290 928 24.6907249450684 421.127857715246
2020 291 929 23.8853355407715 420.949653224346
2020 292 930 21.3301254272461 414.267405165669
2020 293 931 18.9663406372071 395.721909276601
2020 294 932 18.2672859191895 399.348160251972
2020 295 933 19.4254356384278 397.766675124403
2020 296 934 18.1600814819336 392.331777859327
2020 297 935 15.7999473571778 384.428910172101
2020 298 936 14.6772399902344 345.60944367468
2020 299 937 14.6989379882813 328.476145992872
2020 300 938 16.3817077636719 383.952234195348
2020 301 939 16.1451812744141 382.744967233893
2020 302 940 15.8063941955567 378.900442425963
2020 303 941 15.6192756652832 375.969162428614
2020 304 942 14.3728309631348 363.740634604391
2020 305 943 14.8514724731446 359.129875935313
2020 306 944 16.2878318786621 360.337134139475
2020 307 945 17.5843330383301 353.797442403075
2020 308 946 15.5168014526367 340.891770394233
2020 309 947 14.2875381469727 331.117865050223
2020 310 948 16.7127586364746 333.015622657683
2020 311 949 15.6712699890137 332.169202562374
2020 312 950 10.8897682189942 310.83944390985
2020 313 951 11.2867828369141 322.54229542562
2020 314 952 8.44629058837893 326.132885442939
2020 315 953 8.79581222534182 320.533174612087
2020 316 954 12.2402015686035 237.486088787038
2020 317 955 10.4489418029785 244.203977643092
2020 318 956 10.7200523376465 251.661383158084
2020 319 957 11.3159957885742 204.734120999806
2020 320 958 10.4287467956543 285.647338140958
2020 321 959 13.4290710449219 276.064974497768
2020 322 960 15.0211807250977 217.501683889123
2020 323 961 14.6791778564453 186.041619536173
2020 324 962 11.7738014221192 228.237844056082
2020 325 963 10.739389038086 276.795573923276
2020 326 964 10.6382041931153 280.301525310115
2020 327 965 9.60680160522463 271.766057221249
2020 328 966 11.4923721313477 279.268005692319
2020 329 967 10.3868537902832 279.882771204785
2020 330 968 11.4975334167481 276.563916846112
2020 331 969 10.7215591430664 285.927987419442
2020 332 970 10.5155311584473 283.540190583781
2020 333 971 9.75331268310549 281.513247654752
2020 334 972 9.53697738647463 276.693111239985
2020 335 973 9.84311447143557 273.490081975535
2020 336 974 10.2770668029785 267.721068521098
2020 337 975 10.0108963012696 267.266679162577
2020 338 976 10.566236114502 255.425711902217
2020 339 977 10.5877166748047 255.621727341489
2020 340 978 10.7138229370117 260.660152961329
2020 341 979 9.67555007934573 225.792135680035
2020 342 980 11.9557662963867 258.994038486079
2020 343 981 13.3152099609375 263.800807869271
2020 344 982 11.9018455505371 263.324142224864
2020 345 983 11.487866973877 253.49676673849
2020 346 984 10.0188461303711 202.119131078318
2020 347 985 11.3454261779785 164.395569517568
2020 348 986 10.3909278869629 83.4600812567032
2020 349 987 9.50990829467776 179.697936181501
2020 350 988 8.52834854125979 230.206875948743
2020 351 989 8.76745758056643 207.848050998286
2020 352 990 11.3480010986328 212.191521138624
2020 353 991 9.12257156372073 235.200754540995
2020 354 992 7.97795257568362 249.291401128367
2020 355 993 8.01124725341799 239.945160908059
2020 356 994 8.33693847656252 243.976787112788
2020 357 995 8.89785919189455 228.808060523585
2020 358 996 8.33693847656252 256.895813458279
2020 359 997 7.92059478759768 193.289642476634
2020 360 998 10.3670860290528 160.448581480817
2020 361 999 12.0223594665528 181.707060349897
2020 362 1000 9.1208549499512 182.62921378477
2020 363 1001 9.9361396789551 184.010210701302
2020 364 1002 8.47742996215823 225.462483190135
2020 365 1003 8.19342575073244 218.659939533547
2020 366 1004 10.2246490478516 215.501462588862
2021 1 1005 9.56215820312502 244.727502047539
2021 2 1006 9.87314376831057 98.1622436499596
2021 3 1007 10.9191337585449 121.84901723671
2021 4 1008 11.7842384338379 102.374119898081
2021 5 1009 8.83634338378909 147.755866719246
2021 6 1010 7.89020309448244 172.677996253967
2021 7 1011 9.76968154907229 148.767427833796
2021 8 1012 9.52974853515627 169.576163497925
2021 9 1013 8.92680511474612 230.892313893795
2021 10 1014 8.76850662231448 224.236560364246
2021 11 1015 9.46630630493166 168.094614458561
2021 12 1016 10.2401519775391 242.811788838863
2021 13 1017 11.9505325317383 187.099539496899
2021 14 1018 13.9921012878418 203.611346065044
2021 15 1019 11.5883232116699 245.470515158176
2021 16 1020 13.2218566894531 262.152403733253
2021 17 1021 13.5182319641114 277.32142819643
2021 18 1022 14.8455863952637 287.423668782234
2021 19 1023 15.8683753967285 305.882526816368
2021 20 1024 12.1436363220215 303.635589341164
2021 21 1025 10.8332878112793 303.371514739037
2021 22 1026 9.99120864868166 224.787105558395
2021 23 1027 7.97305068969729 247.641348101139
2021 24 1028 8.06190261840823 251.253449054718
2021 25 1029 7.78994903564455 208.320053168774
2021 26 1030 6.27728042602541 285.190162348747
2021 27 1031 9.10890350341799 168.551161009312
2021 28 1032 9.6778274536133 113.747528342962
2021 29 1033 8.08151779174807 227.275743822575
2021 30 1034 8.72368392944338 225.494308773994
2021 31 1035 11.1302696228028 294.558352252007
2021 32 1036 11.9365249633789 275.454954916477
2021 33 1037 12.6437278747559 193.177886756897
2021 34 1038 9.6928421020508 300.198055136681
2021 35 1039 9.39166412353518 323.311904171944
2021 36 1040 9.61759719848635 344.254908167839
2021 37 1041 10.5233131408692 355.914786196709
2021 38 1042 11.6969848632813 361.764859677315
2021 39 1043 10.3738227844239 306.361447684288
2021 40 1044 11.3782058715821 254.865547488213
2021 41 1045 10.7290321350098 289.003671974182
2021 42 1046 10.7090240478516 295.731049325943
2021 43 1047 10.9905792236328 248.115799095392
2021 44 1048 11.8152519226074 276.260627405167
2021 45 1049 9.8259101867676 301.18724369812
2021 46 1050 11.9937568664551 116.876225450516
2021 47 1051 10.0758644104004 257.770445730209
2021 48 1052 9.66201934814455 388.347569581985
2021 49 1053 10.4876953125 374.310974052851
2021 50 1054 11.7942443847656 188.334901781504
2021 51 1055 11.2637420654297 270.522439337401
2021 52 1056 10.1717086791992 367.93719881586
2021 53 1057 12.0700012207031 418.045568205688
2021 54 1058 13.8566223144531 405.315933655374
2021 55 1059 13.4603935241699 447.519737250306
2021 56 1060 12.7465873718262 452.080737176165
2021 57 1061 10.9031272888184 444.229918587223
2021 58 1062 10.3240028381348 454.094932919875
2021 59 1063 11.3772026062012 458.136709914237
2021 60 1064 11.7682243347168 458.01586279586
2021 61 1065 11.6949821472168 461.896516258001
2021 62 1066 11.4526420593262 414.424512852848
2021 63 1067 9.77108154296877 411.492760465681
2021 64 1068 10.7450386047364 446.92892673856
2021 65 1069 11.1482711791992 470.848446183443
2021 66 1070 9.37005767822268 483.842144078195
2021 67 1071 9.9601875305176 455.576478793383
2021 68 1072 9.47731170654299 367.865601730168
2021 69 1073 8.52956924438479 356.698073594868
2021 70 1074 7.45836029052737 425.045954642296
2021 71 1075 9.14912567138674 496.746334119916
2021 72 1076 11.0912338256836 453.289258399367
2021 73 1077 9.28280029296877 366.527286915779
2021 74 1078 8.40950164794924 354.670466938615
2021 75 1079 7.99305877685549 483.43931318903
2021 76 1080 8.02408370971682 482.4411891644
2021 77 1081 10.7888656616211 271.668299940228
2021 78 1082 11.7522178649903 234.298526032507
2021 79 1083 9.73966369628909 457.572751035452
2021 80 1084 9.64100418090823 535.033692234516
2021 81 1085 11.1714836120606 546.277303229332
2021 82 1086 11.5448966979981 563.545548909664
2021 83 1087 13.9772926330567 576.678006493568
2021 84 1088 11.4012161254883 474.729092368841
2021 85 1089 11.7564178466797 532.222773987293
2021 86 1090 13.4173713684082 570.474322836876
2021 87 1091 14.3701072692871 560.685392749786
2021 88 1092 12.7704025268555 580.845108150482
2021 89 1093 13.8007904052735 606.42074294281
2021 90 1094 16.8127151489258 608.354364375114
2021 91 1095 18.4650627136231 608.014191792965
2021 92 1096 15.394303894043 594.340138338566
2021 93 1097 11.6267448425293 522.836691988945
2021 94 1098 11.3533912658692 545.699879823208
2021 95 1099 10.9631629943848 482.991723018169
2021 96 1100 10.8891235351563 544.786804866314
2021 97 1101 11.1856895446778 595.060765035629
2021 98 1102 10.7808624267578 618.009001181602
2021 99 1103 12.0387741088867 632.87367555809
2021 100 1104 10.7704597473145 632.112746159553
2021 101 1105 12.5320678710938 627.708400734901
2021 102 1106 12.2653099060059 585.52249766159
2021 103 1107 12.4362083435059 619.17276102829
2021 104 1108 11.5054794311524 654.774528346062
2021 105 1109 12.1518493652344 622.014981747627
2021 106 1110 11.4944625854492 623.116067095756
2021 107 1111 12.335954284668 629.400312809944
2021 108 1112 15.3961044311524 666.488102316856
2021 109 1113 14.1037651062012 659.147524929047
2021 110 1114 12.4638229370117 651.771146214485
2021 111 1115 11.7912384033203 627.02806565094
2021 112 1116 11.3139587402344 601.564325629234
2021 113 1117 11.2843452453614 609.12421487236
2021 114 1118 11.7612167358399 608.215603488922
2021 115 1119 12.0902153015137 444.238871927261
2021 116 1120 10.6669937133789 513.540130948067
2021 117 1121 11.7115913391114 647.715936304092
2021 118 1122 15.4585395812989 696.477014720917
2021 119 1123 16.3584533691406 683.545981937408
2021 120 1124 14.5236030578614 670.928259148598
2021 121 1125 13.3095108032227 642.899794979095
2021 122 1126 14.0535369873047 683.693707267761
2021 123 1127 16.7434745788574 705.357312255859
2021 124 1128 18.6519676208496 701.490113744736
2021 125 1129 17.8637176513672 692.869403045654
2021 126 1130 14.1281791687012 671.393764095306
2021 127 1131 13.6000762939453 710.988083961487
2021 128 1132 16.1201187133789 729.317137489319
2021 129 1133 18.6847892761231 714.30924873352
2021 130 1134 17.5599418640137 717.245463560104
2021 131 1135 18.1907020568848 721.627436683655
2021 132 1136 16.1039138793946 677.08718538708
2021 133 1137 14.8479858398438 660.069564187362
2021 134 1138 13.0807777404785 666.756672895212
2021 135 1139 12.2879272460938 575.527679419188
2021 136 1140 13.1822372436524 567.345640097741
2021 137 1141 12.8606582641602 610.592341729678
2021 138 1142 13.3603378295899 673.868971971415
2021 139 1143 13.442586517334 728.421945350453
2021 140 1144 12.3347526550293 746.38396255102
2021 141 1145 13.0799766540528 741.818497909792
2021 142 1146 13.0135360717774 717.715464203469
2021 143 1147 13.4013648986817 672.60674725391
2021 144 1148 14.1559921264649 712.662083292499
2021 145 1149 15.4871536254883 712.903793657795
2021 146 1150 14.4603706359864 743.734185421482
2021 147 1151 14.1555953979492 727.934053864166
2021 148 1152 15.0096794128418 661.569023341402
2021 149 1153 13.5982795715332 674.231521414444
2021 150 1154 14.3835235595703 723.261166814566
2021 151 1155 18.1606880187989 740.883000557244
2021 152 1156 18.401025390625 704.180150348425
2021 153 1157 15.7112861633301 669.115492930442
2021 154 1158 15.7937332153321 702.6046008071
2021 155 1159 17.0848709106446 721.157467501968
2021 156 1160 15.8859840393067 743.174702826828
2021 157 1161 16.3864723205567 748.098250148147
2021 158 1162 15.3120552062989 755.434348558485
2021 159 1163 13.652906036377 754.839045878202
2021 160 1164 13.4980140686035 763.517938269406
2021 161 1165 13.9975105285645 766.597394093692
2021 162 1166 15.2344108581543 756.611532705665
2021 163 1167 18.1834999084473 683.304278817356
2021 164 1168 18.7642303466797 635.438395453244
2021 165 1169 18.5397125244141 564.194551973522
2021 166 1170 17.2569747924805 733.470823603034
2021 167 1171 20.1128059387207 729.684153758287
